Date,Open,High,Low,Close,Volume
2001-01-01 00:00:00+09:00,273.87396240234375,273.87396240234375,273.87396240234375,273.87396240234375,0
2001-01-02 00:00:00+09:00,273.87396240234375,273.87396240234375,273.87396240234375,273.87396240234375,0
2001-01-03 00:00:00+09:00,273.87396240234375,273.87396240234375,273.87396240234375,273.87396240234375,0
2001-01-04 00:00:00+09:00,278.175654111024,278.6536191524519,274.8298988210289,276.2637939453125,78000
2001-01-05 00:00:00+09:00,271.0060024975455,271.0060024975455,265.27042572511067,268.1382141113281,72000
2001-01-08 00:00:00+09:00,268.1382141113281,268.1382141113281,268.1382141113281,268.1382141113281,0
2001-01-09 00:00:00+09:00,265.7485792627874,265.7485792627874,249.0198017912091,253.3214874267578,74000
2001-01-10 00:00:00+09:00,258.1011111758171,261.92483134138473,253.3214609688575,260.4909362792969,98000
2001-01-11 00:00:00+09:00,257.62315743236337,264.7926330566406,248.54182164161216,264.7926330566406,168000
2001-01-12 00:00:00+09:00,260.0129654255319,269.572265625,260.0129654255319,269.572265625,72000
2001-01-15 00:00:00+09:00,274.35188190283725,274.35188190283725,268.6163024902344,268.6163024902344,22000
2001-01-16 00:00:00+09:00,271.4841295676257,273.39598963500333,269.572269500248,271.00616455078125,37000
2001-01-17 00:00:00+09:00,271.4841711802405,272.44010136045256,263.3587646484375,263.3587646484375,28000
2001-01-18 00:00:00+09:00,267.18239626677143,285.8230285644531,267.18239626677143,285.8230285644531,125000
2001-01-19 00:00:00+09:00,285.82310091172644,298.72815730740643,285.82310091172644,290.1247863769531,126000
2001-01-22 00:00:00+09:00,286.7790132107662,289.16883832085597,282.9552930346227,283.4332580566406,34000
2001-01-23 00:00:00+09:00,286.3010146500899,286.3010146500899,279.60950512571384,282.477294921875,49000
2001-01-24 00:00:00+09:00,282.95525988790183,283.91118981995555,281.0434000237944,282.477294921875,60000
2001-01-25 00:00:00+09:00,292.03660519811666,292.03660519811666,286.301025390625,286.301025390625,86000
2001-01-26 00:00:00+09:00,283.4332027004076,284.3891325577446,273.3959391983696,274.829833984375,94000
2001-01-29 00:00:00+09:00,279.6094345719847,281.9992587990957,279.1314697265625,279.1314697265625,35000
2001-01-30 00:00:00+09:00,281.5213823170752,281.5213823170752,277.2196973580707,277.6976623535156,23000
2001-01-31 00:00:00+09:00,278.65353955036534,280.5653991699219,277.2196448356979,280.5653991699219,26000
2001-02-01 00:00:00+09:00,277.69758383540784,281.999267578125,277.69758383540784,281.999267578125,27000
2001-02-02 00:00:00+09:00,282.4773028436854,282.4773028436854,272.44003827563563,274.3518981933594,81000
2001-02-05 00:00:00+09:00,274.8299809506065,274.8299809506065,272.4401550292969,272.4401550292969,34000
2001-02-06 00:00:00+09:00,274.82988468553657,274.82988468553657,271.00616455078125,271.00616455078125,82000
2001-02-07 00:00:00+09:00,280.56536052085426,301.11784859989467,280.56536052085426,297.7720947265625,644000
2001-02-08 00:00:00+09:00,307.33151880900067,307.33151880900067,292.9925676981608,298.25018310546875,294000
2001-02-09 00:00:00+09:00,293.4705238775071,297.7722090809233,293.4705238775071,294.9044189453125,69000
2001-02-12 00:00:00+09:00,294.9044189453125,294.9044189453125,294.9044189453125,294.9044189453125,0
2001-02-13 00:00:00+09:00,294.90431723672833,294.90431723672833,290.6026335169057,291.5585632324219,54000
2001-02-14 00:00:00+09:00,287.7349745864621,296.33834591961215,287.7349745864621,295.3824157714844,64000
2001-02-15 00:00:00+09:00,295.8602484220764,295.8602484220764,290.6026349606179,292.0365295410156,20000
2001-02-16 00:00:00+09:00,294.90431723672833,294.90431723672833,291.5585632324219,291.5585632324219,32000
2001-02-19 00:00:00+09:00,291.0806854248047,301.1179504394531,290.60272042410713,301.1179504394531,74000
2001-02-20 00:00:00+09:00,301.1179504394531,301.1179504394531,300.16202043805805,301.1179504394531,68000
2001-02-21 00:00:00+09:00,303.5077948919504,323.58232620763846,300.1620396726691,319.75860595703125,489000
2001-02-22 00:00:00+09:00,310.1991882324219,316.41273129408825,307.8093639779348,310.1991882324219,127000
2001-02-23 00:00:00+09:00,310.6772829012106,313.0671081542969,307.3315275468899,313.0671081542969,57000
2001-02-26 00:00:00+09:00,315.4568297490823,315.4568297490823,309.2432861328125,309.2432861328125,69000
2001-02-27 00:00:00+09:00,310.6771530833193,311.1551179342167,308.76529367972967,310.1991882324219,115000
2001-02-28 00:00:00+09:00,309.24337895711267,309.24337895711267,298.25018310546875,298.25018310546875,180000
2001-03-01 00:00:00+09:00,299.2062061523437,302.073997265625,298.7282409667969,298.7282409667969,105000
2001-03-02 00:00:00+09:00,299.683989064762,299.683989064762,298.2500943802416,299.2060241699219,99000
2001-03-05 00:00:00+09:00,296.33834591961215,298.7281712899316,293.9485205492927,295.3824157714844,49000
2001-03-06 00:00:00+09:00,296.3383301901161,312.5891418457031,296.3383301901161,312.5891418457031,67000
2001-03-07 00:00:00+09:00,312.5890753643329,315.45686504657453,303.98570631760816,310.6772155761719,122000
2001-03-08 00:00:00+09:00,301.5958626705146,310.6771960948248,301.5958626705146,303.9856872558594,31000
2001-03-09 00:00:00+09:00,305.8975935570988,310.6772434564284,303.50776860743395,309.7213134765625,146000
2001-03-12 00:00:00+09:00,307.80939004148127,310.19921449832503,303.5077060191624,308.76531982421875,65000
2001-03-13 00:00:00+09:00,289.64681243896484,298.25018310546875,287.7349522908529,298.25018310546875,84000
2001-03-14 00:00:00+09:00,298.25018310546875,298.25018310546875,298.25018310546875,298.25018310546875,0
2001-03-15 00:00:00+09:00,292.51465788810486,296.33837890625,290.60279737903227,296.33837890625,85000
2001-03-16 00:00:00+09:00,296.33837890625,301.11803017893146,296.33837890625,296.33837890625,36000
2001-03-19 00:00:00+09:00,296.3383508418534,304.4637572359042,296.3383508418534,297.2942810058594,50000
2001-03-20 00:00:00+09:00,297.2942810058594,297.2942810058594,297.2942810058594,297.2942810058594,0
2001-03-21 00:00:00+09:00,296.33826716496395,310.6772155761719,296.33826716496395,310.6772155761719,65000
2001-03-22 00:00:00+09:00,310.6771530833193,315.45680159229346,310.1991882324219,310.1991882324219,202000
2001-03-23 00:00:00+09:00,300.6399180487466,310.19921591993096,300.6399180487466,309.2432861328125,38000
2001-03-26 00:00:00+09:00,311.63320166744404,320.236572265625,309.2433765012826,320.236572265625,140000
2001-03-27 00:00:00+09:00,325.5416746700511,335.18735391953413,323.13025485768037,327.9530944824219,294000
2001-03-28 00:00:00+09:00,330.3644662065379,330.3644662065379,326.5061950683594,326.5061950683594,49000
2001-03-29 00:00:00+09:00,323.1303257949306,328.43545054678765,317.34291697472287,323.61260986328125,207000
2001-03-30 00:00:00+09:00,323.6125941034573,332.2937069110016,323.13031005859375,323.13031005859375,79000
2001-04-02 00:00:00+09:00,323.13037461684013,323.13037461684013,309.1441345214844,309.1441345214844,85000
2001-04-03 00:00:00+09:00,313.48456763648414,323.61253059089364,313.48456763648414,321.20111083984375,48000
2001-04-04 00:00:00+09:00,314.44912597656247,328.43536010742184,313.48455810546875,325.5416564941406,160000
2001-04-05 00:00:00+09:00,349.6557942708333,368.9471484375,349.6557942708333,361.712890625,706000
2001-04-06 00:00:00+09:00,376.181548542588,376.181548542588,355.92561900567944,361.2307434082031,234000
2001-04-09 00:00:00+09:00,358.33704487003695,361.23074913547464,349.1736480294842,352.0673522949219,89000
2001-04-10 00:00:00+09:00,347.2443123653017,352.06715003704204,344.83289352943154,349.6557312011719,58000
2001-04-11 00:00:00+09:00,347.2444096779337,354.4786682128906,345.3152740686118,354.4786682128906,99000
2001-04-12 00:00:00+09:00,355.925519919882,355.925519919882,347.2444096779337,354.4786682128906,77000
2001-04-13 00:00:00+09:00,352.0673467129349,361.2307434082031,350.1382105665627,361.2307434082031,81000
2001-04-16 00:00:00+09:00,361.23055574358074,364.12425845981767,356.8900016692253,358.33685302734375,58000
2001-04-17 00:00:00+09:00,357.85467425577,368.94720458984375,356.89010640063316,368.94720458984375,125000
2001-04-18 00:00:00+09:00,376.18149640063564,397.88427503913385,373.28779258216923,395.95513916015625,840000
2001-04-19 00:00:00+09:00,395.955219225722,397.8843554947876,382.4512653422625,384.3804016113281,292000
2001-04-20 00:00:00+09:00,385.82725154543385,402.7071938005466,385.82725154543385,397.4020690917969,439000
2001-04-23 00:00:00+09:00,397.8843688964844,401.7426415645715,395.9552325624408,397.8843688964844,192000
2001-04-24 00:00:00+09:00,394.50836470520613,397.88435315622866,389.6855240608882,397.4020690917969,64000
2001-04-25 00:00:00+09:00,393.0613309420072,409.4589815579928,392.5790471003606,407.52984619140625,229000
2001-04-26 00:00:00+09:00,393.0613309420072,409.4589815579928,392.5790471003606,407.52984619140625,229000
2001-04-27 00:00:00+09:00,397.88430976867676,400.29572982788085,385.34492546081543,385.82720947265625,170000
2001-04-30 00:00:00+09:00,385.82720947265625,385.82720947265625,385.82720947265625,385.82720947265625,0
2001-05-01 00:00:00+09:00,390.650107643821,400.2957893140388,390.650107643821,397.8843688964844,126000
2001-05-02 00:00:00+09:00,400.2957261029412,412.3528262867647,400.2957261029412,409.94140625,474000
2001-05-03 00:00:00+09:00,409.94140625,409.94140625,409.94140625,409.94140625,0
2001-05-04 00:00:00+09:00,409.94140625,409.94140625,409.94140625,409.94140625,0
2001-05-07 00:00:00+09:00,409.94117493612566,409.94117493612566,404.153770113498,408.49432373046875,900
2001-05-08 00:00:00+09:00,413.3172912597656,414.7641429211183,408.97673627570737,413.3172912597656,2100
2001-05-09 00:00:00+09:00,410.9060607764487,410.9060607764487,398.8489580541351,404.1540832519531,1100
2001-05-10 00:00:00+09:00,394.50823157371457,400.29563839386685,394.50823157371457,399.8133544921875,500
2001-05-11 00:00:00+09:00,401.7426415645715,405.1186301491477,397.8843688964844,397.8843688964844,900
2001-05-14 00:00:00+09:00,397.88427036186863,397.88427036186863,390.6500109007438,392.09686279296875,700
2001-05-15 00:00:00+09:00,390.64993690041933,397.8841949911679,388.7208014095531,393.54364013671875,37000
2001-05-16 00:00:00+09:00,393.5436193994729,400.29559326171875,393.5436193994729,400.29559326171875,73000
2001-05-17 00:00:00+09:00,409.94132500190244,419.5870032372413,366.53577294287743,371.3586120605469,882000
2001-05-18 00:00:00+09:00,376.18154158682194,387.7563582510318,376.18154158682194,383.4158020019531,374000
2001-05-21 00:00:00+09:00,378.59288210796217,382.45115351797966,378.59288210796217,380.03973388671875,84000
2001-05-22 00:00:00+09:00,381.0043029785156,383.41572261762013,381.0043029785156,381.0043029785156,86000
2001-05-23 00:00:00+09:00,381.0043029785156,383.89800654544104,380.0397351228738,381.0043029785156,37000
2001-05-24 00:00:00+09:00,381.0043447989005,391.6145923755787,381.0043447989005,390.6500244140625,147000
2001-05-25 00:00:00+09:00,394.99058024088544,394.99058024088544,388.7208884910301,390.6500244140625,64000
2001-05-28 00:00:00+09:00,387.7563455200195,387.7563455200195,383.898073425293,385.82720947265625,38000
2001-05-29 00:00:00+09:00,385.8272518816992,387.7563881411077,382.4512634277344,382.4512634277344,30000
2001-05-30 00:00:00+09:00,381.004376648338,382.4512287115595,378.59295654296875,378.59295654296875,64000
2001-05-31 00:00:00+09:00,376.18153115549393,377.62838319839966,372.32325904107864,373.7701110839844,87000
2001-06-01 00:00:00+09:00,374.25232798902294,381.0043029785156,371.3586244220975,381.0043029785156,104000
2001-06-04 00:00:00+09:00,389.203129751471,389.203129751471,379.5574511950529,381.0043029785156,51000
2001-06-05 00:00:00+09:00,385.8271073321907,385.8271073321907,376.1814296488859,378.1105651855469,29000
2001-06-06 00:00:00+09:00,378.59295654296875,381.004376648338,378.1106725218949,378.59295654296875,84000
2001-06-07 00:00:00+09:00,377.1459324613531,385.3447570800781,371.84081064923686,385.3447570800781,42000
2001-06-08 00:00:00+09:00,383.4158391209851,390.1678161621094,378.59299837732493,390.1678161621094,103000
2001-06-11 00:00:00+09:00,389.6854890276672,389.6854890276672,376.1815364375995,378.59295654296875,89000
2001-06-12 00:00:00+09:00,378.5929237590404,381.00434365559477,376.6637878417969,376.6637878417969,84000
2001-06-13 00:00:00+09:00,375.69919422763684,381.00431763778323,374.734626334883,380.52203369140625,46000
2001-06-14 00:00:00+09:00,380.5220190506947,381.0043029785156,376.18146370030655,381.0043029785156,52000
2001-06-15 00:00:00+09:00,380.5220745380108,380.5220745380108,372.80553056765825,376.1815185546875,55000
2001-06-18 00:00:00+09:00,371.8409469271502,376.18150272785624,371.358662949294,375.69921875,60000
2001-06-19 00:00:00+09:00,368.94711879973715,372.3231055077086,362.1951453837942,362.67742919921875,50000
2001-06-20 00:00:00+09:00,362.6774953741776,368.9471861186781,362.6774953741776,366.5357666015625,56000
2001-06-21 00:00:00+09:00,364.1243533840427,376.1814511782163,364.1243533840427,371.3586120605469,62000
2001-06-22 00:00:00+09:00,376.1815364375995,378.59295654296875,373.2878323111565,378.59295654296875,22000
2001-06-25 00:00:00+09:00,382.93341064453125,385.34483010702826,382.93341064453125,382.93341064453125,16000
2001-06-26 00:00:00+09:00,382.9333596560034,390.16761708023523,382.9333596560034,389.6853332519531,59000
2001-06-27 00:00:00+09:00,389.203049423671,389.6853332519531,385.82706262569616,389.6853332519531,31000
2001-06-28 00:00:00+09:00,389.203129751471,389.203129751471,378.11059941159016,381.0043029785156,27000
2001-06-29 00:00:00+09:00,385.8271192136845,388.2385387087701,376.1814412333424,386.79168701171875,105000
2001-07-02 00:00:00+09:00,391.61456298828125,392.5791308774149,386.7917235426128,391.61456298828125,116000
2001-07-03 00:00:00+09:00,393.06151251191073,399.33120534952405,393.06151251191073,397.4020690917969,76000
2001-07-04 00:00:00+09:00,395.4729026938384,395.4729026938384,381.00438186357604,383.4158020019531,54000
2001-07-05 00:00:00+09:00,385.82720235812883,394.50831441118675,385.82720235812883,393.06146240234375,71000
2001-07-06 00:00:00+09:00,385.34492546081543,389.6854815673828,381.9689373779297,385.82720947265625,31000
2001-07-09 00:00:00+09:00,383.89799181218393,383.89799181218393,377.6283009911307,381.486572265625,39000
2001-07-10 00:00:00+09:00,381.4866533660889,385.82720947265625,381.00436935424807,385.82720947265625,29000
2001-07-11 00:00:00+09:00,381.0043390232101,381.0043390232101,372.8055114746094,372.8055114746094,77000
2001-07-12 00:00:00+09:00,370.39416787790697,380.52213340581847,367.5004634413608,373.2878723144531,114000
2001-07-13 00:00:00+09:00,374.73470672488367,374.73470672488367,370.8764343261719,370.8764343261719,71000
2001-07-16 00:00:00+09:00,370.39419468015666,370.39419468015666,366.535921818905,369.42962646484375,12000
2001-07-17 00:00:00+09:00,368.9472709409652,373.7701110839844,368.9472709409652,373.7701110839844,55000
2001-07-18 00:00:00+09:00,371.3586120605469,373.7700316193816,371.3586120605469,371.3586120605469,47000
2001-07-19 00:00:00+09:00,367.01805050498564,371.3586056357936,366.5357666015625,366.5357666015625,35000
2001-07-20 00:00:00+09:00,366.5357666015625,366.5357666015625,366.5357666015625,366.5357666015625,0
2001-07-23 00:00:00+09:00,366.5358253761574,366.5358253761574,362.1952695493345,364.606689453125,68000
2001-07-24 00:00:00+09:00,361.23065931443006,367.01806640625,361.23065931443006,367.01806640625,57000
2001-07-25 00:00:00+09:00,367.0180626471311,367.0180626471311,357.37238425955866,364.1243591308594,40000
2001-07-26 00:00:00+09:00,368.94724642066654,368.94724642066654,361.712986686928,365.5712585449219,32000
2001-07-27 00:00:00+09:00,363.64215087890625,368.94727509597254,363.64215087890625,363.64215087890625,42000
2001-07-30 00:00:00+09:00,361.71301479997305,363.64215087890625,354.4787545039736,363.64215087890625,32000
2001-07-31 00:00:00+09:00,361.7130274447962,361.7130274447962,356.89018707886555,361.2307434082031,21000
2001-08-01 00:00:00+09:00,361.71300656792397,371.3586867430686,361.71300656792397,369.9118347167969,79000
2001-08-02 00:00:00+09:00,370.87632814878,371.3586120605469,368.46490858994525,371.3586120605469,54000
2001-08-03 00:00:00+09:00,373.2877954480565,375.2169313418449,371.35865955426806,372.8055114746094,52000
2001-08-06 00:00:00+09:00,372.80551488286267,378.5929226171374,372.80551488286267,375.69921875,40000
2001-08-07 00:00:00+09:00,374.73461191684385,381.0043029785156,374.73461191684385,381.0043029785156,65000
2001-08-08 00:00:00+09:00,381.0043029785156,381.0043029785156,376.18146370030655,381.0043029785156,15000
2001-08-09 00:00:00+09:00,373.77006707277275,376.66377081785225,373.77006707277275,375.2169189453125,20000
2001-08-10 00:00:00+09:00,371.3586686101798,373.77008853621993,367.5003967285156,367.5003967285156,70000
2001-08-13 00:00:00+09:00,371.3586867430686,371.3586867430686,361.71300656792397,369.9118347167969,29000
2001-08-14 00:00:00+09:00,362.19517447916667,366.53572916666667,361.712890625,361.712890625,30000
2001-08-15 00:00:00+09:00,359.3015080502159,366.5357666015625,359.3015080502159,366.5357666015625,38000
2001-08-16 00:00:00+09:00,357.3722629015189,367.0179380135707,357.3722629015189,363.15966796875,45000
2001-08-17 00:00:00+09:00,363.64195172435257,363.64195172435257,363.15966796875,363.15966796875,7000
2001-08-20 00:00:00+09:00,364.124347084447,368.9471861186781,363.64206318102384,366.5357666015625,33000
2001-08-21 00:00:00+09:00,367.0180626471311,371.84090184091735,364.1243591308594,364.1243591308594,88000
2001-08-22 00:00:00+09:00,364.1242909271445,364.1242909271445,359.30145263671875,359.30145263671875,21000
2001-08-23 00:00:00+09:00,357.37245124610695,361.23072332433753,356.8901672363281,356.8901672363281,28000
2001-08-24 00:00:00+09:00,356.89007699971575,358.81921255106556,356.89007699971575,357.8546447753906,74000
2001-08-27 00:00:00+09:00,356.8901672363281,357.37245124610695,356.4078832265493,356.8901672363281,29000
2001-08-28 00:00:00+09:00,356.8902816772461,358.33713417053224,347.2445983886719,347.2445983886719,54000
2001-08-29 00:00:00+09:00,342.4216169796602,344.3507528499681,327.9530979523506,330.8468017578125,77000
2001-08-30 00:00:00+09:00,321.20115306765535,331.8114013671875,318.30744898596475,331.8114013671875,57000
2001-08-31 00:00:00+09:00,317.3427329615543,322.64785463720335,316.37816538416354,320.7187194824219,58000
2001-09-03 00:00:00+09:00,320.71884369181697,320.71884369181697,306.25032442752445,309.6263122558594,75000
2001-09-04 00:00:00+09:00,307.69717635395375,309.6263122558594,306.25032442752445,309.6263122558594,162000
2001-09-05 00:00:00+09:00,309.6262715982553,309.6262715982553,301.4274450917594,301.90972900390625,41000
2001-09-06 00:00:00+09:00,303.8389078776042,312.52001953125,303.3566238968461,312.52001953125,52000
2001-09-07 00:00:00+09:00,306.2502810456032,311.0731201171875,303.83886150981107,311.0731201171875,61000
2001-09-10 00:00:00+09:00,306.25035042266364,306.25035042266364,301.4275102585272,305.76806640625,44000
2001-09-11 00:00:00+09:00,305.2857495989118,305.2857495989118,299.49834202357704,303.8388977050781,26000
2001-09-12 00:00:00+09:00,289.37038027007003,289.37038027007003,279.7247009277344,279.7247009277344,57000
2001-09-13 00:00:00+09:00,279.72461661645923,284.5474548339844,274.901778398934,284.5474548339844,60000
2001-09-14 00:00:00+09:00,289.37041183997843,293.7109680175781,285.5121396821121,293.7109680175781,43000
2001-09-17 00:00:00+09:00,280.6892541566937,282.6183899240937,275.86641473819384,280.20697021484375,66000
2001-09-18 00:00:00+09:00,275.3841888057504,289.3704260655871,275.3841888057504,278.27789306640625,160000
2001-09-19 00:00:00+09:00,279.7247242647059,290.3349724264706,278.27787224264705,286.958984375,171000
2001-09-20 00:00:00+09:00,282.1360357252218,284.5474548339844,277.79548132944916,284.5474548339844,84000
2001-09-21 00:00:00+09:00,283.5830611379523,283.5830611379523,274.9019470214844,274.9019470214844,36000
2001-09-24 00:00:00+09:00,274.9019470214844,274.9019470214844,274.9019470214844,274.9019470214844,0
2001-09-25 00:00:00+09:00,283.6288744055707,287.99239555027174,278.780517578125,278.780517578125,31000
2001-09-26 00:00:00+09:00,269.08383397495044,273.44735560697666,263.7506408691406,263.7506408691406,157000
2001-09-27 00:00:00+09:00,261.8113089425223,262.2961446998233,252.114593796503,254.5387725830078,132000
2001-09-28 00:00:00+09:00,254.5387725830078,254.5387725830078,254.5387725830078,254.5387725830078,0
2001-10-01 00:00:00+09:00,256.96287636444947,261.3263969064873,255.99320513288552,259.3870544433594,64000
2001-10-02 00:00:00+09:00,261.81125210530445,261.81125210530445,252.5993747164141,253.5690460205078,94000
2001-10-03 00:00:00+09:00,256.9630189375444,256.9630189375444,253.08433185924181,255.99334716796875,234000
2001-10-04 00:00:00+09:00,259.3871612548828,276.3564147949219,259.3871612548828,276.3564147949219,214000
2001-10-05 00:00:00+09:00,278.29571533203125,278.7805510730278,275.3867008860518,278.29571533203125,89000
2001-10-08 00:00:00+09:00,278.29571533203125,278.29571533203125,278.29571533203125,278.29571533203125,0
2001-10-09 00:00:00+09:00,266.6596590287,269.0838377471427,264.23548031025723,268.1141662597656,61000
2001-10-10 00:00:00+09:00,266.1748900370243,277.81095080367015,264.23554657591666,267.1445617675781,150000
2001-10-11 00:00:00+09:00,266.6596367563759,276.8411865234375,266.6596367563759,276.8411865234375,123000
2001-10-12 00:00:00+09:00,279.75018894361415,280.7198603091033,276.3563391644022,278.780517578125,65000
2001-10-15 00:00:00+09:00,278.2956818953804,278.780517578125,273.9321607506794,278.780517578125,20000
2001-10-16 00:00:00+09:00,278.780517578125,278.780517578125,272.9624893851902,278.780517578125,35000
2001-10-17 00:00:00+09:00,278.7805691571303,278.7805691571303,272.4777041153169,275.38671875,44000
2001-10-18 00:00:00+09:00,271.02323001334224,272.96257334080804,270.0535583496094,270.0535583496094,87000
2001-10-19 00:00:00+09:00,268.1141553337191,274.90185546875,268.1141553337191,274.90185546875,22000
2001-10-22 00:00:00+09:00,273.9321936630621,278.29571533203125,273.4473579220655,278.29571533203125,17000
2001-10-23 00:00:00+09:00,278.7805031085836,281.68951705406454,272.4776395600417,281.2046813964844,104000
2001-10-24 00:00:00+09:00,279.75015914200134,289.9317073950031,279.75015914200134,288.9620361328125,76000
2001-10-25 00:00:00+09:00,290.90148014808767,295.74983815055583,288.9621369471005,292.3559875488281,161000
2001-10-26 00:00:00+09:00,292.3559997762384,292.3559997762384,288.4773132120429,290.4166564941406,37000
2001-10-29 00:00:00+09:00,289.93168013063195,289.93168013063195,283.14398193359375,283.14398193359375,8000
2001-10-30 00:00:00+09:00,280.23499008041244,282.1743325723184,269.0837707519531,269.0837707519531,69000
2001-10-31 00:00:00+09:00,269.0837707519531,271.0231132438591,267.14442826004716,269.0837707519531,34000
2001-11-01 00:00:00+09:00,267.1445343017578,269.08387756347656,266.6596984863281,266.6596984863281,55000
2001-11-02 00:00:00+09:00,268.11416328512803,269.08383476174697,267.6293275468186,268.5989990234375,26000
2001-11-05 00:00:00+09:00,269.56866971184223,270.05350544873403,262.2961336584652,263.7506408691406,58000
2001-11-06 00:00:00+09:00,260.8416503223021,266.1748439162525,259.8719787597656,259.8719787597656,43000
2001-11-07 00:00:00+09:00,266.174761894054,266.174761894054,257.44772052047847,257.93255615234375,58000
2001-11-08 00:00:00+09:00,258.4173832117954,259.3870544433594,256.96287636444947,259.3870544433594,32000
2001-11-09 00:00:00+09:00,259.3870544433594,259.3870544433594,259.3870544433594,259.3870544433594,0
2001-11-12 00:00:00+09:00,261.81129868710514,269.08383476174697,261.3264629487957,268.5989990234375,34000
2001-11-13 00:00:00+09:00,271.50799378831,279.75020074259794,271.50799378831,276.8411865234375,102000
2001-11-14 00:00:00+09:00,276.3564147949219,278.7805938720703,276.3564147949219,276.3564147949219,45000
2001-11-15 00:00:00+09:00,274.90183211616846,278.780517578125,273.9321607506794,278.780517578125,71000
2001-11-16 00:00:00+09:00,273.93223571777344,278.29575805664064,273.93223571777344,276.3564147949219,52000
2001-11-19 00:00:00+09:00,276.35638728083126,276.8412230479906,274.90187997935317,275.8715515136719,32000
2001-11-20 00:00:00+09:00,276.8411764591298,276.8411764591298,271.50798391788567,273.44732666015625,57000
2001-11-21 00:00:00+09:00,273.93220844503446,276.35638728083126,273.93220844503446,275.8715515136719,21000
2001-11-22 00:00:00+09:00,275.8715883320067,277.326095827606,270.0535583496094,270.0535583496094,58000
2001-11-23 00:00:00+09:00,270.0535583496094,270.0535583496094,270.0535583496094,270.0535583496094,0
2001-11-26 00:00:00+09:00,277.8109466979554,279.2654542722902,276.35643912362053,277.32611083984375,24000
2001-11-27 00:00:00+09:00,277.3259989947647,280.7198486328125,277.3259989947647,280.7198486328125,16000
2001-11-28 00:00:00+09:00,280.23503644579137,280.23503644579137,274.90184371066385,276.8411865234375,17000
2001-11-29 00:00:00+09:00,277.3260438500381,280.7198940370141,277.3260438500381,278.29571533203125,42000
2001-11-30 00:00:00+09:00,276.3564147949219,277.3260864257813,276.3564147949219,276.3564147949219,10000
2001-12-03 00:00:00+09:00,281.2047078521782,284.5985577745321,276.8411865234375,276.8411865234375,17000
2001-12-04 00:00:00+09:00,276.8411865234375,278.78052933621115,275.8715151170507,276.8411865234375,43000
2001-12-05 00:00:00+09:00,277.3260379367405,279.75021659003363,273.93218782213,279.265380859375,40000
2001-12-06 00:00:00+09:00,281.6895186084812,286.05303955078125,276.8411620059256,286.05303955078125,29000
2001-12-07 00:00:00+09:00,285.5681485545878,286.05298412089445,283.14397072305485,285.08331298828125,55000
2001-12-10 00:00:00+09:00,287.5075921474359,287.5075921474359,282.17439903846156,283.62890625,77000
2001-12-11 00:00:00+09:00,284.59859380086266,292.8408017985026,284.59859380086266,290.9014587402344,78000
2001-12-12 00:00:00+09:00,290.9014475073799,298.65881944091,290.9014475073799,297.68914794921875,58000
2001-12-13 00:00:00+09:00,298.1739327988187,301.08294677734375,298.1739327988187,301.08294677734375,37000
2001-12-14 00:00:00+09:00,300.59814353067367,300.59814353067367,295.7497863769531,295.7497863769531,182000
2001-12-17 00:00:00+09:00,290.9014830718169,290.9014830718169,286.5379608257397,287.0227966308594,27000
2001-12-18 00:00:00+09:00,285.5682373046875,289.44692304057463,281.2047158518145,285.5682373046875,25000
2001-12-19 00:00:00+09:00,285.56827688379906,285.56827688379906,283.628933747067,284.11376953125,25000
2001-12-20 00:00:00+09:00,284.59858438578664,288.47727037400864,284.59858438578664,287.5075988769531,32000
2001-12-21 00:00:00+09:00,286.05312502062,287.0227966308594,285.5682892155003,287.0227966308594,28000
2001-12-24 00:00:00+09:00,287.0227966308594,287.0227966308594,287.0227966308594,287.0227966308594,0
2001-12-25 00:00:00+09:00,287.02271087129236,289.4468891725702,286.05303955078125,286.05303955078125,30000
2001-12-26 00:00:00+09:00,287.02276312842537,287.5075988769531,285.0834201343144,287.5075988769531,10000
2001-12-27 00:00:00+09:00,286.0530730216734,286.53790873865927,283.1440587197581,285.5682373046875,14000
2001-12-28 00:00:00+09:00,290.4165964110927,295.7497893335001,289.9317606908739,295.26495361328125,18000
2001-12-31 00:00:00+09:00,295.26495361328125,295.26495361328125,295.26495361328125,295.26495361328125,0
2002-01-01 00:00:00+09:00,295.26495361328125,295.26495361328125,295.26495361328125,295.26495361328125,0
2002-01-02 00:00:00+09:00,295.26495361328125,295.26495361328125,295.26495361328125,295.26495361328125,0
2002-01-03 00:00:00+09:00,295.26495361328125,295.26495361328125,295.26495361328125,295.26495361328125,0
2002-01-04 00:00:00+09:00,290.4166626283272,290.90149845909235,288.96215513603175,289.4469909667969,13000
2002-01-07 00:00:00+09:00,289.44695743828714,290.4166289874941,288.96212166368366,289.9317932128906,8000
2002-01-08 00:00:00+09:00,288.4771622735458,289.4468334072384,279.7501220703125,279.7501220703125,34000
2002-01-09 00:00:00+09:00,280.2349576371588,281.2046287708514,279.7501220703125,279.7501220703125,34000
2002-01-10 00:00:00+09:00,276.84120220608185,279.265380859375,276.84120220608185,279.265380859375,15000
2002-01-11 00:00:00+09:00,287.5075615416182,287.5075615416182,270.0534768611827,273.44732666015625,44000
2002-01-14 00:00:00+09:00,273.44732666015625,273.44732666015625,273.44732666015625,273.44732666015625,0
2002-01-15 00:00:00+09:00,271.5080171791741,278.29571760865343,271.5080171791741,272.9625244140625,27000
2002-01-16 00:00:00+09:00,273.44733660108363,276.8411865234375,273.44733660108363,276.8411865234375,17000
2002-01-17 00:00:00+09:00,281.20458613141494,281.20458613141494,271.0230407714844,271.0230407714844,20000
2002-01-18 00:00:00+09:00,271.5079345703125,271.5079345703125,267.1444141932896,271.5079345703125,20000
2002-01-21 00:00:00+09:00,271.508056640625,276.84125061035155,270.53838500976565,276.3564147949219,39000
2002-01-22 00:00:00+09:00,276.3564147949219,276.3564147949219,263.75068359375,266.6596984863281,62000
2002-01-23 00:00:00+09:00,266.65970752654425,271.5080658452087,262.29618503974626,270.0535583496094,46000
2002-01-24 00:00:00+09:00,265.2050857681412,269.0837707519531,264.7202501451647,269.0837707519531,92000
2002-01-25 00:00:00+09:00,269.0837707519531,270.5382776208826,269.0837707519531,269.0837707519531,27000
2002-01-28 00:00:00+09:00,268.59895691136734,270.5382995605469,266.6596142621878,270.5382995605469,28000
2002-01-29 00:00:00+09:00,270.0533697848243,271.5078762648144,264.72017935819406,271.0230407714844,63000
2002-01-30 00:00:00+09:00,267.1443568248442,271.5078762648144,259.3869889315638,271.0230407714844,52000
2002-01-31 00:00:00+09:00,271.0230407714844,271.0230407714844,271.0230407714844,271.0230407714844,0
2002-02-01 00:00:00+09:00,257.4478548223322,259.8720342462713,249.69048066572708,255.99334716796875,88000
2002-02-04 00:00:00+09:00,259.3871261089049,259.3871261089049,247.75106811523438,247.75106811523438,18000
2002-02-05 00:00:00+09:00,247.2662362234933,255.50844409760975,246.78140046619234,254.5387725830078,27000
2002-02-06 00:00:00+09:00,249.69038393933758,262.2961120605469,249.69038393933758,262.2961120605469,28000
2002-02-07 00:00:00+09:00,255.0235823311036,262.29611794891076,255.0235823311036,261.3264465332031,16000
2002-02-08 00:00:00+09:00,256.9629022286419,258.4174092223889,252.11454558281844,255.0235595703125,44000
2002-02-11 00:00:00+09:00,255.0235595703125,255.0235595703125,255.0235595703125,255.0235595703125,0
2002-02-12 00:00:00+09:00,254.53874090903346,262.2961120605469,254.05390521206388,262.2961120605469,39000
2002-02-13 00:00:00+09:00,262.2960582188198,272.4776057652065,262.2960582188198,271.5079345703125,74000
2002-02-14 00:00:00+09:00,272.96253691071576,278.780566116628,269.5686865406003,275.8715515136719,57000
2002-02-15 00:00:00+09:00,275.38669119268076,275.38669119268076,270.538333953373,274.90185546875,20000
2002-02-18 00:00:00+09:00,271.02313522284174,274.9018205212009,270.5382995605469,270.5382995605469,7000
2002-02-19 00:00:00+09:00,270.53839418147584,271.5080658452087,269.0838866858765,270.0535583496094,25000
2002-02-20 00:00:00+09:00,274.9018205212009,274.9018205212009,269.0837925736622,270.5382995605469,38000
2002-02-21 00:00:00+09:00,271.0230407714844,271.5078762648144,266.65952133151416,271.0230407714844,60000
2002-02-22 00:00:00+09:00,271.5079708851367,271.5079708851367,270.5382995605469,270.5382995605469,26000
2002-02-25 00:00:00+09:00,270.5382995605469,271.99280654743154,270.5382995605469,270.5382995605469,24000
2002-02-26 00:00:00+09:00,270.53839418147584,271.5080658452087,266.65970752654425,270.0535583496094,25000
2002-02-27 00:00:00+09:00,271.5079345703125,271.5079345703125,269.08375658307756,271.5079345703125,32000
2002-02-28 00:00:00+09:00,271.5080658452087,271.5080658452087,269.0838866858765,270.0535583496094,52000
2002-03-01 00:00:00+09:00,274.9017837524414,274.9017837524414,270.5382633754185,271.5079345703125,26000
2002-03-04 00:00:00+09:00,271.50796824488145,281.2046813964844,271.0231325873013,281.2046813964844,122000
2002-03-05 00:00:00+09:00,286.05298412089445,286.537819687201,280.23495732521525,285.08331298828125,72000
2002-03-06 00:00:00+09:00,285.0834845696296,285.0834845696296,277.32611083984375,277.32611083984375,26000
2002-03-07 00:00:00+09:00,283.62888636814523,283.62888636814523,276.8411865234375,276.8411865234375,27000
2002-03-08 00:00:00+09:00,273.9320537314645,278.7804086647648,271.0230407714844,271.0230407714844,141000
2002-03-11 00:00:00+09:00,280.2350246263587,281.2046959918478,275.8715034816576,278.780517578125,40000
2002-03-12 00:00:00+09:00,279.75018894361415,283.6288744055707,278.780517578125,278.780517578125,26000
2002-03-13 00:00:00+09:00,272.47776003237124,273.9322676482024,261.8113708496094,261.8113708496094,54000
2002-03-14 00:00:00+09:00,261.8113061937235,261.8113061937235,256.96294867161754,257.4477844238281,51000
2002-03-15 00:00:00+09:00,265.2051262423644,265.2051262423644,260.35676927266854,262.2961120605469,38000
2002-03-18 00:00:00+09:00,267.1444880214306,269.083830947176,264.2354736328125,264.2354736328125,47000
2002-03-19 00:00:00+09:00,265.68998982897546,266.65966132470163,262.7809753417969,262.7809753417969,47000
2002-03-20 00:00:00+09:00,264.235550209328,264.235550209328,261.8113708496094,261.8113708496094,84000
2002-03-21 00:00:00+09:00,261.8113708496094,261.8113708496094,261.8113708496094,261.8113708496094,0
2002-03-22 00:00:00+09:00,261.81128519618375,263.2657923361626,259.8719423428787,260.84161376953125,58000
2002-03-25 00:00:00+09:00,261.8113708496094,264.235550209328,261.3265349776657,261.8113708496094,34000
2002-03-26 00:00:00+09:00,263.76148454145954,269.12447221235794,263.76148454145954,268.1493835449219,18000
2002-03-27 00:00:00+09:00,268.1493835449219,268.1493835449219,265.7116618763317,268.1493835449219,14000
2002-03-28 00:00:00+09:00,268.63692692147214,269.12447125345307,264.736572265625,264.736572265625,24000
2002-03-29 00:00:00+09:00,266.19920526156767,270.0995599174148,264.24902793364413,264.736572265625,29000
2002-04-01 00:00:00+09:00,264.7365371873018,264.7365371873018,263.27390438516204,264.2489929199219,18000
2002-04-02 00:00:00+09:00,263.27400420631113,263.27400420631113,258.398559683972,261.8113708496094,30000
2002-04-03 00:00:00+09:00,260.3486758825914,261.81130889316773,255.96077685086235,258.39849853515625,31000
2002-04-04 00:00:00+09:00,259.86107478887124,262.78634017110994,258.885986328125,258.885986328125,32000
2002-04-05 00:00:00+09:00,260.8361830482624,264.2489929199219,260.8361830482624,264.2489929199219,37000
2002-04-08 00:00:00+09:00,264.7365326096963,266.1991653865455,263.7614440917969,263.7614440917969,45000
2002-04-09 00:00:00+09:00,264.7365732088956,268.1493835449219,263.76148454145954,268.1493835449219,38000
2002-04-10 00:00:00+09:00,268.1493453292159,270.5870666503906,265.71162400804127,270.5870666503906,70000
2002-04-11 00:00:00+09:00,269.61197986110113,271.0746126632409,264.2489929199219,264.2489929199219,60000
2002-04-12 00:00:00+09:00,264.249056310821,277.9002990722656,264.249056310821,277.9002990722656,167000
2002-04-15 00:00:00+09:00,277.900141764609,278.38768587296795,273.9997888977373,277.41259765625,82000
2002-04-16 00:00:00+09:00,275.9501383100237,275.9501383100237,270.58714975629533,273.0248718261719,43000
2002-04-17 00:00:00+09:00,272.04966956097144,280.3379211425781,271.074581139606,280.3379211425781,64000
2002-04-18 00:00:00+09:00,277.9002721258934,277.9002721258934,272.5372844182008,274.9750061035156,56000
2002-04-19 00:00:00+09:00,275.46242122281416,278.8752299813269,273.5122447893783,277.41259765625,28000
2002-04-22 00:00:00+09:00,279.36287543569057,280.3379640061467,275.950065439094,278.3877868652344,26000
2002-04-23 00:00:00+09:00,275.9500822685134,277.9002595283616,274.48744932362735,276.9251708984375,35000
2002-04-24 00:00:00+09:00,278.3877550935092,284.725830078125,278.3877550935092,284.725830078125,53000
2002-04-25 00:00:00+09:00,285.700941412882,290.088839830486,285.2133971442593,287.16357421875,82000
2002-04-26 00:00:00+09:00,287.1635085125359,287.1635085125359,280.82543447066325,286.67596435546875,40000
2002-04-29 00:00:00+09:00,286.67596435546875,286.67596435546875,286.67596435546875,286.67596435546875,0
2002-04-30 00:00:00+09:00,286.6759958814538,286.6759958814538,278.38774429984716,280.3379211425781,44000
2002-05-01 00:00:00+09:00,282.28818567787727,282.28818567787727,278.38783078077364,279.8504638671875,25000
2002-05-02 00:00:00+09:00,284.7257785231239,284.7257785231239,279.36279296875,279.36279296875,13000
2002-05-03 00:00:00+09:00,279.36279296875,279.36279296875,279.36279296875,279.36279296875,0
2002-05-06 00:00:00+09:00,279.36279296875,279.36279296875,279.36279296875,279.36279296875,0
2002-05-07 00:00:00+09:00,278.87533115046244,278.87533115046244,275.4625211538659,278.3877868652344,15000
2002-05-08 00:00:00+09:00,277.9002425800063,278.87533115046244,277.41269829477824,278.3877868652344,19000
2002-05-09 00:00:00+09:00,278.38780384332364,280.3379811031718,274.48744932362735,276.9251708984375,29000
2002-05-10 00:00:00+09:00,277.4127937789512,277.4127937789512,272.0498047955268,275.4626159667969,33000
2002-05-13 00:00:00+09:00,270.58714898077994,271.5622378059359,266.1992492675781,266.1992492675781,27000
2002-05-14 00:00:00+09:00,266.1992492675781,267.1743380927341,263.7615272046882,266.1992492675781,11000
2002-05-15 00:00:00+09:00,267.17425852420143,268.1493470589613,263.76144865254196,264.2489929199219,40000
2002-05-16 00:00:00+09:00,265.2240588532316,278.8752971765597,265.2240588532316,271.5621337890625,104000
2002-05-17 00:00:00+09:00,268.1494269178901,269.124515743046,266.1992492675781,266.1992492675781,150000
2002-05-20 00:00:00+09:00,268.6370629419254,274.0000533091871,268.6370629419254,269.6121520996094,29000
2002-05-21 00:00:00+09:00,269.1246433850834,270.5872773165241,266.19937552220205,266.6869201660156,41000
2002-05-22 00:00:00+09:00,266.68678530158235,276.4376732467956,266.68678530158235,268.636962890625,60000
2002-05-23 00:00:00+09:00,271.0746941702706,277.4127715519496,270.58714975629533,273.0248718261719,28000
2002-05-24 00:00:00+09:00,277.900141764609,277.900141764609,273.02470068101934,277.41259765625,44000
2002-05-27 00:00:00+09:00,278.3877836389393,281.31304931640625,277.9002393593615,281.31304931640625,43000
2002-05-28 00:00:00+09:00,281.3130843218635,281.8006286621094,277.9002739401425,281.8006286621094,45000
2002-05-29 00:00:00+09:00,280.33802099395217,280.33802099395217,276.92521030359103,277.9002990722656,29000
2002-05-30 00:00:00+09:00,276.92514813221584,276.92514813221584,274.4874267578125,274.4874267578125,14000
2002-05-31 00:00:00+09:00,280.33795140370603,291.5514694598543,280.33795140370603,290.0888366699219,264000
2002-06-03 00:00:00+09:00,288.13871177889945,309.5906632480561,288.13871177889945,309.1031188964844,421000
2002-06-04 00:00:00+09:00,307.1529534157742,311.0533083797841,302.7650540812632,303.7401428222656,244000
2002-06-05 00:00:00+09:00,300.32730552636247,302.2774828349752,300.32730552636247,300.8148498535156,40000
2002-06-06 00:00:00+09:00,299.83968750609336,299.83968750609336,288.6261707375728,293.0140686035156,149000
2002-06-07 00:00:00+09:00,292.03896367155164,294.4766845703125,288.62615441328643,294.4766845703125,71000
2002-06-10 00:00:00+09:00,290.08886266637734,293.0141285083912,289.601318359375,289.601318359375,101000
2002-06-11 00:00:00+09:00,288.6262286054621,288.6262286054621,283.26324124961735,286.1885070800781,70000
2002-06-12 00:00:00+09:00,286.1885813050351,287.6512145996094,281.3131369897875,287.6512145996094,93000
2002-06-13 00:00:00+09:00,282.7757300400152,284.7259074885671,278.8753751429116,279.8504638671875,34000
2002-06-14 00:00:00+09:00,275.4626160735017,280.33806060577604,275.4626160735017,278.87542724609375,172000
2002-06-17 00:00:00+09:00,278.8753378224927,278.8753378224927,269.12445188464335,272.5372619628906,64000
2002-06-18 00:00:00+09:00,267.6619737842415,273.0249641515032,263.27407257466376,269.6121520996094,56000
2002-06-19 00:00:00+09:00,267.1743380927341,268.63697133046804,264.7366160298442,266.1992492675781,51000
2002-06-20 00:00:00+09:00,270.5870637170929,270.5870637170929,262.7863555738974,263.7614440917969,38000
2002-06-21 00:00:00+09:00,263.76148454145954,268.63692787863994,263.2739402077415,268.1493835449219,24000
2002-06-24 00:00:00+09:00,268.1493453292159,273.02478797156533,267.17425680074604,270.5870666503906,27000
2002-06-25 00:00:00+09:00,270.587132131453,273.0248540425472,270.587132131453,271.0746765136719,18000
2002-06-26 00:00:00+09:00,268.636962890625,269.12450728788565,268.14941849336435,268.636962890625,24000
2002-06-27 00:00:00+09:00,272.5373185680759,273.9999517625378,268.636963382844,272.0497741699219,25000
2002-06-28 00:00:00+09:00,270.5870666503906,273.02478797156533,269.1244338576858,270.5870666503906,36000
2002-07-01 00:00:00+09:00,274.97501505390073,275.9501037597656,274.97501505390073,275.9501037597656,9000
2002-07-02 00:00:00+09:00,274.9750494820731,275.9501383100237,273.0248718261719,273.0248718261719,38000
2002-07-03 00:00:00+09:00,273.02475798233695,281.31300956394364,271.074581139606,280.3379211425781,53000
2002-07-04 00:00:00+09:00,278.38780384332364,283.263246992944,273.0248163787412,276.9251708984375,52000
2002-07-05 00:00:00+09:00,267.17428459919677,280.3379811031718,267.17428459919677,276.9251708984375,35000
2002-07-08 00:00:00+09:00,280.3379811031718,280.3379811031718,273.9999050086653,276.9251708984375,16000
2002-07-09 00:00:00+09:00,272.0497540729802,279.8504638671875,272.0497540729802,279.8504638671875,16000
2002-07-10 00:00:00+09:00,276.4375674571162,280.3379211425781,275.4624790357507,280.3379211425781,26000
2002-07-11 00:00:00+09:00,275.4624875957277,275.9500318215608,271.5621337890625,271.5621337890625,13000
2002-07-12 00:00:00+09:00,271.562229274189,273.9999512604923,268.636962890625,268.636962890625,24000
2002-07-15 00:00:00+09:00,267.66186397944654,267.66186397944654,260.83624267578125,260.83624267578125,29000
2002-07-16 00:00:00+09:00,253.52303292410713,258.39847586495534,252.5479443359375,255.96075439453125,160000
2002-07-17 00:00:00+09:00,253.5229829977487,255.47315979003906,251.08526200738572,255.47315979003906,117000
2002-07-18 00:00:00+09:00,255.96080602601515,255.96080602601515,251.0853621017101,251.57290649414062,65000
2002-07-19 00:00:00+09:00,252.06035125792144,253.522983857097,249.1350860595703,249.1350860595703,74000
2002-07-22 00:00:00+09:00,244.25975916352473,253.52310332341887,244.25975916352473,245.23484802246094,28000
2002-07-23 00:00:00+09:00,242.30952559577094,245.7223358154297,242.30952559577094,245.7223358154297,23000
2002-07-24 00:00:00+09:00,245.72235021456865,245.72235021456865,242.30953979492188,242.30953979492188,29000
2002-07-25 00:00:00+09:00,245.23481939697265,245.72236376953123,242.79709753417967,243.77218627929688,52000
2002-07-26 00:00:00+09:00,244.74724718124148,245.7223358154297,236.45899379064164,245.7223358154297,57000
2002-07-29 00:00:00+09:00,247.18487432143266,248.6475067138672,245.23469779818666,248.6475067138672,79000
2002-07-30 00:00:00+09:00,253.03547223909635,253.52301650159941,247.6724853515625,247.6724853515625,58000
2002-07-31 00:00:00+09:00,248.1600863063594,250.1102638018907,247.18499755859375,247.18499755859375,35000
2002-08-01 00:00:00+09:00,247.1850257403334,247.1850257403334,242.79712587512037,245.23484802246094,11000
2002-08-02 00:00:00+09:00,241.33438155674696,253.52298668587562,236.94648371026068,246.20982360839844,43000
2002-08-05 00:00:00+09:00,249.1351743774414,249.1351743774414,243.77218627929688,243.77218627929688,7000
2002-08-06 00:00:00+09:00,238.89669962732208,238.89669962732208,237.43406677246094,237.43406677246094,3000
2002-08-07 00:00:00+09:00,239.87180188237403,240.35934619514308,238.89671325683594,238.89671325683594,4000
2002-08-08 00:00:00+09:00,240.84682499765154,244.74717843890906,240.35928081749435,243.2845458984375,20000
2002-08-09 00:00:00+09:00,250.59772145488475,250.59772145488475,246.20982360839844,246.20982360839844,28000
2002-08-12 00:00:00+09:00,248.64760420230158,248.64760420230158,239.38426208496094,239.38426208496094,45000
2002-08-13 00:00:00+09:00,238.40910133583415,238.89664551034508,234.02120376523598,234.9962921142578,42000
2002-08-14 00:00:00+09:00,234.99638554646725,235.9714742831746,231.0960305996379,233.53375244140625,24000
2002-08-15 00:00:00+09:00,234.02125388198758,235.48388671875,234.02125388198758,235.48388671875,13000
2002-08-16 00:00:00+09:00,235.97147311657238,238.40919494628906,235.97147311657238,238.40919494628906,29000
2002-08-19 00:00:00+09:00,237.43401298681235,238.40910133583415,229.1457620201269,234.9962921142578,65000
2002-08-20 00:00:00+09:00,235.48389457159962,235.48389457159962,230.60845161980666,233.04617309570312,50000
2002-08-21 00:00:00+09:00,233.0461827704247,233.0461827704247,229.1458282470703,229.1458282470703,39000
2002-08-22 00:00:00+09:00,231.5835235984462,231.5835235984462,228.17071377699543,229.6333465576172,40000
2002-08-23 00:00:00+09:00,229.6333465576172,229.6333465576172,229.6333465576172,229.6333465576172,0
2002-08-26 00:00:00+09:00,233.53368844887643,236.45895385742188,233.53368844887643,236.45895385742188,32000
2002-08-27 00:00:00+09:00,238.40919494628906,239.87182804411904,236.45901748251572,238.40919494628906,35000
2002-08-28 00:00:00+09:00,240.8468940041282,240.8468940041282,233.04618488658556,235.97145080566406,40000
2002-08-29 00:00:00+09:00,233.53370063927522,235.9714219403115,229.6333465576172,229.6333465576172,30000
2002-08-30 00:00:00+09:00,232.0710941395861,232.0710941395861,228.65828393165103,229.1458282470703,26000
2002-09-02 00:00:00+09:00,229.14578536461138,229.14578536461138,224.27034312281114,226.22052001953125,24000
2002-09-03 00:00:00+09:00,228.6582955753102,228.6582955753102,221.34513047162224,223.78285217285156,24000
2002-09-04 00:00:00+09:00,222.80772561425562,222.80772561425562,214.51947323910827,216.4696502685547,25000
2002-09-05 00:00:00+09:00,213.54440259933472,218.4198455810547,211.59422540664673,218.4198455810547,35000
2002-09-06 00:00:00+09:00,215.00704332614322,215.9821319580078,214.51949901021092,215.9821319580078,14000
2002-09-09 00:00:00+09:00,215.98215613204442,217.93233361404936,215.98215613204442,216.95724487304688,16000
2002-09-10 00:00:00+09:00,219.3949171881355,226.2205368339886,219.3949171881355,224.75790405273438,34000
2002-09-11 00:00:00+09:00,228.17077329539626,228.17077329539626,221.3451518720297,222.8077850341797,20000
2002-09-12 00:00:00+09:00,224.27037048339844,224.757914767058,223.29528191607932,224.27037048339844,19000
2002-09-13 00:00:00+09:00,228.65828172784103,228.65828172784103,222.32020568847656,222.32020568847656,66000
2002-09-16 00:00:00+09:00,222.32020568847656,222.32020568847656,222.32020568847656,222.32020568847656,0
2002-09-17 00:00:00+09:00,227.1956329345703,228.17072148793756,221.83264589105042,227.1956329345703,43000
2002-09-18 00:00:00+09:00,229.1458282470703,229.1458282470703,225.24547372371592,229.1458282470703,103000
2002-09-19 00:00:00+09:00,236.45899512551046,237.92162808504972,230.1209189675071,235.97145080566406,58000
2002-09-20 00:00:00+09:00,235.9714018503825,236.45894606908163,230.12087122599286,234.02122497558594,33000
2002-09-23 00:00:00+09:00,234.02122497558594,234.02122497558594,234.02122497558594,234.02122497558594,0
2002-09-24 00:00:00+09:00,237.92162808504972,237.92162808504972,229.14583032781425,235.97145080566406,41000
2002-09-25 00:00:00+09:00,237.44322235986527,238.4243927001953,235.97146684937024,238.4243927001953,19000
2002-09-26 00:00:00+09:00,238.42434717448586,241.85844270992084,238.42434717448586,238.91493225097656,48000
2002-09-27 00:00:00+09:00,245.29260385293082,252.65138196851876,244.80201864522496,250.6890411376953,49000
2002-09-30 00:00:00+09:00,246.76429347482795,248.7266337807908,238.91493225097656,238.91493225097656,40000
2002-10-01 00:00:00+09:00,238.42434717448586,239.896102403958,237.93376209799516,238.91493225097656,64000
2002-10-02 00:00:00+09:00,242.34902829285292,242.34902829285292,239.40551782775754,239.89610290527344,22000
2002-10-03 00:00:00+09:00,239.89608792674784,242.83959820805762,238.91491783297792,240.3866729736328,45000
2002-10-04 00:00:00+09:00,239.8960437234114,242.34896850585938,238.91487381043223,242.34896850585938,42000
2002-10-07 00:00:00+09:00,239.89616343704697,240.3867486383497,235.48089662532217,237.93382263183594,132000
2002-10-08 00:00:00+09:00,239.4055782357442,244.8020154500745,236.46206702792767,237.93382263183594,110000
2002-10-09 00:00:00+09:00,238.4244078331387,239.4055782357442,236.95265222923044,237.93382263183594,12000
2002-10-10 00:00:00+09:00,237.93382263183594,237.93382263183594,234.49972622271665,237.93382263183594,107000
2002-10-11 00:00:00+09:00,236.95259194501372,239.896102403958,236.95259194501372,238.91493225097656,32000
2002-10-14 00:00:00+09:00,238.91493225097656,238.91493225097656,238.91493225097656,238.91493225097656,0
2002-10-15 00:00:00+09:00,243.82072337532816,243.82072337532816,239.4054587669218,242.34896850585938,31000
2002-10-16 00:00:00+09:00,245.29264825414938,245.29264825414938,239.8962099925581,244.3114776611328,27000
2002-10-17 00:00:00+09:00,244.80198724146385,247.25491296532618,244.80198724146385,246.27374267578125,31000
2002-10-18 00:00:00+09:00,246.27369353625238,246.27369353625238,239.89608792674784,240.3866729736328,39000
2002-10-21 00:00:00+09:00,236.46202283187213,241.36787392796904,236.46202283187213,240.87728881835938,52000
2002-10-22 00:00:00+09:00,240.3867486383497,240.3867486383497,237.44323743053317,237.93382263183594,22000
2002-10-23 00:00:00+09:00,237.93382263183594,239.89616343704697,236.95265222923044,237.93382263183594,40000
2002-10-24 00:00:00+09:00,237.93373076383733,237.93373076383733,237.44314575195312,237.44314575195312,13000
2002-10-25 00:00:00+09:00,239.8960437234114,242.83955346234896,239.4054587669218,242.34896850585938,41000
2002-10-28 00:00:00+09:00,242.8396759033203,242.8396759033203,242.3490906994752,242.8396759033203,80000
2002-10-29 00:00:00+09:00,242.34902778641154,242.34902778641154,238.42434717448586,238.91493225097656,14000
2002-10-30 00:00:00+09:00,241.36779859288018,242.34896850585938,240.386628679901,242.34896850585938,13000
2002-10-31 00:00:00+09:00,242.8396759033203,242.8396759033203,240.38674988409485,242.8396759033203,48000
2002-11-01 00:00:00+09:00,237.93370389745303,242.34896850585938,237.93370389745303,242.34896850585938,11000
2002-11-04 00:00:00+09:00,242.34896850585938,242.34896850585938,242.34896850585938,242.34896850585938,0
2002-11-05 00:00:00+09:00,242.8396759033203,242.8396759033203,240.38674988409485,242.8396759033203,31000
2002-11-06 00:00:00+09:00,242.83955346234896,242.83955346234896,242.34896850585938,242.34896850585938,45000
2002-11-07 00:00:00+09:00,242.3490906994752,242.8396759033203,241.8585054956301,242.8396759033203,53000
2002-11-08 00:00:00+09:00,242.83955346234896,243.33013841883857,241.36779859288018,242.34896850585938,50000
2002-11-11 00:00:00+09:00,242.34899587079514,242.83958088267934,237.44314575195312,237.44314575195312,119000
2002-11-12 00:00:00+09:00,233.02797012170487,238.9149925247795,231.5562145209362,235.9714813232422,21000
2002-11-13 00:00:00+09:00,235.48080444335938,235.48080444335938,234.99021943410239,235.48080444335938,4000
2002-11-14 00:00:00+09:00,220.763334794478,220.763334794478,213.40455696799538,215.85748291015625,60000
2002-11-15 00:00:00+09:00,218.3103932443675,218.3103932443675,211.93278625071184,215.36688232421875,33000
2002-11-18 00:00:00+09:00,217.81980930208624,218.8009796142578,215.36688352165734,218.8009796142578,107000
2002-11-19 00:00:00+09:00,206.04572663483796,208.98923701533565,198.68695068359375,198.68695068359375,126000
2002-11-20 00:00:00+09:00,201.13989580939796,213.40452360265394,201.13989580939796,208.49867248535156,43000
2002-11-21 00:00:00+09:00,206.04576555602753,218.8009796142578,206.04576555602753,218.8009796142578,35000
2002-11-22 00:00:00+09:00,218.80104054608142,218.80104054608142,211.44226115551814,217.32928466796875,46000
2002-11-25 00:00:00+09:00,217.32919477674696,220.76329040527344,217.32919477674696,220.76329040527344,58000
2002-11-26 00:00:00+09:00,221.25383817232574,221.74442317935973,210.46096801757812,210.46096801757812,43000
2002-11-27 00:00:00+09:00,209.97038301054414,213.40447805978204,208.4986279894422,210.46096801757812,86000
2002-11-28 00:00:00+09:00,212.91395774122844,220.27273508251514,212.4233725851427,218.8009796142578,71000
2002-11-29 00:00:00+09:00,216.34803427303538,218.31037471995634,208.49867248535156,208.49867248535156,83000
2002-12-02 00:00:00+09:00,208.49867248535156,208.49867248535156,208.49867248535156,208.49867248535156,0
2002-12-03 00:00:00+09:00,216.34811376756235,216.34811376756235,211.442260847663,212.9140167236328,50000
2002-12-04 00:00:00+09:00,209.97047569309424,219.29159494115217,209.97047569309424,216.8386688232422,67000
2002-12-05 00:00:00+09:00,216.8386527245198,216.8386527245198,211.44221566576476,213.8951416015625,41000
2002-12-06 00:00:00+09:00,215.36689716304113,215.36689716304113,212.42338604008387,213.8951416015625,58000
2002-12-09 00:00:00+09:00,213.40455641440295,213.8951416015625,210.46104529144569,213.8951416015625,28000
2002-12-10 00:00:00+09:00,214.38572678872205,215.85748235020068,211.44221566576476,213.8951416015625,13000
2002-12-11 00:00:00+09:00,213.89509382871825,214.38567890630705,209.9704132080078,209.9704132080078,36000
2002-12-12 00:00:00+09:00,214.38567890630705,214.38567890630705,208.9892430528302,209.9704132080078,63000
2002-12-13 00:00:00+09:00,217.32917730283845,217.32917730283845,212.42332679938838,216.34800720214844,165000
2002-12-16 00:00:00+09:00,213.89511129348722,214.3856964111328,213.4045261758416,214.3856964111328,24000
2002-12-17 00:00:00+09:00,213.40455641440295,213.8951416015625,213.40455641440295,213.8951416015625,37000
2002-12-18 00:00:00+09:00,213.40455641440295,213.8951416015625,213.40455641440295,213.8951416015625,17000
2002-12-19 00:00:00+09:00,210.9516152568247,213.89512616738506,208.49868949802442,213.404541015625,51000
2002-12-20 00:00:00+09:00,213.89509774972726,217.8197784423828,213.89509774972726,217.8197784423828,81000
2002-12-23 00:00:00+09:00,217.8197784423828,217.8197784423828,217.8197784423828,217.8197784423828,0
2002-12-24 00:00:00+09:00,215.3668371014584,216.34800720214844,213.8950819504234,216.34800720214844,27000
2002-12-25 00:00:00+09:00,216.34805417060852,219.7821502685547,216.34805417060852,219.7821502685547,14000
2002-12-26 00:00:00+09:00,220.27273742012358,225.66917419433594,220.27273742012358,225.66917419433594,23000
2002-12-27 00:00:00+09:00,226.6503319076345,234.99027918562103,226.6503319076345,232.537353515625,36000
2002-12-30 00:00:00+09:00,232.5373679610458,233.02795312552055,230.08444213867188,230.08444213867188,12000
2002-12-31 00:00:00+09:00,230.08444213867188,230.08444213867188,230.08444213867188,230.08444213867188,0
2003-01-01 00:00:00+09:00,230.08444213867188,230.08444213867188,230.08444213867188,230.08444213867188,0
2003-01-02 00:00:00+09:00,230.08444213867188,230.08444213867188,230.08444213867188,230.08444213867188,0
2003-01-03 00:00:00+09:00,230.08444213867188,230.08444213867188,230.08444213867188,230.08444213867188,0
2003-01-06 00:00:00+09:00,233.51853990654357,234.99029541015625,233.51853990654357,234.99029541015625,7000
2003-01-07 00:00:00+09:00,237.44321977331282,237.44321977331282,230.5750274658203,230.5750274658203,8000
2003-01-08 00:00:00+09:00,228.12200963752977,229.59376453841705,228.12200963752977,228.6125946044922,12000
2003-01-09 00:00:00+09:00,228.61268680653671,230.5750274658203,228.61268680653671,230.5750274658203,4000
2003-01-10 00:00:00+09:00,228.12200963752977,230.5749344723419,228.12200963752977,228.6125946044922,17000
2003-01-13 00:00:00+09:00,228.6125946044922,228.6125946044922,228.6125946044922,228.6125946044922,0
2003-01-14 00:00:00+09:00,228.12210050051465,228.12210050051465,227.14093017578125,227.14093017578125,6000
2003-01-15 00:00:00+09:00,229.59387127764813,229.59387127764813,225.66918971734646,226.65036010742188,33000
2003-01-16 00:00:00+09:00,229.10327197135763,230.5750274658203,227.63151647689494,230.5750274658203,19000
2003-01-17 00:00:00+09:00,228.1220305261533,237.44314575195312,228.1220305261533,237.44314575195312,43000
2003-01-20 00:00:00+09:00,237.44314575195312,237.44314575195312,233.02788064499532,237.44314575195312,35000
2003-01-21 00:00:00+09:00,237.44323692401085,237.93382212426707,234.49972572247353,235.9714813232422,53000
2003-01-22 00:00:00+09:00,235.4808031611082,235.4808031611082,233.02787812818,233.51846313476562,36000
2003-01-23 00:00:00+09:00,233.0278793970744,235.48080444335938,232.53729438781738,235.48080444335938,36000
2003-01-24 00:00:00+09:00,235.48086431962025,235.48086431962025,232.04676838162578,232.537353515625,18000
2003-01-27 00:00:00+09:00,230.57501122259325,230.57501122259325,228.12208557128906,228.12208557128906,25000
2003-01-28 00:00:00+09:00,228.61260719799057,228.61260719799057,223.21617226413244,224.68792724609375,28000
2003-01-29 00:00:00+09:00,222.23507605280196,224.6880018370492,218.3103947980063,219.7821502685547,18000
2003-01-30 00:00:00+09:00,219.7821502685547,220.27273542540414,219.29156511170524,219.7821502685547,28000
2003-01-31 00:00:00+09:00,217.81980738146552,218.31039253322558,213.404541015625,213.404541015625,38000
2003-02-03 00:00:00+09:00,213.4045126631453,217.8197784423828,213.4045126631453,217.8197784423828,35000
2003-02-04 00:00:00+09:00,222.72566322658375,225.66917419433594,219.78215225883153,225.66917419433594,33000
2003-02-05 00:00:00+09:00,224.19738930669325,230.5749955670587,224.19738930669325,227.63148498535156,33000
2003-02-06 00:00:00+09:00,227.63148498535156,228.12207008230277,227.14089988840038,227.63148498535156,8000
2003-02-07 00:00:00+09:00,230.0844260923324,230.0844260923324,227.6315004410282,228.12208557128906,5000
2003-02-10 00:00:00+09:00,228.12202220400349,228.61260719799057,224.19734225210664,224.68792724609375,18000
2003-02-11 00:00:00+09:00,224.68792724609375,224.68792724609375,224.68792724609375,224.68792724609375,0
2003-02-12 00:00:00+09:00,227.6315304974973,228.122115692535,224.19743413223333,226.65036010742188,51000
2003-02-13 00:00:00+09:00,226.65028557410608,230.57496584378757,224.19736040555514,229.5937957763672,35000
2003-02-14 00:00:00+09:00,229.59376453841705,229.59376453841705,228.6125946044922,228.6125946044922,28000
2003-02-17 00:00:00+09:00,229.59376453841705,234.49961420804135,228.6125946044922,228.6125946044922,18000
2003-02-18 00:00:00+09:00,228.12210290501804,234.99029525054547,227.63151773748038,234.4997100830078,35000
2003-02-19 00:00:00+09:00,234.49969405162182,234.49969405162182,232.537353515625,232.537353515625,4000
2003-02-20 00:00:00+09:00,233.02795328992477,233.02795328992477,230.5750274658203,230.5750274658203,5000
2003-02-21 00:00:00+09:00,231.55612214876783,233.51846216697774,230.57495213966288,232.0467071533203,15000
2003-02-24 00:00:00+09:00,231.55621205779897,231.55621205779897,226.65036010742188,226.65036010742188,11000
2003-02-25 00:00:00+09:00,226.65035943964116,227.14094463323346,222.7256778909028,224.1974334716797,27000
2003-02-26 00:00:00+09:00,222.23500094644825,224.1973409106553,220.76324597329295,222.7255859375,25000
2003-02-27 00:00:00+09:00,222.725663714481,227.14093017578125,221.7444933897476,227.14093017578125,28000
2003-02-28 00:00:00+09:00,227.14089778019832,227.14089778019832,223.21621704101562,223.21621704101562,20000
2003-03-03 00:00:00+09:00,220.76329157902646,224.68797231820915,220.76329157902646,223.21621704101562,78000
2003-03-04 00:00:00+09:00,223.21621512939998,223.21621512939998,219.29153442382812,219.29153442382812,53000
2003-03-05 00:00:00+09:00,220.76326316452855,228.12203860334617,220.27267813527402,226.15969848632812,17000
2003-03-06 00:00:00+09:00,228.12204067523663,233.0278910123385,228.12204067523663,229.5937957763672,24000
2003-03-07 00:00:00+09:00,229.59387004928084,230.57504043410682,222.23509216308594,222.23509216308594,12000
2003-03-10 00:00:00+09:00,221.74449140798228,221.74449140798228,219.78215077605321,221.25390625,12000
2003-03-11 00:00:00+09:00,222.23516849078962,226.65043673895102,219.2916563253487,221.7445831298828,16000
2003-03-12 00:00:00+09:00,220.27267813527402,229.10320866185518,219.291508076765,226.15969848632812,19000
2003-03-13 00:00:00+09:00,226.6503126878005,227.14089778019832,222.7256319486178,223.21621704101562,7000
2003-03-14 00:00:00+09:00,218.31048560353506,221.7445831298828,216.34814415990778,221.7445831298828,107000
2003-03-17 00:00:00+09:00,221.744473175817,222.23505829346263,214.3856964111328,214.3856964111328,21000
2003-03-18 00:00:00+09:00,217.3291510359306,225.66909588381057,217.3291510359306,222.7255859375,25000
2003-03-19 00:00:00+09:00,223.70675725811955,224.68792724609375,221.74441728217113,224.68792724609375,45000
2003-03-20 00:00:00+09:00,225.1785125732422,225.66909756795513,223.2161725943904,225.1785125732422,48000
2003-03-21 00:00:00+09:00,225.1785125732422,225.1785125732422,225.1785125732422,225.1785125732422,0
2003-03-24 00:00:00+09:00,225.6691470497533,233.02792358398438,225.6691470497533,233.02792358398438,51000
2003-03-25 00:00:00+09:00,233.02792358398438,233.02792358398438,230.08441297029194,233.02792358398438,16000
2003-03-26 00:00:00+09:00,234.5090590132044,234.5090590132044,229.0783229097407,232.04054260253906,20000
2003-03-27 00:00:00+09:00,231.546839320406,232.04054260253906,231.546839320406,232.04054260253906,22000
2003-03-28 00:00:00+09:00,232.04054260253906,232.04054260253906,227.5972130633415,232.04054260253906,32000
2003-03-31 00:00:00+09:00,230.55936633008238,230.55936633008238,223.64752237157884,226.6097412109375,43000
2003-04-01 00:00:00+09:00,222.16640315190313,227.59713745117188,215.7482626164037,227.59713745117188,29000
2003-04-02 00:00:00+09:00,229.07837276135461,233.0279998779297,223.15393208649198,233.0279998779297,15000
2003-04-03 00:00:00+09:00,234.01540665707344,234.01540665707344,233.0279998779297,233.0279998779297,6000
2003-04-04 00:00:00+09:00,231.5467726098686,231.5467726098686,223.64752237157884,226.6097412109375,25000
2003-04-07 00:00:00+09:00,226.6097412109375,226.6097412109375,225.6223349311513,226.6097412109375,5000
2003-04-08 00:00:00+09:00,229.5720109677466,233.52163696289062,229.5720109677466,233.52163696289062,14000
2003-04-09 00:00:00+09:00,235.00269519773303,235.00269519773303,231.05307006835938,231.05307006835938,9000
2003-04-10 00:00:00+09:00,232.0405930987859,233.0279998779297,232.0405930987859,233.0279998779297,10000
2003-04-11 00:00:00+09:00,233.02793900544708,234.50904878726138,230.5594227024233,231.5468292236328,47000
2003-04-14 00:00:00+09:00,236.48389753510682,236.48389753510682,233.0279741890823,234.015380859375,52000
2003-04-15 00:00:00+09:00,234.015380859375,234.015380859375,231.05316084849684,234.015380859375,36000
2003-04-16 00:00:00+09:00,229.57196064484424,231.54677320953107,229.07825750367255,231.05307006835938,12000
2003-04-17 00:00:00+09:00,230.06566378601596,231.05307006835938,230.06566378601596,231.05307006835938,33000
2003-04-18 00:00:00+09:00,234.01525256766783,234.01525256766783,229.57192498726906,230.0656280517578,14000
2003-04-21 00:00:00+09:00,235.00269519773303,235.00269519773303,231.05307006835938,231.05307006835938,29000
2003-04-22 00:00:00+09:00,231.0531821404075,231.0531821404075,229.0783686178399,230.55947875976562,31000
2003-04-23 00:00:00+09:00,230.55947875976562,232.5342922823332,230.55947875976562,230.55947875976562,7000
2003-04-24 00:00:00+09:00,230.55938225035453,233.02789812027268,230.55938225035453,232.53419494628906,12000
2003-04-25 00:00:00+09:00,233.52170326750158,233.52170326750158,232.0405930987859,233.0279998779297,24000
2003-04-28 00:00:00+09:00,233.52163696289062,233.52163696289062,232.0405272147116,233.52163696289062,5000
2003-04-29 00:00:00+09:00,233.52163696289062,233.52163696289062,233.52163696289062,233.52163696289062,0
2003-04-30 00:00:00+09:00,235.00278752966773,236.97760087025318,233.0279741890823,234.015380859375,33000
2003-05-01 00:00:00+09:00,234.50908419452136,237.96500754054588,234.015380859375,234.015380859375,21000
2003-05-02 00:00:00+09:00,234.5090331392807,235.99014282226562,234.5090331392807,235.99014282226562,9000
2003-05-05 00:00:00+09:00,235.99014282226562,235.99014282226562,235.99014282226562,235.99014282226562,0
2003-05-06 00:00:00+09:00,235.9901377253841,238.95235702737637,235.9901377253841,236.4838409423828,10000
2003-05-07 00:00:00+09:00,238.95230102539062,239.44600412668277,236.48378551892998,238.95230102539062,10000
2003-05-08 00:00:00+09:00,239.4460653515219,239.4460653515219,237.47125244140625,237.47125244140625,12000
2003-05-09 00:00:00+09:00,235.4964549817537,235.4964549817537,232.5342354222348,234.50904846191406,23000
2003-05-12 00:00:00+09:00,239.44605509440103,239.93975830078125,239.44605509440103,239.93975830078125,8000
2003-05-13 00:00:00+09:00,243.88944967411894,246.85166971064672,243.88944967411894,245.3705596923828,17000
2003-05-14 00:00:00+09:00,245.8642221576943,249.81384821645244,245.8642221576943,246.35792541503906,20000
2003-05-15 00:00:00+09:00,248.33270774312538,261.1689908471438,248.33270774312538,249.3201141357422,58000
2003-05-16 00:00:00+09:00,251.78870590744316,256.7257393566087,251.78870590744316,253.76351928710938,43000
2003-05-19 00:00:00+09:00,246.85155191729146,246.85155191729146,243.88933329428397,244.87673950195312,25000
2003-05-20 00:00:00+09:00,239.93976839026627,242.40828452596858,238.45865870884487,241.91458129882812,42000
2003-05-21 00:00:00+09:00,261.66265236314877,263.1437617161477,254.25710559815397,254.7508087158203,58000
2003-05-22 00:00:00+09:00,260.18162039620535,263.6375432477679,251.7886648995536,259.1942138671875,16000
2003-05-23 00:00:00+09:00,260.67519219776034,263.1437072753906,259.19408315118216,263.1437072753906,35000
2003-05-26 00:00:00+09:00,264.6249795412884,265.1186828613281,263.14386958116927,265.1186828613281,14000
2003-05-27 00:00:00+09:00,265.6123620110589,265.6123620110589,255.73829650878906,255.73829650878906,13000
2003-05-28 00:00:00+09:00,259.1942032771324,265.6123454535185,258.700500032795,264.62493896484375,16000
2003-05-29 00:00:00+09:00,265.11864220918113,265.11864220918113,253.26976434508364,264.62493896484375,16000
2003-05-30 00:00:00+09:00,265.1186739506612,265.1186739506612,247.83905833004087,258.7005310058594,39000
2003-06-02 00:00:00+09:00,258.7005710023822,260.6753845214844,258.7005710023822,260.6753845214844,8000
2003-06-03 00:00:00+09:00,260.18159989643635,261.16900634765625,258.70049021960654,261.16900634765625,27000
2003-06-04 00:00:00+09:00,259.1942138671875,261.16902692522325,258.7005106026786,259.1942138671875,11000
2003-06-05 00:00:00+09:00,256.72573977953766,256.72573977953766,252.28240966796875,252.28240966796875,16000
2003-06-06 00:00:00+09:00,254.2571311363807,256.72564697265625,252.28231846736026,256.72564697265625,20000
2003-06-09 00:00:00+09:00,256.7256267057042,258.2067360905448,256.7256267057042,257.2193298339844,15000
2003-06-10 00:00:00+09:00,253.26974487304688,256.2319641113281,253.26974487304688,256.2319641113281,17000
2003-06-11 00:00:00+09:00,256.23194380540116,258.2067564744216,256.23194380540116,256.72564697265625,21000
2003-06-12 00:00:00+09:00,254.25715128580728,257.2193705240885,254.25715128580728,256.2319641113281,13000
2003-06-13 00:00:00+09:00,243.8893839518229,257.71307373046875,242.9019775390625,256.2319641113281,143000
2003-06-16 00:00:00+09:00,256.72567773053026,256.72567773053026,250.80123901367188,250.80123901367188,19000
2003-06-17 00:00:00+09:00,252.77602163461538,256.72564697265625,252.28231846736026,256.72564697265625,42000
2003-06-18 00:00:00+09:00,259.68797776193327,264.13130817991316,259.68797776193327,260.6753845214844,29000
2003-06-19 00:00:00+09:00,264.1312667558778,264.62497005822524,261.6627502441406,261.6627502441406,30000
2003-06-20 00:00:00+09:00,261.6626595922942,271.53672221841845,261.6626595922942,267.58709716796875,55000
2003-06-23 00:00:00+09:00,274.0052896407508,276.96750898821836,272.0304767424391,275.9801025390625,63000
2003-06-24 00:00:00+09:00,276.47385617519944,279.9297793773895,274.4990429168052,278.44866943359375,60000
2003-06-25 00:00:00+09:00,278.44861900343693,278.44861900343693,267.09344482421875,267.09344482421875,18000
2003-06-26 00:00:00+09:00,267.0935066579658,267.0935066579658,260.1816599052643,264.13128662109375,22000
2003-06-27 00:00:00+09:00,266.1061082826044,271.04314183144675,265.1187015728359,270.5494384765625,20000
2003-06-30 00:00:00+09:00,271.53678404081853,271.53678404081853,268.57456457855506,269.0682678222656,19000
2003-07-01 00:00:00+09:00,267.0934551865307,267.0934551865307,264.62493896484375,264.62493896484375,7000
2003-07-02 00:00:00+09:00,270.0556336558949,272.0304463334517,269.5619304865057,271.5367431640625,18000
2003-07-03 00:00:00+09:00,272.52423231336803,274.49904559100116,266.59979248046875,266.59979248046875,28000
2003-07-04 00:00:00+09:00,266.5997716147024,270.0556945800781,266.5997716147024,270.0556945800781,9000
2003-07-07 00:00:00+09:00,271.53682432312894,273.5116375909335,271.53682432312894,272.52423095703125,16000
2003-07-08 00:00:00+09:00,275.9800716885654,275.9800716885654,271.5367431640625,271.5367431640625,28000
2003-07-09 00:00:00+09:00,264.1312256433014,268.5745546728148,259.1941933882864,262.6501159667969,50000
2003-07-10 00:00:00+09:00,267.5870344151252,267.5870344151252,262.65000425986455,263.1437072753906,12000
2003-07-11 00:00:00+09:00,263.63752241779986,264.1312256433014,262.15641274129536,262.6501159667969,28000
2003-07-14 00:00:00+09:00,265.6123353198059,265.6123353198059,262.6501159667969,262.6501159667969,5000
2003-07-15 00:00:00+09:00,260.67532925992396,261.16903253503745,253.76348340833508,255.73829650878906,22000
2003-07-16 00:00:00+09:00,256.72570305901604,262.1564390852645,255.73829650878906,255.73829650878906,42000
2003-07-17 00:00:00+09:00,256.7256369170558,257.7130432128906,256.2319337691384,257.7130432128906,42000
2003-07-18 00:00:00+09:00,256.7256369170558,259.19415265664287,256.7256369170558,257.7130432128906,21000
2003-07-21 00:00:00+09:00,257.7130432128906,257.7130432128906,257.7130432128906,257.7130432128906,0
2003-07-22 00:00:00+09:00,258.20677693684894,262.1564025878906,247.34530639648438,247.34530639648438,28000
2003-07-23 00:00:00+09:00,248.33276307231552,256.2320159732241,248.33276307231552,251.29498291015625,28000
2003-07-24 00:00:00+09:00,259.19416280893176,259.6878659761869,256.72564697265625,256.72564697265625,20000
2003-07-25 00:00:00+09:00,256.72564697265625,258.7004596416767,256.72564697265625,256.72564697265625,32000
2003-07-28 00:00:00+09:00,251.29488636091645,256.2319175271427,251.29488636091645,251.78858947753906,51000
2003-07-29 00:00:00+09:00,253.26975496686867,255.24456787109375,252.2823485147561,255.24456787109375,37000
2003-07-30 00:00:00+09:00,254.25715646253744,254.25715646253744,249.81382751464844,249.81382751464844,38000
2003-07-31 00:00:00+09:00,253.76347411866206,253.76347411866206,247.8390350341797,247.8390350341797,40000
2003-08-01 00:00:00+09:00,253.26979613538342,254.25720274799698,248.33276307231552,251.29498291015625,30000
2003-08-04 00:00:00+09:00,248.82648624785958,254.25722305088826,248.82648624785958,252.28240966796875,38000
2003-08-05 00:00:00+09:00,252.28240966796875,257.21944312526756,250.30759628504921,252.28240966796875,19000
2003-08-06 00:00:00+09:00,256.2319537997246,256.2319537997246,252.28232830762863,252.77603149414062,12000
2003-08-07 00:00:00+09:00,252.7759405339806,255.24445557825774,252.7759405339806,254.25704956054688,7000
2003-08-08 00:00:00+09:00,251.29500297650898,252.28240966796875,247.8390795563998,252.28240966796875,24000
2003-08-11 00:00:00+09:00,256.7256267057042,257.2193298339844,253.26970480774278,257.2193298339844,10000
2003-08-12 00:00:00+09:00,261.66275082653715,264.1312673437686,258.7005310058594,258.7005310058594,34000
2003-08-13 00:00:00+09:00,258.70054988682824,269.06832001588054,258.70054988682824,264.13128662109375,51000
2003-08-14 00:00:00+09:00,267.5870871824377,273.51152453703037,267.5870871824377,268.5744934082031,58000
2003-08-15 00:00:00+09:00,280.91705322265625,280.91705322265625,280.91705322265625,280.91705322265625,72000
2003-08-18 00:00:00+09:00,289.8038717142741,300.66534561157226,285.8542448425293,296.2220153808594,98000
2003-08-19 00:00:00+09:00,295.7281895332596,295.7281895332596,288.81634537054566,290.2974548339844,68000
2003-08-20 00:00:00+09:00,287.33526611328125,287.33526611328125,283.87934366861975,285.8541564941406,33000
2003-08-21 00:00:00+09:00,286.8415217922045,291.28485001273776,283.8793029785156,283.8793029785156,60000
2003-08-22 00:00:00+09:00,293.2597869405145,293.7534902855322,289.8038635253906,289.8038635253906,59000
2003-08-25 00:00:00+09:00,309.5518690508034,309.5518690508034,301.65261880389295,304.6148376464844,244000
2003-08-26 00:00:00+09:00,308.564615173825,315.4764625537187,308.564615173825,310.5394287109375,127000
2003-08-27 00:00:00+09:00,318.93224158653845,332.2622269160068,318.93224158653845,327.3251953125,293000
2003-08-28 00:00:00+09:00,330.28740240114985,330.28740240114985,313.5014955526609,314.98260498046875,182000
2003-08-29 00:00:00+09:00,317.4511514982084,325.84410573688575,314.9826355456562,316.4637451171875,75000
2003-09-01 00:00:00+09:00,320.4134423544241,325.844178665516,317.45122254837395,318.4386291503906,149000
2003-09-02 00:00:00+09:00,318.4386398792267,318.4386398792267,315.9701232910156,315.9701232910156,65000
2003-09-03 00:00:00+09:00,315.9700935509554,316.46379682212876,309.0582477545283,310.045654296875,65000
2003-09-04 00:00:00+09:00,310.04564388329385,314.98267642920615,307.57712761033764,312.51416015625,40000
2003-09-05 00:00:00+09:00,321.8944282830228,323.3755376156134,315.4762878417969,315.4762878417969,87000
2003-09-08 00:00:00+09:00,314.98271766819784,315.47642098742693,311.52679443359375,311.52679443359375,64000
2003-09-09 00:00:00+09:00,315.9700623037677,318.43857841551585,312.5141397473202,314.48895263671875,33000
2003-09-10 00:00:00+09:00,313.5015869140625,315.9701033464567,313.5015869140625,313.5015869140625,54000
2003-09-11 00:00:00+09:00,313.50156666543245,313.9952699200237,311.0330503924763,312.51416015625,43000
2003-09-12 00:00:00+09:00,318.43859921134475,318.43859921134475,312.51416015625,312.51416015625,103000
2003-09-15 00:00:00+09:00,312.51416015625,312.51416015625,312.51416015625,312.51416015625,0
2003-09-16 00:00:00+09:00,314.489013338089,315.9701232910156,311.5267934322357,315.9701232910156,39000
2003-09-17 00:00:00+09:00,315.9700417820411,316.46374497232557,311.52671306948116,312.0204162597656,61000
2003-09-18 00:00:00+09:00,313.99522902090337,315.4763385917567,312.0204162597656,312.0204162597656,51000
2003-09-19 00:00:00+09:00,313.50156666543245,314.4889731746149,312.02045690165875,312.51416015625,68000
2003-09-22 00:00:00+09:00,317.4511206934818,318.4385269786871,313.0077924100583,314.98260498046875,92000
2003-09-23 00:00:00+09:00,314.98260498046875,314.98260498046875,314.98260498046875,314.98260498046875,0
2003-09-24 00:00:00+09:00,315.97006235212933,315.97006235212933,312.0204365727277,313.0078430175781,66000
2003-09-25 00:00:00+09:00,314.9921402564416,314.9921402564416,302.5908748920147,309.53558349609375,50000
2003-09-26 00:00:00+09:00,315.4880341045673,322.4327392578125,312.51173189603367,322.4327392578125,154000
2003-09-29 00:00:00+09:00,319.45659459911803,319.9526452118496,312.01583540814477,315.4881896972656,59000
2003-09-30 00:00:00+09:00,318.46449337365493,318.46449337365493,313.5039872463394,315.4881896972656,67000
2003-10-01 00:00:00+09:00,315.9841613769531,317.4723128434066,314.9920603993175,315.9841613769531,49000
2003-10-02 00:00:00+09:00,317.4723608699845,321.9368159447187,317.4723608699845,321.4407653808594,123000
2003-10-03 00:00:00+09:00,321.44069235169286,326.8972473144531,320.4485914493728,326.8972473144531,86000
2003-10-06 00:00:00+09:00,332.3537743809712,334.83402642859033,327.88932069525663,329.3774719238281,118000
2003-10-07 00:00:00+09:00,329.87362496646836,329.87362496646836,318.46446199770327,321.4407653808594,65000
2003-10-08 00:00:00+09:00,319.9525146484375,321.93671628966814,316.4801617762839,319.9525146484375,42000
2003-10-09 00:00:00+09:00,319.95250840074436,319.95250840074436,314.99200439453125,314.99200439453125,56000
2003-10-10 00:00:00+09:00,312.51174609375,317.968300390625,310.031494140625,310.031494140625,90000
2003-10-13 00:00:00+09:00,310.031494140625,310.031494140625,310.031494140625,310.031494140625,0
2003-10-14 00:00:00+09:00,313.0078584440462,317.4723128434066,313.0078584440462,315.9841613769531,47000
2003-10-15 00:00:00+09:00,316.4801555963952,316.4801555963952,313.50385319266735,314.99200439453125,49000
2003-10-16 00:00:00+09:00,314.9920526739175,317.47230505717664,314.4960021972656,314.4960021972656,71000
2003-10-17 00:00:00+09:00,314.4959775557429,319.45648193359375,314.4959775557429,319.45648193359375,60000
2003-10-20 00:00:00+09:00,320.44846589265046,344.7549284758391,320.44846589265046,334.83392333984375,172000
2003-10-21 00:00:00+09:00,334.83408030082336,334.83408030082336,317.472313174114,321.936767578125,76000
2003-10-22 00:00:00+09:00,319.45645800012306,320.94460920198696,314.99200439453125,314.99200439453125,91000
2003-10-23 00:00:00+09:00,314.49587819169204,314.49587819169204,302.5906714462652,305.0709228515625,111000
2003-10-24 00:00:00+09:00,306.06313651639573,318.9604485900202,306.06313651639573,313.0078430175781,161000
2003-10-27 00:00:00+09:00,314.49599943176173,314.99204990405156,307.5512928197039,312.0157470703125,29000
2003-10-28 00:00:00+09:00,321.9367879549166,321.9367879549166,314.9920806646719,317.9683837890625,33000
2003-10-29 00:00:00+09:00,327.39325752085693,329.8735094717725,324.91300556994133,328.88140869140625,101000
2003-10-30 00:00:00+09:00,324.91315225364605,325.9052534819014,320.4486967264967,323.9210510253906,31000
2003-10-31 00:00:00+09:00,323.9210510253906,324.91315225364605,320.9447473406244,323.9210510253906,45000
2003-11-03 00:00:00+09:00,323.9210510253906,323.9210510253906,323.9210510253906,323.9210510253906,0
2003-11-04 00:00:00+09:00,325.4091058862118,328.3854086839516,322.4328030884721,324.9130554199219,47000
2003-11-05 00:00:00+09:00,324.41701268714974,327.3933155558392,322.928861252805,326.4012145996094,36000
2003-11-06 00:00:00+09:00,328.38538778981854,328.38538778981854,322.9288330078125,322.9288330078125,63000
2003-11-07 00:00:00+09:00,322.4327825730847,324.9130347467238,322.4327825730847,322.9288330078125,32000
2003-11-10 00:00:00+09:00,323.92085141118565,324.41690171962546,319.9524489436673,320.9445495605469,13000
2003-11-11 00:00:00+09:00,315.9842414855957,320.44869701678937,300.1106218191294,309.53558349609375,31000
2003-11-12 00:00:00+09:00,307.05526212244393,309.53551464362687,300.6066055673684,302.0947570800781,35000
2003-11-13 00:00:00+09:00,310.03165013581804,310.03165013581804,302.59089053255843,306.5592956542969,20000
2003-11-14 00:00:00+09:00,306.5592956542969,307.0553462945142,297.6303841303853,306.5592956542969,35000
2003-11-17 00:00:00+09:00,302.59077243147226,302.59077243147226,282.7487545671134,287.7092590332031,37000
2003-11-18 00:00:00+09:00,262.9067228849944,275.3079833984375,262.9067228849944,275.3079833984375,41000
2003-11-19 00:00:00+09:00,275.3080018923055,282.25270824634566,267.8672450844054,280.7645568847656,34000
2003-11-20 00:00:00+09:00,270.8436160203887,287.709335699314,268.36336312642914,284.7330322265625,125000
2003-11-21 00:00:00+09:00,280.7645924886068,282.74879455566406,279.7724914550781,279.7724914550781,39000
2003-11-24 00:00:00+09:00,279.7724914550781,279.7724914550781,279.7724914550781,279.7724914550781,0
2003-11-25 00:00:00+09:00,282.74880206646696,287.2132568359375,282.2527515365258,287.2132568359375,19000
2003-11-26 00:00:00+09:00,292.1736545138889,292.1736545138889,290.189453125,290.189453125,16000
2003-11-27 00:00:00+09:00,290.1894740054482,295.14997783460115,290.1894740054482,292.1736755371094,53000
2003-11-28 00:00:00+09:00,292.6697292162024,293.66182999320654,284.23687261166776,285.2289733886719,35000
2003-12-01 00:00:00+09:00,285.7251001774957,288.2053527832031,280.2685444449393,288.2053527832031,41000
2003-12-02 00:00:00+09:00,288.7014286832989,291.6777320717865,288.205378118551,289.1974792480469,42000
2003-12-03 00:00:00+09:00,288.2053578958198,288.2053578958198,285.72510524611397,287.2132568359375,26000
2003-12-04 00:00:00+09:00,289.6934509277344,289.6934509277344,288.20529963872207,289.6934509277344,20000
2003-12-05 00:00:00+09:00,290.18949645371157,292.66974856015355,289.6934460324232,290.685546875,30000
2003-12-08 00:00:00+09:00,292.17370307608826,292.17370307608826,285.2289970606974,289.6934509277344,38000
2003-12-09 00:00:00+09:00,290.18951209815776,293.661865234375,289.6934616501267,293.661865234375,33000
2003-12-10 00:00:00+09:00,293.165798981442,294.1578998240188,289.6934460324232,290.685546875,25000
2003-12-11 00:00:00+09:00,292.17371305268387,292.66976349929286,280.26850233406856,287.7092590332031,21000
2003-12-12 00:00:00+09:00,290.1896130308813,291.6777648925781,288.2054105486189,291.6777648925781,72000
2003-12-15 00:00:00+09:00,291.67762356956536,296.6381273717688,291.67762356956536,295.6460266113281,34000
2003-12-16 00:00:00+09:00,295.6462277196035,296.1422784372538,295.1501770019531,295.1501770019531,24000
2003-12-17 00:00:00+09:00,295.15003443167694,297.1342363438227,292.6697820414948,293.16583251953125,34000
2003-12-18 00:00:00+09:00,293.16580986254144,297.630263819839,290.68555766404273,294.6539611816406,32000
2003-12-19 00:00:00+09:00,294.65390625000003,294.65390625000003,282.7486979166667,290.189453125,26000
2003-12-22 00:00:00+09:00,289.1974538254861,289.1974538254861,285.2290496563542,288.2053527832031,39000
2003-12-23 00:00:00+09:00,288.2053527832031,288.2053527832031,288.2053527832031,288.2053527832031,0
2003-12-24 00:00:00+09:00,288.2052517361111,290.189453125,287.7092013888889,290.189453125,32000
2003-12-25 00:00:00+09:00,290.18951126624796,290.18951126624796,287.7092590332031,287.7092590332031,21000
2003-12-26 00:00:00+09:00,287.21321354110347,287.70926399626944,285.72506217560556,286.7171630859375,20000
2003-12-29 00:00:00+09:00,286.7171483497097,290.68555178707595,286.7171483497097,289.6934509277344,49000
2003-12-30 00:00:00+09:00,294.65403941761366,302.59084856017563,292.66983713197317,300.110595703125,53000
2003-12-31 00:00:00+09:00,300.110595703125,300.110595703125,300.110595703125,300.110595703125,0
2004-01-01 00:00:00+09:00,300.110595703125,300.110595703125,300.110595703125,300.110595703125,0
2004-01-02 00:00:00+09:00,300.110595703125,300.110595703125,300.110595703125,300.110595703125,0
2004-01-05 00:00:00+09:00,299.6145045588952,304.575009601261,299.6145045588952,302.0947570800781,35000
2004-01-06 00:00:00+09:00,303.08685302734375,306.55920649901543,302.59080253139064,303.08685302734375,19000
2004-01-07 00:00:00+09:00,300.11048328063254,300.11048328063254,294.6539290391665,298.12628173828125,87000
2004-01-08 00:00:00+09:00,302.5908177405161,308.0473734702631,302.5908177405161,306.06317138671875,56000
2004-01-09 00:00:00+09:00,311.0235743522644,317.96827936172485,310.0314736366272,317.47222900390625,160000
2004-01-12 00:00:00+09:00,317.47222900390625,317.47222900390625,317.47222900390625,317.47222900390625,0
2004-01-13 00:00:00+09:00,322.43281806745955,323.9209695354632,317.472313174114,321.936767578125,117000
2004-01-14 00:00:00+09:00,319.4565147986779,319.4565147986779,314.49600991049965,315.9841613769531,34000
2004-01-15 00:00:00+09:00,313.0078430175781,314.9920448750588,313.0078430175781,313.0078430175781,38000
2004-01-16 00:00:00+09:00,308.04734329199374,313.0078480148922,308.04734329199374,312.0157470703125,47000
2004-01-19 00:00:00+09:00,311.5197117102854,312.5118127029933,309.0394592285156,309.0394592285156,36000
2004-01-20 00:00:00+09:00,313.99995942168187,319.4565147986779,311.5197069775927,315.9841613769531,64000
2004-01-21 00:00:00+09:00,314.99201107329833,314.99201107329833,310.03150696190784,310.5275573730469,72000
2004-01-22 00:00:00+09:00,311.02366121393146,312.5118127029933,308.54340873216165,309.0394592285156,45000
2004-01-23 00:00:00+09:00,310.0315226784235,316.9762287864202,310.0315226784235,313.5038757324219,67000
2004-01-26 00:00:00+09:00,313.50385319266735,317.4722563976378,313.50385319266735,314.99200439453125,43000
2004-01-27 00:00:00+09:00,314.991998046875,315.4880484375,310.031494140625,310.031494140625,42000
2004-01-28 00:00:00+09:00,305.0709404463877,306.5590913753945,302.5906888980431,304.57489013671875,29000
2004-01-29 00:00:00+09:00,301.5986911147388,301.5986911147388,299.1184387207031,299.1184387207031,39000
2004-01-30 00:00:00+09:00,300.60667884701587,304.07903322313655,300.60667884701587,302.59088134765625,47000
2004-02-02 00:00:00+09:00,304.07882228944356,307.5511742568597,303.58277200838415,305.0709228515625,36000
2004-02-03 00:00:00+09:00,310.0315167589586,310.0315167589586,305.0710124908153,308.5433654785156,52000
2004-02-04 00:00:00+09:00,309.03948236766615,309.03948236766615,299.6145222312526,301.5987243652344,22000
2004-02-05 00:00:00+09:00,301.59871669874394,306.55922190760487,300.11056513608565,306.06317138671875,20000
2004-02-06 00:00:00+09:00,306.5592297001889,306.5592297001889,301.5987243652344,301.5987243652344,6000
2004-02-09 00:00:00+09:00,303.0868012059611,313.99991025102025,303.0868012059611,310.5275573730469,56000
2004-02-10 00:00:00+09:00,311.023543391751,329.8734551124632,311.023543391751,320.9445495605469,216000
2004-02-11 00:00:00+09:00,320.9445495605469,320.9445495605469,320.9445495605469,320.9445495605469,0
2004-02-12 00:00:00+09:00,324.9130347467238,327.39328692036287,321.93673213835683,322.9288330078125,100000
2004-02-13 00:00:00+09:00,321.4405998689867,322.4327004858663,315.98404647614893,320.9445495605469,50000
2004-02-16 00:00:00+09:00,317.9683125047799,329.3774719238281,317.9683125047799,329.3774719238281,127000
2004-02-17 00:00:00+09:00,329.37746706667605,332.35376947992916,325.4090638490053,330.36956787109375,128000
2004-02-18 00:00:00+09:00,332.3537793116267,332.3537793116267,328.3853759765625,328.3853759765625,35000
2004-02-19 00:00:00+09:00,328.38538386983083,329.87353515625,326.89723258341166,329.87353515625,44000
2004-02-20 00:00:00+09:00,329.87352233335196,329.87352233335196,327.3932702857328,329.3774719238281,32000
2004-02-23 00:00:00+09:00,329.3774768103286,329.8735272272116,327.3932751427964,328.3853759765625,23000
2004-02-24 00:00:00+09:00,328.38535830122316,329.8735094717725,325.4090559601244,328.88140869140625,77000
2004-02-25 00:00:00+09:00,328.88143429863726,329.87353515625,328.38538386983083,329.87353515625,58000
2004-02-26 00:00:00+09:00,333.3459918478261,344.75515525928444,330.86573893229166,342.27490234375,263000
2004-02-27 00:00:00+09:00,337.81032319502395,349.219482421875,337.81032319502395,349.219482421875,188000
2004-03-01 00:00:00+09:00,348.22741984107034,352.6918739415969,347.7313693854563,350.7076721191406,149000
2004-03-02 00:00:00+09:00,350.7076721191406,352.1958234859828,339.7945620956313,350.7076721191406,105000
2004-03-03 00:00:00+09:00,345.7470609961495,349.71546341791304,344.7549603907086,347.73126220703125,26000
2004-03-04 00:00:00+09:00,348.2273357822306,356.16414115618466,344.75498343112577,355.6680908203125,88000
2004-03-05 00:00:00+09:00,357.65230565478714,366.58121203729223,355.6681042364527,365.589111328125,159000
2004-03-08 00:00:00+09:00,365.589154101111,379.4785656544775,364.59705327587056,375.5101623535156,185000
2004-03-09 00:00:00+09:00,379.9746576446334,381.95885951222937,374.02205204184537,379.4786071777344,91000
2004-03-10 00:00:00+09:00,381.95880126953125,383.9430028345678,379.4785493132356,381.95880126953125,106000
2004-03-11 00:00:00+09:00,380.4706580395224,384.43906125245087,376.9983052282099,383.44696044921875,97000
2004-03-12 00:00:00+09:00,373.5259594398857,374.51806026177115,368.0694049195155,369.55755615234375,106000
2004-03-15 00:00:00+09:00,372.0378250782018,378.4864807128906,372.0378250782018,378.4864807128906,133000
2004-03-16 00:00:00+09:00,381.95879164900276,385.92719467912224,379.4785397551781,383.9429931640625,93000
2004-03-17 00:00:00+09:00,383.94299637643917,386.91929867393094,381.95879484477797,386.4232482910156,58000
2004-03-18 00:00:00+09:00,386.9194641113281,388.4076158963717,384.93526173127003,386.9194641113281,67000
2004-03-19 00:00:00+09:00,384.4392111362555,386.9194641113281,381.9589581611829,386.9194641113281,40000
2004-03-22 00:00:00+09:00,385.92725315763676,385.92725315763676,380.9667486183355,381.4627990722656,36000
2004-03-23 00:00:00+09:00,381.4627912237501,381.9588416674741,376.00623634278617,379.9746398925781,53000
2004-03-24 00:00:00+09:00,379.9745917090226,380.47064208984375,373.52593675834726,380.47064208984375,117000
2004-03-25 00:00:00+09:00,380.47075371892197,394.8562189833923,380.47075371892197,394.36016845703125,68000
2004-03-26 00:00:00+09:00,396.35187235898195,396.35187235898195,392.3684364558766,395.85394287109375,51000
2004-03-29 00:00:00+09:00,386.3932826012186,395.85394287109375,386.3932826012186,395.85394287109375,51000
2004-03-30 00:00:00+09:00,395.85388644816595,395.85388644816595,388.38494519442696,395.35595703125,51000
2004-03-31 00:00:00+09:00,395.3559616492946,395.3559616492946,389.8787379992414,394.8580322265625,32000
2004-04-01 00:00:00+09:00,395.3560040520604,397.34772195660486,394.36014509978827,396.84979248046875,77000
2004-04-02 00:00:00+09:00,397.34779543804035,397.34779543804035,383.4057675279336,392.3684997558594,87000
2004-04-05 00:00:00+09:00,393.8621176357927,406.8082807944913,393.36418828353504,404.3186340332031,113000
2004-04-06 00:00:00+09:00,407.80423272253506,428.219340831966,407.80423272253506,417.264892578125,401000
2004-04-07 00:00:00+09:00,418.2607321744949,419.2565910606246,402.8249194394838,412.78350830078125,122000
2004-04-08 00:00:00+09:00,416.2689129660706,416.7668422878004,410.7916904270434,413.7792663574219,60000
2004-04-09 00:00:00+09:00,412.28564004337085,412.28564004337085,405.81255632288315,406.31048583984375,55000
2004-04-12 00:00:00+09:00,406.3104601873868,413.77940247024316,406.3104601873868,412.2856140136719,80000
2004-04-13 00:00:00+09:00,412.28554054007145,420.7503402854594,407.3062465721962,420.2524108886719,92000
2004-04-14 00:00:00+09:00,417.7628127325149,418.2607421875,413.7793770926339,418.2607421875,75000
2004-04-15 00:00:00+09:00,418.2606348244541,418.75856415162605,412.7834122255624,413.2813415527344,66000
2004-04-16 00:00:00+09:00,408.3022012664941,416.2690734863281,406.3104832115356,416.2690734863281,75000
2004-04-19 00:00:00+09:00,424.23582774922596,443.15714401034165,424.23582774922596,432.20269775390625,250000
2004-04-20 00:00:00+09:00,440.16960060748767,441.1654594323915,418.2607064596037,428.71722412109375,126000
2004-04-21 00:00:00+09:00,423.7379299965747,431.2068711833533,423.24000058412275,428.71722412109375,54000
2004-04-22 00:00:00+09:00,425.23154974094916,433.19841718340257,418.2605407288025,427.2232666015625,130000
2004-04-23 00:00:00+09:00,427.2235036583886,429.71315111560534,424.2359267097286,424.7338562011719,58000
2004-04-26 00:00:00+09:00,409.7958935561338,422.244128475822,403.322811397896,420.2524108886719,128000
2004-04-27 00:00:00+09:00,420.2526068955838,420.2526068955838,408.3022957990269,415.771240234375,46000
2004-04-28 00:00:00+09:00,420.25244330220465,420.25244330220465,416.2690078206672,416.7669372558594,46000
2004-04-29 00:00:00+09:00,416.7669372558594,416.7669372558594,416.7669372558594,416.7669372558594,0
2004-04-30 00:00:00+09:00,410.7918891488562,411.2898187114609,407.3063822106235,408.8001708984375,36000
2004-05-03 00:00:00+09:00,408.8001708984375,408.8001708984375,408.8001708984375,408.8001708984375,0
2004-05-04 00:00:00+09:00,408.8001708984375,408.8001708984375,408.8001708984375,408.8001708984375,0
2004-05-05 00:00:00+09:00,408.8001708984375,408.8001708984375,408.8001708984375,408.8001708984375,0
2004-05-06 00:00:00+09:00,410.29396629795326,413.2815437224529,403.32295230745405,411.2898254394531,56000
2004-05-07 00:00:00+09:00,401.3311147220799,401.3311147220799,393.86217338109833,394.8580322265625,36000
2004-05-10 00:00:00+09:00,374.9409061936097,383.90363701895495,370.95747027123406,372.9491882324219,46000
2004-05-11 00:00:00+09:00,353.0319693729795,363.48848750673494,349.5464633283944,360.99884033203125,97000
2004-05-12 00:00:00+09:00,361.9947623386178,375.43885942684705,361.9947623386178,370.4595642089844,94000
2004-05-13 00:00:00+09:00,365.48028354854375,372.4512971312135,360.50098813235104,362.4927062988281,67000
2004-05-14 00:00:00+09:00,362.4927185652816,368.46787326690713,353.5299865128433,358.0113525390625,50000
2004-05-17 00:00:00+09:00,353.5298614501953,362.4925903320312,348.5505676269531,348.5505676269531,76000
2004-05-18 00:00:00+09:00,353.5298289784943,373.44700244207144,351.5381116321366,365.4801330566406,54000
2004-05-19 00:00:00+09:00,365.9780960083008,386.89113006591793,365.9780960083008,378.42633056640625,54000
2004-05-20 00:00:00+09:00,383.40553769021847,397.3475572425901,376.9324571837602,391.3724060058594,84000
2004-05-21 00:00:00+09:00,396.35186084348766,402.8249439979667,396.35186084348766,400.3352966308594,76000
2004-05-24 00:00:00+09:00,399.33942581176757,400.83321418762205,396.84977851867677,398.34356689453125,31000
2004-05-25 00:00:00+09:00,398.3435104427409,398.3435104427409,393.3642165622067,397.8455810546875,25000
2004-05-26 00:00:00+09:00,399.3395137109127,399.3395137109127,392.3684997558594,392.3684997558594,20000
2004-05-27 00:00:00+09:00,392.3684221984475,392.3684221984475,388.88291590988257,390.8746337890625,31000
2004-05-28 00:00:00+09:00,390.8746337890625,390.8746337890625,384.8994801515227,390.8746337890625,26000
2004-05-31 00:00:00+09:00,390.8745848603726,392.8663024902344,383.40564374839096,392.8663024902344,31000
2004-06-01 00:00:00+09:00,387.88700841557994,392.8663024902344,380.9159967110637,392.8663024902344,24000
2004-06-02 00:00:00+09:00,392.8663191361861,392.8663191361861,376.93257742217094,377.9284362792969,62000
2004-06-03 00:00:00+09:00,377.4305369195606,378.4263958560238,371.45538330078125,371.45538330078125,62000
2004-06-04 00:00:00+09:00,370.9573883097494,373.44703521115713,370.9573883097494,371.9532470703125,65000
2004-06-07 00:00:00+09:00,371.9532455727656,375.93668059897993,371.9532455727656,375.4387512207031,119000
2004-06-08 00:00:00+09:00,378.42634849941606,391.3725130533434,378.42634849941606,386.3932189941406,128000
2004-06-09 00:00:00+09:00,386.8912142058342,386.8912142058342,383.4057077715474,385.8953552246094,55000
2004-06-10 00:00:00+09:00,385.397456612174,385.89538614268065,378.9243727155871,379.42230224609375,44000
2004-06-11 00:00:00+09:00,379.42218933105465,379.9201187133789,377.4304718017578,378.42633056640625,198000
2004-06-14 00:00:00+09:00,379.4222857223274,388.3850168811225,379.4222857223274,384.4015808105469,101000
2004-06-15 00:00:00+09:00,385.89522068602565,387.38900863706834,383.90350341796875,383.90350341796875,54000
2004-06-16 00:00:00+09:00,385.8953415669322,397.34771944569275,385.8953415669322,393.8622131347656,108000
2004-06-17 00:00:00+09:00,397.34760199652777,397.34760199652777,385.3972981770833,389.878662109375,75000
2004-06-18 00:00:00+09:00,394.8581004958079,394.8581004958079,384.4015808105469,384.4015808105469,73000
2004-06-21 00:00:00+09:00,386.3932051294587,403.3228043232752,386.3932051294587,397.8455810546875,113000
2004-06-22 00:00:00+09:00,401.3310669698833,405.31450187777295,398.34349078896605,403.3227844238281,151000
2004-06-23 00:00:00+09:00,405.31466396020477,414.7753256496936,405.31466396020477,408.8001708984375,163000
2004-06-24 00:00:00+09:00,412.7834395251228,416.76687440594424,408.80000464430134,410.2937927246094,49000
2004-06-25 00:00:00+09:00,415.7711439725885,418.26079154128666,413.2814964038904,416.2690734863281,64000
2004-06-28 00:00:00+09:00,416.7669981833065,423.2400817871094,416.26906867532165,423.2400817871094,118000
2004-06-29 00:00:00+09:00,425.7295605960308,445.1488037109375,424.2357726641149,445.1488037109375,522000
2004-06-30 00:00:00+09:00,448.13647530295634,448.13647530295634,435.6882398778742,438.1778869628906,200000
2004-07-01 00:00:00+09:00,438.6758238021937,443.15718863104695,438.17789437676555,440.66754150390625,94000
2004-07-02 00:00:00+09:00,435.6883927887561,437.18218156403185,430.70909687117035,431.7049560546875,74000
2004-07-05 00:00:00+09:00,416.7669280169263,423.2400105309287,409.2979866546158,417.7627868652344,142000
2004-07-06 00:00:00+09:00,417.26477160953016,433.19850990488214,413.7792663574219,413.7792663574219,53000
2004-07-07 00:00:00+09:00,413.77940247024316,414.2773319557669,410.7918255571006,412.2856140136719,43000
2004-07-08 00:00:00+09:00,412.28556319954,417.7627868652344,408.80005723046173,417.7627868652344,53000
2004-07-09 00:00:00+09:00,417.2650291214446,418.260888379491,410.791943944143,415.771240234375,48000
2004-07-12 00:00:00+09:00,416.2690478630786,422.74213114324607,416.2690478630786,422.24420166015625,53000
2004-07-13 00:00:00+09:00,421.7462469411451,428.2193298339844,415.7710935016011,428.2193298339844,43000
2004-07-14 00:00:00+09:00,428.21929823550033,428.7172276520532,418.2607099044422,421.7462158203125,54000
2004-07-15 00:00:00+09:00,420.25240339900984,420.25240339900984,407.8041687011719,407.8041687011719,51000
2004-07-16 00:00:00+09:00,412.78350830078125,416.76694384530026,403.3228488825486,412.78350830078125,34000
2004-07-19 00:00:00+09:00,412.78350830078125,412.78350830078125,412.78350830078125,412.78350830078125,0
2004-07-20 00:00:00+09:00,407.80413949900657,408.3020688512642,396.3517643970809,404.3186340332031,59000
2004-07-21 00:00:00+09:00,402.3269229629665,412.7834395251228,402.3269229629665,410.2937927246094,25000
2004-07-22 00:00:00+09:00,409.79593359582907,415.2731574956518,405.8124980323216,409.2980041503906,29000
2004-07-23 00:00:00+09:00,419.256591796875,422.74209790444996,413.7793679135429,419.256591796875,72000
2004-07-26 00:00:00+09:00,420.7503894624256,428.21933128720235,408.8000825427827,418.2607421875,52000
2004-07-27 00:00:00+09:00,418.26078213778413,418.26078213778413,408.80012158942947,410.7918395996094,20000
2004-07-28 00:00:00+09:00,409.79578976514864,409.79578976514864,404.8164970584032,408.302001953125,18000
2004-07-29 00:00:00+09:00,407.80431177322816,408.8001708984375,398.84157964634403,408.8001708984375,38000
2004-07-30 00:00:00+09:00,404.31871744791664,418.2607421875,404.31871744791664,418.2607421875,27000
2004-08-02 00:00:00+09:00,418.2606538813165,422.24408868018617,416.76686583174035,421.24822998046875,20000
2004-08-03 00:00:00+09:00,423.2400626951946,423.2400626951946,408.8001076150056,412.2856140136719,30000
2004-08-04 00:00:00+09:00,412.2855535828241,412.2855535828241,396.35181238155553,402.32696533203125,52000
2004-08-05 00:00:00+09:00,400.83326115327725,406.80841535680435,400.83326115327725,406.31048583984375,13000
2004-08-06 00:00:00+09:00,402.32688177467713,404.8165283203125,395.8538007560252,404.8165283203125,45000
2004-08-09 00:00:00+09:00,389.8787300185402,402.32696533203125,389.8787300185402,402.32696533203125,32000
2004-08-10 00:00:00+09:00,410.79164830649773,413.2812946598704,401.82892143435595,408.302001953125,76000
2004-08-11 00:00:00+09:00,408.30216218861875,418.2607515102924,407.3063032564514,417.264892578125,39000
2004-08-12 00:00:00+09:00,417.76279612624376,421.24830217258904,413.2814312095141,416.7669372558594,39000
2004-08-13 00:00:00+09:00,407.3063236770817,411.2897596054639,405.3146057128906,405.3146057128906,66000
2004-08-16 00:00:00+09:00,405.31450187777295,405.31450187777295,395.3559146080488,403.3227844238281,33000
2004-08-17 00:00:00+09:00,405.31461993913007,405.31461993913007,392.36845271748706,397.3477478027344,35000
2004-08-18 00:00:00+09:00,397.3476244055707,400.8331298828125,397.3476244055707,400.8331298828125,8000
2004-08-19 00:00:00+09:00,397.84555375946235,403.322776652271,397.84555375946235,400.8331298828125,47000
2004-08-20 00:00:00+09:00,397.8456374359131,400.3352847290039,397.8456374359131,398.34356689453125,18000
2004-08-23 00:00:00+09:00,402.82490299027626,407.3062677948652,394.3601028038304,394.8580322265625,66000
2004-08-24 00:00:00+09:00,400.8331852993478,400.8331852993478,392.8663145356341,394.8580322265625,12000
2004-08-25 00:00:00+09:00,398.84152232926954,405.8125352039384,394.8580864008873,405.3146057128906,25000
2004-08-26 00:00:00+09:00,414.77527561996925,414.77527561996925,403.3228970614347,410.7918395996094,36000
2004-08-27 00:00:00+09:00,411.28965144481475,411.28965144481475,405.81242848368527,410.2937927246094,18000
2004-08-30 00:00:00+09:00,409.79588625282594,409.79588625282594,407.8041687011719,407.8041687011719,7000
2004-08-31 00:00:00+09:00,403.82063851705414,409.79578976514864,403.3227092463796,408.302001953125,25000
2004-09-01 00:00:00+09:00,408.79993122379955,410.79164830649773,407.80407268245045,408.302001953125,22000
2004-09-02 00:00:00+09:00,407.8042486439581,413.2814729847194,407.8042486439581,412.2856140136719,19000
2004-09-03 00:00:00+09:00,413.28139341794525,415.77104036624615,410.2938170799842,414.2772521972656,58000
2004-09-06 00:00:00+09:00,419.2565339963008,435.6882033809539,418.26067524571573,432.20269775390625,215000
2004-09-07 00:00:00+09:00,432.7007894185619,435.688366790842,429.21528248423516,431.2070007324219,90000
2004-09-08 00:00:00+09:00,430.7090569639919,434.1945637833537,428.21940923587636,432.7007751464844,40000
2004-09-09 00:00:00+09:00,432.20269463842266,432.20269463842266,423.7378953194674,429.2151184082031,37000
2004-09-10 00:00:00+09:00,429.21518874057506,429.21518874057506,423.7379647543264,428.2193298339844,95000
2004-09-13 00:00:00+09:00,427.7215193206189,433.19874482996323,427.2235897288603,431.7049560546875,31000
2004-09-14 00:00:00+09:00,427.72136241176673,427.72136241176673,420.7503506844504,425.7296447753906,47000
2004-09-15 00:00:00+09:00,428.2192579792863,431.20683419774645,422.7420349121094,422.7420349121094,35000
2004-09-16 00:00:00+09:00,423.24003530103107,431.7048360070517,423.24003530103107,428.2193298339844,90000
2004-09-17 00:00:00+09:00,431.2068711833533,431.2068711833533,426.7255064712861,428.71722412109375,28000
2004-09-20 00:00:00+09:00,428.71722412109375,428.71722412109375,428.71722412109375,428.71722412109375,0
2004-09-21 00:00:00+09:00,429.2150217341281,440.66739470383214,429.2150217341281,433.1984558105469,50000
2004-09-22 00:00:00+09:00,433.19870469210747,433.19870469210747,432.7007751464844,432.7007751464844,17000
2004-09-23 00:00:00+09:00,432.7007751464844,432.7007751464844,432.7007751464844,432.7007751464844,0
2004-09-24 00:00:00+09:00,432.7005795870213,432.7005795870213,419.7544172518515,430.7088623046875,33000
2004-09-27 00:00:00+09:00,430.70899974099365,430.70899974099365,425.712375614068,426.7117004394531,32000
2004-09-28 00:00:00+09:00,426.71166021663817,429.2099720446044,421.21537419511236,424.2133483886719,32000
2004-09-29 00:00:00+09:00,425.21274441011195,425.21274441011195,418.2174701189938,418.7171325683594,31000
2004-09-30 00:00:00+09:00,419.2166762681035,429.2099224246733,419.2166762681035,427.2112731933594,48000
2004-10-01 00:00:00+09:00,422.214793688262,429.7097308543258,422.214793688262,425.2127685546875,42000
2004-10-04 00:00:00+09:00,425.2126731198584,428.2106473134179,417.21807527036634,424.2133483886719,107000
2004-10-05 00:00:00+09:00,427.211360953757,427.211360953757,425.212711311868,426.2120361328125,32000
2004-10-06 00:00:00+09:00,421.2152066987136,434.7060852050781,421.2152066987136,434.7060852050781,92000
2004-10-07 00:00:00+09:00,433.70708876118647,433.70708876118647,432.2081011272192,432.707763671875,16000
2004-10-08 00:00:00+09:00,434.2066556789257,434.70631811353894,424.7130694212737,431.7083435058594,41000
2004-10-11 00:00:00+09:00,431.7083435058594,431.7083435058594,431.7083435058594,431.7083435058594,0
2004-10-12 00:00:00+09:00,434.70620781078674,434.70620781078674,427.2112731933594,427.2112731933594,19000
2004-10-13 00:00:00+09:00,428.2106433854897,428.2106433854897,423.2140197753906,423.2140197753906,6000
2004-10-14 00:00:00+09:00,424.2134448753859,424.2134448753859,414.71985776981194,417.2181701660156,27000
2004-10-15 00:00:00+09:00,418.7171576037378,419.2168200829786,412.22154537360825,417.2181701660156,25000
2004-10-18 00:00:00+09:00,422.214794958423,426.21209479234886,415.21952024905266,417.2181701660156,40000
2004-10-19 00:00:00+09:00,417.21803350663555,422.2146566624036,417.21803350663555,421.21533203125,29000
2004-10-20 00:00:00+09:00,426.21205210944566,426.21205210944566,414.22015380859375,414.22015380859375,31000
2004-10-21 00:00:00+09:00,414.71968382307625,415.719008362409,411.22204793541175,411.7217102050781,14000
2004-10-22 00:00:00+09:00,411.7218878463764,412.2215503316268,404.72661305287,410.222900390625,23000
2004-10-25 00:00:00+09:00,410.2228049626426,410.2228049626426,400.22955758231024,409.2234802246094,18000
2004-10-26 00:00:00+09:00,405.22613724581714,406.2254618752766,404.7264749310874,405.7257995605469,23000
2004-10-27 00:00:00+09:00,408.22406619932593,409.7230529785156,407.724403939596,409.7230529785156,21000
2004-10-28 00:00:00+09:00,404.7266089232485,404.7266089232485,400.2296466018791,400.72930908203125,66000
2004-10-29 00:00:00+09:00,401.22890854358076,405.2262077569664,395.23295972350235,400.2295837402344,43000
2004-11-01 00:00:00+09:00,405.2262329636959,405.2262329636959,394.73332187585663,398.7306213378906,24000
2004-11-02 00:00:00+09:00,400.72924423217773,404.7265434265137,398.73059463500977,399.72991943359375,19000
2004-11-03 00:00:00+09:00,399.72991943359375,399.72991943359375,399.72991943359375,399.72991943359375,0
2004-11-04 00:00:00+09:00,419.7164658368644,419.7164658368644,412.72119140625,412.72119140625,81000
2004-11-05 00:00:00+09:00,417.7177506219773,422.21471205211816,414.2201139540899,419.7164001464844,37000
2004-11-08 00:00:00+09:00,424.71295567185666,428.71025407818,423.2139687694854,425.7122802734375,152000
2004-11-09 00:00:00+09:00,420.7156208138957,421.7149453288931,414.2200114664128,416.71832275390625,34000
2004-11-10 00:00:00+09:00,417.7176595052083,417.7176595052083,403.2274536132812,404.7264404296875,91000
2004-11-11 00:00:00+09:00,410.72242270784426,415.2193835404119,405.7257995605469,405.7257995605469,42000
2004-11-12 00:00:00+09:00,400.72925184259367,405.7258759304066,397.23161498112466,401.72857666015625,59000
2004-11-15 00:00:00+09:00,403.7272707436972,416.2188323384898,403.7272707436972,413.72052001953125,100000
2004-11-16 00:00:00+09:00,414.71984494711467,419.71646958503175,412.2215326281561,413.72052001953125,80000
2004-11-17 00:00:00+09:00,414.2201787842388,414.7198412435684,411.22220402826116,412.72119140625,40000
2004-11-18 00:00:00+09:00,412.7210263459579,417.2179866814466,402.2281188964844,402.2281188964844,66000
2004-11-19 00:00:00+09:00,409.22343576365506,409.22343576365506,402.22816335743875,405.7257995605469,16000
2004-11-22 00:00:00+09:00,399.23018006604127,400.22950467196375,392.23490782458373,395.7325439453125,18000
2004-11-23 00:00:00+09:00,395.7325439453125,395.7325439453125,395.7325439453125,395.7325439453125,0
2004-11-24 00:00:00+09:00,392.73469966008116,398.7306492732122,389.7367248535156,389.7367248535156,43000
2004-11-25 00:00:00+09:00,389.7367248535156,391.2357122567984,388.2377374502329,389.7367248535156,25000
2004-11-26 00:00:00+09:00,439.7029113769531,439.7029113769531,434.7062873840332,439.7029113769531,585000
2004-11-29 00:00:00+09:00,434.70628380003035,469.6826514621018,427.21134787244364,462.6873779296875,1654000
2004-11-30 00:00:00+09:00,454.19306701660156,457.6907033962674,444.6994825575087,449.69610595703125,369000
2004-12-01 00:00:00+09:00,447.19789452315695,454.69283130287465,445.1992447152322,452.19451904296875,281000
2004-12-02 00:00:00+09:00,453.6934926640283,458.69011703257485,450.69551804290035,456.69146728515625,254000
2004-12-03 00:00:00+09:00,460.189011129291,479.6758422194564,460.189011129291,464.1863098144531,773000
2004-12-06 00:00:00+09:00,459.6894539352012,461.1884412849899,451.6948547363281,451.6948547363281,276000
2004-12-07 00:00:00+09:00,446.6981201171875,452.19440571147055,443.20048382991644,446.6981201171875,282000
2004-12-08 00:00:00+09:00,444.6995544433594,446.198541705528,440.2025926568535,444.6995544433594,149000
2004-12-09 00:00:00+09:00,442.20128290482353,442.20128290482353,438.20398317235055,439.20330810546875,101000
2004-12-10 00:00:00+09:00,434.2066514139023,445.69888729712414,434.2066514139023,438.70361328125,212000
2004-12-13 00:00:00+09:00,438.2039068946882,440.202556413022,434.7062702376041,435.2059326171875,74000
2004-12-14 00:00:00+09:00,435.7057136210803,437.2047011679418,429.70976343363424,434.20672607421875,163000
2004-12-15 00:00:00+09:00,434.2066116944757,441.20188507045117,433.20728692647924,436.20526123046875,60000
2004-12-16 00:00:00+09:00,434.706274078474,437.20458599846523,434.706274078474,436.20526123046875,36000
2004-12-17 00:00:00+09:00,432.20792120202344,443.2004926083177,432.20792120202344,441.20184326171875,115000
2004-12-20 00:00:00+09:00,444.6994894904059,444.6994894904059,439.7028660129856,443.7001647949219,84000
2004-12-21 00:00:00+09:00,442.2012460819809,447.1978703314948,442.2012460819809,445.6988830566406,66000
2004-12-22 00:00:00+09:00,448.6967941952073,448.6967941952073,443.70017065183083,445.19915771484375,122000
2004-12-23 00:00:00+09:00,445.19915771484375,445.19915771484375,445.19915771484375,445.19915771484375,0
2004-12-24 00:00:00+09:00,446.1985696191946,453.1938439469311,445.6989071672134,452.19451904296875,158000
2004-12-27 00:00:00+09:00,452.694055297446,454.69270454820736,447.69743217054264,451.195068359375,82000
2004-12-28 00:00:00+09:00,449.69610398815524,452.19441567697834,449.1964416503906,449.1964416503906,64000
2004-12-29 00:00:00+09:00,445.1991429482737,453.6934026902722,445.1991429482737,449.1964416503906,78000
2004-12-30 00:00:00+09:00,455.192372875761,455.69203519505385,451.1950743214184,452.6940612792969,51000
2004-12-31 00:00:00+09:00,452.6940612792969,452.6940612792969,452.6940612792969,452.6940612792969,0
2005-01-03 00:00:00+09:00,452.6940612792969,452.6940612792969,452.6940612792969,452.6940612792969,0
2005-01-04 00:00:00+09:00,454.69273419681457,458.6900329589844,453.69340950627213,458.6900329589844,25000
2005-01-05 00:00:00+09:00,453.69339269172957,454.6927173452356,446.1984577904345,446.6981201171875,67000
2005-01-06 00:00:00+09:00,441.7015075683594,444.19981926275057,438.70353353508995,441.7015075683594,109000
2005-01-07 00:00:00+09:00,440.2025283607276,444.1998271426639,438.70354131750156,443.7001647949219,58000
2005-01-10 00:00:00+09:00,443.7001647949219,443.7001647949219,443.7001647949219,443.7001647949219,0
2005-01-11 00:00:00+09:00,445.6987714356576,445.6987714356576,437.7041746386055,440.7021484375,112000
2005-01-12 00:00:00+09:00,440.702103515625,440.702103515625,435.2058187779018,437.2044677734375,97000
2005-01-13 00:00:00+09:00,436.70492361446696,442.7008722224459,436.20526123046875,436.20526123046875,128000
2005-01-14 00:00:00+09:00,437.7041341331421,439.20312089387204,434.2064983581056,438.20379638671875,117000
2005-01-17 00:00:00+09:00,440.2025451660156,442.70085700010196,438.2038956987465,440.2025451660156,169000
2005-01-18 00:00:00+09:00,439.70277901785715,440.20244126674106,435.7054810267857,437.2044677734375,85000
2005-01-19 00:00:00+09:00,437.20454554403983,439.2031948950983,433.2072468419229,433.7069091796875,58000
2005-01-20 00:00:00+09:00,432.20783870167327,432.20783870167327,427.7108785302108,428.2105407714844,78000
2005-01-21 00:00:00+09:00,427.21145085553167,434.20672607421875,427.21145085553167,434.20672607421875,55000
2005-01-24 00:00:00+09:00,434.70641385049794,436.2054014844652,430.20945094859627,432.707763671875,60000
2005-01-25 00:00:00+09:00,433.20731564102886,433.20731564102886,427.2113666356167,427.7110290527344,69000
2005-01-26 00:00:00+09:00,427.71093550118786,428.21059780901635,426.7116108855309,427.2112731933594,53000
2005-01-27 00:00:00+09:00,427.2112162889371,430.2091897365788,426.7115540476635,428.2105407714844,92000
2005-01-28 00:00:00+09:00,427.21131472615804,427.21131472615804,420.21604173648996,422.2146911621094,77000
2005-01-31 00:00:00+09:00,422.71441231661066,433.70698568654615,422.71441231661066,429.7096862792969,122000
2005-02-01 00:00:00+09:00,431.7083435058594,434.70631811353894,428.7103688981798,431.7083435058594,159000
2005-02-02 00:00:00+09:00,435.70553986922556,437.20452681831694,434.706215236498,436.7048645019531,115000
2005-02-03 00:00:00+09:00,437.70426177978516,440.2025737762451,432.70763778686523,439.7029113769531,143000
2005-02-04 00:00:00+09:00,440.20244540102533,440.20244540102533,437.20447187956546,438.20379638671875,54000
2005-02-07 00:00:00+09:00,438.2039475197016,439.7029347974201,429.21002385339074,429.7096862792969,167000
2005-02-08 00:00:00+09:00,427.71099692343574,436.70491975593785,427.71099692343574,435.2059326171875,108000
2005-02-09 00:00:00+09:00,435.2058534201779,435.70551570883487,430.7088928222656,430.7088928222656,68000
2005-02-10 00:00:00+09:00,426.71181487157133,437.2047283520198,426.71181487157133,433.2074279785156,91000
2005-02-11 00:00:00+09:00,433.2074279785156,433.2074279785156,433.2074279785156,433.2074279785156,0
2005-02-14 00:00:00+09:00,448.19710908175847,451.69474538451465,444.6994727790023,447.1977844238281,330000
2005-02-15 00:00:00+09:00,448.1971951813976,454.6928067057657,444.69955820673783,445.6988830566406,185000
2005-02-16 00:00:00+09:00,447.697469486532,448.19713184086964,444.1998330061685,445.19915771484375,103000
2005-02-17 00:00:00+09:00,444.69948061050906,449.1964416503906,444.19981827274444,449.1964416503906,90000
2005-02-18 00:00:00+09:00,451.1950910014491,451.1950910014491,447.19779229933215,449.1964416503906,61000
2005-02-21 00:00:00+09:00,450.6954520567843,459.18971223967264,450.6954520567843,455.1924133300781,185000
2005-02-22 00:00:00+09:00,457.1911297220109,459.6894419062842,456.1918048483016,456.69146728515625,123000
2005-02-23 00:00:00+09:00,451.6948547363281,453.19384208611683,450.69552983646895,451.6948547363281,81000
2005-02-24 00:00:00+09:00,454.69283130287465,456.6914811107994,452.19451904296875,452.19451904296875,94000
2005-02-25 00:00:00+09:00,452.19441567697834,454.69272736580143,448.1971169748614,449.1964416503906,244000
2005-02-28 00:00:00+09:00,449.6960650433551,456.6913371662517,448.1970781598772,454.69268798828125,271000
2005-03-01 00:00:00+09:00,458.1902516138375,466.68450927734375,457.1909271828368,466.68450927734375,371000
2005-03-02 00:00:00+09:00,469.68266494276696,469.68266494276696,464.1863784381176,466.1850280761719,142000
2005-03-03 00:00:00+09:00,461.188499907285,463.1871499610544,452.69423717876515,459.1898498535156,167000
2005-03-04 00:00:00+09:00,459.68935764952687,459.68935764952687,455.1923965420858,458.6900329589844,67000
2005-03-07 00:00:00+09:00,462.18771170744134,464.18636127158163,459.68939975226596,461.68804931640625,121000
2005-03-08 00:00:00+09:00,463.1870071864364,463.1870071864364,453.193759997948,454.1930847167969,159000
2005-03-09 00:00:00+09:00,454.1930886026795,459.18971223967264,452.19443914788224,455.1924133300781,128000
2005-03-10 00:00:00+09:00,455.1923867567215,464.18630877825933,454.19306208766176,456.19171142578125,157000
2005-03-11 00:00:00+09:00,456.1917015109293,459.689337776621,453.6933898925781,453.6933898925781,279000
2005-03-14 00:00:00+09:00,455.69215433576466,457.19114168555336,451.6948547363281,451.6948547363281,236000
2005-03-15 00:00:00+09:00,452.69407801474296,454.1930650280368,442.7008312594506,449.1964416503906,312000
2005-03-16 00:00:00+09:00,444.6994796182669,448.6967783114648,440.20251858841925,441.20184326171875,212000
2005-03-17 00:00:00+09:00,439.7029113769531,439.7029113769531,437.20459938049316,439.7029113769531,205000
2005-03-18 00:00:00+09:00,439.2031615380527,442.2011353369473,436.7048500389739,440.7021484375,254000
2005-03-21 00:00:00+09:00,440.7021484375,440.7021484375,440.7021484375,440.7021484375,0
2005-03-22 00:00:00+09:00,442.7008683109393,442.7008683109393,434.7062702376041,435.2059326171875,265000
2005-03-23 00:00:00+09:00,436.2052726524592,436.704935049541,427.71101190206764,431.2086486816406,378000
2005-03-24 00:00:00+09:00,432.70762817240706,439.20323921887507,429.2099914550781,429.2099914550781,186000
2005-03-25 00:00:00+09:00,425.71236419677734,445.19919776916504,424.71303939819336,439.7029113769531,318000
2005-03-28 00:00:00+09:00,444.71665249811696,448.72762568862987,444.71665249811696,447.2235107421875,177000
2005-03-29 00:00:00+09:00,449.73028737771216,453.74125984038966,448.7275442620428,450.2316589355469,376000
2005-03-30 00:00:00+09:00,449.73037556239535,452.23723384312217,444.2152873447963,449.22900390625,274000
2005-03-31 00:00:00+09:00,449.2290028378009,459.25643593685896,444.7166579432248,458.2536926269531,314000
2005-04-01 00:00:00+09:00,456.248163898304,456.248163898304,448.7275897681122,454.7440490722656,47000
2005-04-04 00:00:00+09:00,452.7384767972506,457.7521919334328,451.23436225639597,456.2480773925781,84000
2005-04-05 00:00:00+09:00,456.74947244336795,457.2508439828228,453.23987166718405,454.24261474609375,150000
2005-04-06 00:00:00+09:00,449.22891927083333,456.2481211344401,449.22891927083333,451.2344055175781,142000
2005-04-07 00:00:00+09:00,456.2482108778626,462.26467080152673,455.74683921755724,459.7578125,237000
2005-04-08 00:00:00+09:00,464.27010093357256,464.27010093357256,452.7385541501253,461.2618713378906,201000
2005-04-11 00:00:00+09:00,461.2618713378907,461.76324293717096,457.25089854364813,461.2618713378906,136000
2005-04-12 00:00:00+09:00,462.7660391718963,462.7660391718963,458.7550659179687,458.75506591796875,165000
2005-04-13 00:00:00+09:00,458.7550642819061,460.2591792467648,454.74409104228283,458.2536926269531,82000
2005-04-14 00:00:00+09:00,457.2508386757683,457.2508386757683,447.2234080030541,452.7384948730469,87000
2005-04-15 00:00:00+09:00,445.7192687988281,453.23984138823465,440.7055537392237,445.7192687988281,236000
2005-04-18 00:00:00+09:00,440.7054897166427,447.72468978038904,439.20137541726854,444.7164611816406,335000
2005-04-19 00:00:00+09:00,445.71927767418634,448.2261352539062,441.20693403069066,448.22613525390625,111000
2005-04-20 00:00:00+09:00,450.23173732114645,456.2481970626317,443.2125342894136,446.22076416015625,249000
2005-04-21 00:00:00+09:00,440.70545780576504,440.70545780576504,429.17391567887927,436.193115234375,151000
2005-04-22 00:00:00+09:00,438.7001274100127,441.2069852809271,436.19326953909837,436.69464111328125,97000
2005-04-25 00:00:00+09:00,436.694816642215,436.694816642215,431.17972710942007,434.1879577636719,103000
2005-04-26 00:00:00+09:00,435.19044022799375,437.1959261276619,429.1739825289892,429.67535400390625,98000
2005-04-27 00:00:00+09:00,431.17972710942007,436.694816642215,429.6756117822942,434.1879577636719,189000
2005-04-28 00:00:00+09:00,440.70545780576504,440.70545780576504,431.1794012661637,436.193115234375,83000
2005-04-29 00:00:00+09:00,436.19311523437494,436.19311523437494,436.19311523437494,436.193115234375,0
2005-05-02 00:00:00+09:00,436.6947875061387,437.6975309906534,431.17969834130804,434.6893005371094,50000
2005-05-03 00:00:00+09:00,434.6893005371094,434.6893005371094,434.6893005371094,434.6893005371094,0
2005-05-04 00:00:00+09:00,434.6893005371094,434.6893005371094,434.6893005371094,434.6893005371094,0
2005-05-05 00:00:00+09:00,434.6893005371094,434.6893005371094,434.6893005371094,434.6893005371094,0
2005-05-06 00:00:00+09:00,434.68907090541296,442.2096430664063,432.6835849958147,438.7000427246094,110000
2005-05-09 00:00:00+09:00,443.71391678725394,443.71391678725394,438.70020021338667,440.2043151855469,119000
2005-05-10 00:00:00+09:00,442.2097271068676,446.7220712610193,440.7056123888171,445.21795654296875,265000
2005-05-11 00:00:00+09:00,445.7191996008125,452.23702816640366,441.2068567477109,451.73565673828125,258000
2005-05-12 00:00:00+09:00,454.7439681488739,460.76042638237607,454.2425966294154,457.752197265625,350000
2005-05-13 00:00:00+09:00,453.23999023437506,455.245476916828,446.7221585164028,453.239990234375,102000
2005-05-16 00:00:00+09:00,450.2317183036336,451.2344615515259,438.7001709528724,449.7303466796875,152000
2005-05-17 00:00:00+09:00,453.2397878509834,453.2397878509834,437.6972730021112,439.7027587890625,243000
2005-05-18 00:00:00+09:00,444.716549851378,445.2179213844686,434.6891191895656,435.19049072265625,153000
2005-05-19 00:00:00+09:00,442.20979852545753,442.20979852545753,431.68099379866095,439.2015686035156,122000
2005-05-20 00:00:00+09:00,437.19597101535925,442.7110578056906,437.19597101535925,442.2096862792969,94000
2005-05-23 00:00:00+09:00,443.7138871923338,450.7330899275797,443.21251556838763,449.7303466796875,124000
2005-05-24 00:00:00+09:00,450.73304904376886,450.73304904376886,443.7138469452007,446.7220764160156,117000
2005-05-25 00:00:00+09:00,446.72203711516164,447.72478018388256,442.2096933059176,444.2151794433594,178000
2005-05-26 00:00:00+09:00,443.21247025223465,445.7193281156523,442.7110986795511,445.21795654296875,98000
2005-05-27 00:00:00+09:00,444.7164611816406,446.72194691413955,442.7109754491417,444.7164611816406,117000
2005-05-30 00:00:00+09:00,447.2234479944848,448.2261911514231,444.2152185236699,446.7220764160156,94000
2005-05-31 00:00:00+09:00,442.2096770625786,448.2261352539062,441.20693403069066,448.22613525390625,92000
2005-06-01 00:00:00+09:00,448.72750676985015,448.72750676985015,444.21516312635447,448.22613525390625,125000
2005-06-02 00:00:00+09:00,448.72750676985015,453.2398504133459,445.71927767418634,448.22613525390625,160000
2005-06-03 00:00:00+09:00,445.21798029420603,446.2207234930669,438.70014950161067,443.2124938964844,118000
2005-06-06 00:00:00+09:00,445.2179225120803,450.73300939004525,443.71380790899894,444.2151794433594,301000
2005-06-07 00:00:00+09:00,444.71660358545864,450.7330627095009,441.20700242976733,441.7083740234375,146000
2005-06-08 00:00:00+09:00,445.21803175941415,445.71940341680084,438.70020021338667,440.2043151855469,186000
2005-06-09 00:00:00+09:00,444.2152185236699,447.2234479944848,441.20698905285496,446.7220764160156,158000
2005-06-10 00:00:00+09:00,446.2206996883358,448.2261859790699,442.7110986795511,445.21795654296875,145000
2005-06-13 00:00:00+09:00,448.22617614746093,453.7412633260091,446.22068990071614,451.2344055175781,216000
2005-06-14 00:00:00+09:00,451.2343968226256,452.73851147870107,447.72479595844965,448.7275390625,84000
2005-06-15 00:00:00+09:00,451.7357683746508,452.2371399266759,448.2261675104748,448.7275390625,62000
2005-06-16 00:00:00+09:00,450.73299283362604,452.73847889740193,448.2261352539062,448.22613525390625,111000
2005-06-17 00:00:00+09:00,450.7331318813088,453.23999023437506,449.7303885400823,453.239990234375,165000
2005-06-20 00:00:00+09:00,456.2481211344401,456.2481211344401,451.2344055175781,451.2344055175781,95000
2005-06-21 00:00:00+09:00,452.23710558849643,452.23710558849643,446.7220189349782,447.7247619628906,144000
2005-06-22 00:00:00+09:00,450.73311887468606,451.23449053083147,447.2235172816685,449.22900390625,171000
2005-06-23 00:00:00+09:00,449.73024801871543,452.23710558849643,447.7247619628906,447.7247619628906,85000
2005-06-24 00:00:00+09:00,447.72475482266987,447.72475482266987,445.2178972928677,445.7192687988281,83000
2005-06-27 00:00:00+09:00,445.71935189363643,445.71935189363643,440.2042642999019,443.2124938964844,71000
2005-06-28 00:00:00+09:00,444.71664922478493,448.2262507406513,441.70841935404235,446.22076416015625,85000
2005-06-29 00:00:00+09:00,451.23441541517104,451.23441541517104,445.21795654296875,445.21795654296875,134000
2005-06-30 00:00:00+09:00,448.22617614746093,452.2371486409505,446.22068990071614,451.2344055175781,127000
2005-07-01 00:00:00+09:00,452.23702816640366,453.7411424507709,449.7301710257917,451.73565673828125,154000
2005-07-04 00:00:00+09:00,453.7413619049883,455.245476916828,450.23176021069554,453.239990234375,130000
2005-07-05 00:00:00+09:00,453.74130920477296,458.25365371620165,453.74130920477296,455.7467956542969,133000
2005-07-06 00:00:00+09:00,456.248244326055,461.26196129667096,454.7441292348702,460.7605895996094,205000
2005-07-07 00:00:00+09:00,462.7659861357316,466.27558733069384,461.2618713378907,461.2618713378906,208000
2005-07-08 00:00:00+09:00,462.2645804876856,465.272809861792,458.7549795512281,460.25909423828125,160000
2005-07-11 00:00:00+09:00,460.2591313788232,471.28930664062506,459.75775977601404,471.289306640625,233000
2005-07-12 00:00:00+09:00,471.2892744005424,474.79887538012093,467.7796734209639,470.78790283203125,298000
2005-07-13 00:00:00+09:00,471.2894061053241,473.7962646484375,469.28391927083334,473.7962646484375,179000
2005-07-14 00:00:00+09:00,475.30037977430555,475.30037977430555,472.79352123119213,473.7962646484375,175000
2005-07-15 00:00:00+09:00,474.2975362574801,474.2975362574801,469.28382022938837,471.289306640625,113000
2005-07-18 00:00:00+09:00,471.28930664062506,471.28930664062506,471.28930664062506,471.289306640625,0
2005-07-19 00:00:00+09:00,471.2891735918261,473.2946594368977,467.2782019016829,468.28094482421875,172000
2005-07-20 00:00:00+09:00,466.27555871543024,471.7906459690536,466.27555871543024,470.78790283203125,71000
2005-07-21 00:00:00+09:00,471.28936442230815,472.29210775086625,468.28113443663386,470.28662109375,81000
2005-07-22 00:00:00+09:00,467.7796734209639,471.2892744005424,466.77693028394145,470.78790283203125,175000
2005-07-25 00:00:00+09:00,472.29208297729497,485.3277455647787,472.29208297729497,481.3167724609375,293000
2005-07-26 00:00:00+09:00,481.8182388591172,482.82098233228913,479.8127519127733,482.3196105957031,105000
2005-07-27 00:00:00+09:00,481.81810671201237,488.33593750000006,479.81262031570844,488.3359375,256000
2005-07-28 00:00:00+09:00,490.34144952147426,493.8510508984173,486.33047651925364,486.83184814453125,212000
2005-07-29 00:00:00+09:00,489.3387692298418,489.3387692298418,485.32779571156436,487.3332824707031,149000
2005-08-01 00:00:00+09:00,488.33612210787265,491.3443528395433,486.8320067420373,488.8374938964844,162000
2005-08-02 00:00:00+09:00,486.3304494169731,492.3469085850181,481.3167334436023,487.8345642089844,125000
2005-08-03 00:00:00+09:00,491.3440586544689,491.3440586544689,483.823486328125,483.823486328125,151000
2005-08-04 00:00:00+09:00,481.31666451446284,486.8317512953577,478.80980688678335,485.32763671875,157000
2005-08-05 00:00:00+09:00,480.3140821207256,486.33054243956553,474.2976218018856,478.8099670410156,145000
2005-08-08 00:00:00+09:00,468.7823416754372,487.8344582355084,468.7823416754372,483.823486328125,219000
2005-08-09 00:00:00+09:00,483.823693255989,496.35798582738767,483.823693255989,491.3442687988281,193000
2005-08-10 00:00:00+09:00,491.3442772022192,491.3442772022192,483.82370153075664,484.3250732421875,340000
2005-08-11 00:00:00+09:00,488.8372867834307,488.8372867834307,476.80436895491556,481.8180847167969,194000
2005-08-12 00:00:00+09:00,478.80996704101557,483.82368397338223,478.3085953477789,478.8099670410156,98000
2005-08-15 00:00:00+09:00,473.7961978912354,482.3195157368978,473.2948262532553,481.3167724609375,99000
2005-08-16 00:00:00+09:00,485.3277730603308,485.3277730603308,475.300339732638,480.3140563964844,72000
2005-08-17 00:00:00+09:00,480.3140057489181,480.3140057489181,471.289316705619,474.29754638671875,146000
2005-08-18 00:00:00+09:00,474.2975602761293,474.79893190432813,465.2728709685496,469.2838439941406,233000
2005-08-19 00:00:00+09:00,466.27543869927797,467.77955301766275,461.2617243046621,462.7658386230469,158000
2005-08-22 00:00:00+09:00,464.2701303649647,479.311279296875,464.2701303649647,479.311279296875,312000
2005-08-23 00:00:00+09:00,483.82359310831623,491.84553869353186,482.31947831108835,488.3359375,329000
2005-08-24 00:00:00+09:00,488.8374118629946,493.3497572032684,488.8374118629946,491.84564208984375,382000
2005-08-25 00:00:00+09:00,491.84546252354477,493.34957708783696,489.83997643782186,492.84820556640625,277000
2005-08-26 00:00:00+09:00,491.3441721858607,492.3469153944033,489.3386857687756,489.8400573730469,127000
2005-08-29 00:00:00+09:00,491.8457246281551,491.8457246281551,487.8347503192609,488.8374938964844,166000
2005-08-30 00:00:00+09:00,487.33319767185895,490.34142728711737,487.33319767185895,489.33868408203125,112000
2005-08-31 00:00:00+09:00,484.3250732421875,488.83741864506504,482.31958639646416,484.3250732421875,176000
2005-09-01 00:00:00+09:00,484.8262400144508,495.35504150390625,484.8262400144508,495.35504150390625,202000
2005-09-02 00:00:00+09:00,490.34126792421716,499.8673252765281,490.34126792421716,495.8563537597656,207000
2005-09-05 00:00:00+09:00,495.8566439975132,503.37721999343097,494.85390053139076,500.870361328125,172000
2005-09-06 00:00:00+09:00,501.37154627946336,503.3770324645812,499.86743164062494,499.867431640625,129000
2005-09-07 00:00:00+09:00,501.3717330611862,506.3854503917981,498.8648743958803,500.870361328125,297000
2005-09-08 00:00:00+09:00,500.8701816981846,503.87841101769317,496.35783771892164,501.8729248046875,130000
2005-09-09 00:00:00+09:00,503.87848731314784,509.39357523398826,500.87025753814396,506.3853454589844,376000
2005-09-12 00:00:00+09:00,515.9115139677667,517.9170009025297,509.8950531634779,510.8977966308594,155000
2005-09-13 00:00:00+09:00,511.39887581094666,515.911218832808,508.3906471297058,514.4071044921875,91000
2005-09-14 00:00:00+09:00,513.9060115086213,536.4677388431462,511.90052463444135,525.4375610351562,213000
2005-09-15 00:00:00+09:00,520.9252155682512,528.9471630649712,520.4238438497063,525.4375610351562,164000
2005-09-16 00:00:00+09:00,526.941456596703,530.952428673557,522.930484519849,523.9332275390625,281000
2005-09-19 00:00:00+09:00,523.9332275390625,523.9332275390625,523.9332275390625,523.9332275390625,0
2005-09-20 00:00:00+09:00,526.4402010255313,530.4511739857259,519.9223699652152,521.9278564453125,121000
2005-09-21 00:00:00+09:00,521.9276761952897,523.9331619827836,513.905733045314,514.4071044921875,167000
2005-09-22 00:00:00+09:00,514.9085403661409,535.464772260018,514.9085403661409,523.9332275390625,559000
2005-09-23 00:00:00+09:00,523.9332275390625,523.9332275390625,523.9332275390625,523.9332275390625,0
2005-09-26 00:00:00+09:00,529.9498035934736,533.9607765629606,526.4402022451725,531.4539184570312,323000
2005-09-27 00:00:00+09:00,531.4538515923472,536.5639847807352,521.2335852155713,535.0309448242188,257000
2005-09-28 00:00:00+09:00,527.3658058860085,540.6521537087181,527.3658058860085,539.630126953125,290000
2005-09-29 00:00:00+09:00,539.1192084161764,541.1632622869487,534.0090737392459,540.1412353515625,286000
2005-09-30 00:00:00+09:00,546.7842767608615,572.3349438992195,546.7842767608615,556.4935302734375,1019000
2005-10-03 00:00:00+09:00,566.7138871616305,566.7138871616305,551.8944978670522,560.5817260742188,421000
2005-10-04 00:00:00+09:00,565.6915820091558,565.6915820091558,559.5594239385958,564.6695556640625,234000
2005-10-05 00:00:00+09:00,564.6697163713088,564.6697163713088,551.8943834217317,557.0045166015625,129000
2005-10-06 00:00:00+09:00,554.4495285135808,556.4935820749212,534.0089929001768,537.0750732421875,155000
2005-10-07 00:00:00+09:00,537.0749654037692,548.8282710215491,526.3436863614484,539.1190185546875,192000
2005-10-10 00:00:00+09:00,539.1190185546875,539.1190185546875,539.1190185546875,539.1190185546875,0
2005-10-11 00:00:00+09:00,539.1191332002253,539.6301465966236,531.4539322542505,533.4979858398438,155000
2005-10-12 00:00:00+09:00,543.2071792877864,543.2071792877864,529.9208324754793,538.0970458984375,404000
2005-10-13 00:00:00+09:00,537.5859771786866,541.1630701827273,529.9207778843137,534.5198974609375,129000
2005-10-14 00:00:00+09:00,538.6081134131928,546.2733142682192,523.7887250934749,537.0750732421875,333000
2005-10-17 00:00:00+09:00,545.7623834961862,545.7623834961862,534.0090737392459,540.1412353515625,64000
2005-10-18 00:00:00+09:00,540.1413037109374,544.2294119698661,535.0311683872767,536.564208984375,123000
2005-10-19 00:00:00+09:00,536.5640598518524,543.2072339262087,525.3217652644803,537.0750732421875,204000
2005-10-20 00:00:00+09:00,530.9429125581663,542.1852071455385,526.8548054354856,537.0750732421875,135000
2005-10-21 00:00:00+09:00,533.4979237432065,534.0089370801253,523.7886703417497,528.8988037109375,112000
2005-10-24 00:00:00+09:00,528.8987740926985,530.4318140176049,514.590401460239,520.2115478515625,129000
2005-10-25 00:00:00+09:00,521.2336564064026,530.4318974018097,520.2116296291351,523.2777099609375,256000
2005-10-26 00:00:00+09:00,523.2775341130605,527.876653065226,516.1233490763585,524.299560546875,454000
2005-10-27 00:00:00+09:00,529.409912109375,530.431938966729,517.656603249804,529.409912109375,136000
2005-10-28 00:00:00+09:00,521.2337576356348,527.3659194901717,519.1897036841225,524.8108520507812,202000
2005-10-31 00:00:00+09:00,529.9209663465185,534.009074090754,525.3218451342536,526.3438720703125,336000
2005-11-01 00:00:00+09:00,526.3437639306546,528.898830745852,525.3217372045757,528.3878173828125,90000
2005-11-02 00:00:00+09:00,531.4540859448496,543.2073974609375,528.3880046797831,543.2073974609375,568000
2005-11-03 00:00:00+09:00,544.2291870117188,549.3393202230964,540.6520937637545,544.2291870117188,568000
2005-11-04 00:00:00+09:00,548.3172480595576,554.4494074041193,546.7842082234172,550.872314453125,454000
2005-11-07 00:00:00+09:00,550.8723814721201,554.4494748583027,542.1851546771052,547.2952880859375,155000
2005-11-08 00:00:00+09:00,544.2291614621184,550.3613210278888,539.1190284906431,549.3392944335938,105000
2005-11-09 00:00:00+09:00,548.3173958379441,548.8284092543821,540.1411811749366,541.1632080078125,128000
2005-11-10 00:00:00+09:00,546.2732203337138,548.8282868460323,541.6741006115402,545.76220703125,410000
2005-11-11 00:00:00+09:00,545.7621999314757,551.8943594812677,542.6961201565798,544.7401733398438,347000
2005-11-14 00:00:00+09:00,551.3833958378546,559.0485959653502,547.2952891031902,551.8944091796875,370000
2005-11-15 00:00:00+09:00,552.405364035656,552.405364035656,536.5639521160397,539.1190185546875,411000
2005-11-16 00:00:00+09:00,539.1192016027925,549.3394708274899,530.4319727617996,543.7183227539062,242000
2005-11-17 00:00:00+09:00,558.5375897025004,558.5375897025004,551.8944161744744,552.9164428710938,302000
2005-11-18 00:00:00+09:00,558.0266329857611,571.823994790354,557.0046061854208,570.2909545898438,341000
2005-11-21 00:00:00+09:00,590.2203481475268,592.7754145897239,581.5331222440567,583.066162109375,306000
2005-11-22 00:00:00+09:00,583.5771795789931,583.5771795789931,568.2467808159722,574.8899536132812,378000
2005-11-23 00:00:00+09:00,574.8899536132812,574.8899536132812,574.8899536132812,574.8899536132812,0
2005-11-24 00:00:00+09:00,567.7359551446087,583.0663589738961,565.1808878397275,566.7139282226562,198000
2005-11-25 00:00:00+09:00,567.7358139269486,586.1322939461836,567.7358139269486,572.845947265625,194000
2005-11-28 00:00:00+09:00,573.3569019623917,576.9339949336365,557.0044769509866,560.070556640625,494000
2005-11-29 00:00:00+09:00,562.1146128464429,575.4009582409952,556.4934667179785,569.268798828125,191000
2005-11-30 00:00:00+09:00,572.84597429548,579.4891479492188,564.6697605678014,572.3349609375,169000
2005-12-01 00:00:00+09:00,569.2688296669409,582.5551757812501,567.7357897306744,582.55517578125,107000
2005-12-02 00:00:00+09:00,583.5772590866416,595.33056640625,579.4891521928648,595.33056640625,150000
2005-12-05 00:00:00+09:00,598.3966134698189,601.4626934705183,590.7314134680706,599.4186401367188,247000
2005-12-06 00:00:00+09:00,598.9077093368187,626.5024331458529,593.2865618942376,611.6830444335938,322000
2005-12-07 00:00:00+09:00,613.726912475997,620.3700847176189,600.440567992753,607.083740234375,101000
2005-12-08 00:00:00+09:00,605.0397496479636,605.0397496479636,587.6652973776673,589.7093505859375,94000
2005-12-09 00:00:00+09:00,590.2206137558061,605.551019307905,590.2206137558061,599.9298706054688,233000
2005-12-12 00:00:00+09:00,602.9957475556898,610.6609477364825,599.9296674833728,601.4627075195312,109000
2005-12-13 00:00:00+09:00,608.1059161011874,608.1059161011874,595.8415951041886,606.5728759765625,255000
2005-12-14 00:00:00+09:00,599.9296725697808,607.5948728155616,592.7754856737187,593.2864990234375,170000
2005-12-15 00:00:00+09:00,593.2864880948454,611.1719550055427,593.2864880948454,605.039794921875,173000
2005-12-16 00:00:00+09:00,605.0397452590812,605.0397452590812,590.2203596066206,597.8855590820312,89000
2005-12-19 00:00:00+09:00,592.7753671704421,597.8854996460494,576.4229432484989,585.1101684570312,189000
2005-12-20 00:00:00+09:00,582.555260053141,604.0178222656251,582.0442466671294,604.017822265625,170000
2005-12-21 00:00:00+09:00,598.9076139129484,608.1058537170721,598.3966005904971,601.9736938476562,109000
2005-12-22 00:00:00+09:00,602.4847948257238,605.5508752065163,592.7755402865475,596.8636474609375,93000
2005-12-23 00:00:00+09:00,596.8636474609376,596.8636474609376,596.8636474609376,596.8636474609375,0
2005-12-26 00:00:00+09:00,594.3082662597234,594.3082662597234,590.2201612467588,591.2421875,57000
2005-12-27 00:00:00+09:00,597.8856394080918,604.5288131792928,591.7534790039062,591.7534790039062,202000
2005-12-28 00:00:00+09:00,600.9517819127572,600.9517819127572,590.7315135128803,596.3526611328125,94000
2005-12-29 00:00:00+09:00,602.4848082813844,602.4848082813844,594.30859375,594.30859375,75000
2005-12-30 00:00:00+09:00,602.4848082813844,602.4848082813844,592.7755535253655,594.30859375,41000
2006-01-02 00:00:00+09:00,594.30859375,594.30859375,594.30859375,594.30859375,0
2006-01-03 00:00:00+09:00,594.30859375,594.30859375,594.30859375,594.30859375,0
2006-01-04 00:00:00+09:00,595.330621799501,610.6610240775998,595.330621799501,608.10595703125,59600
2006-01-05 00:00:00+09:00,612.1938926728969,613.215919204905,605.0397069488397,605.5507202148438,133400
2006-01-06 00:00:00+09:00,606.5728891956827,612.705049827821,604.0178222656251,604.017822265625,89600
2006-01-09 00:00:00+09:00,604.0178222656251,604.0178222656251,604.0178222656251,604.017822265625,0
2006-01-10 00:00:00+09:00,608.1058668053669,611.1719468060661,599.4186401367188,599.4186401367188,161900
2006-01-11 00:00:00+09:00,600.4406827663279,616.7931098714533,600.4406827663279,610.6609497070312,155200
2006-01-12 00:00:00+09:00,613.216179798362,616.2822606973538,608.1060449667089,612.1941528320312,166900
2006-01-13 00:00:00+09:00,613.216090707028,613.216090707028,602.9958225285775,603.5068359375,131500
2006-01-16 00:00:00+09:00,607.0840598631148,607.0840598631148,598.3968300502588,599.9298706054688,67000
2006-01-17 00:00:00+09:00,600.4404708187371,607.5946551518965,587.665141652381,589.1981811523438,119100
2006-01-18 00:00:00+09:00,587.6653130374738,590.7313929315824,542.1851279415301,547.8062744140625,146600
2006-01-19 00:00:00+09:00,527.3658183559724,590.22046531119,527.3658183559724,586.6433715820312,222900
2006-01-20 00:00:00+09:00,588.6873125,599.9296049262153,562.1146213107639,574.8899536132812,84200
2006-01-23 00:00:00+09:00,544.229270707624,585.1103426856615,544.229270707624,565.6918334960938,78100
2006-01-24 00:00:00+09:00,565.6917763056717,587.1543369243151,565.6917763056717,584.0882568359375,78100
2006-01-25 00:00:00+09:00,587.1543843819449,592.7755316649748,580.0001969308158,582.0442504882812,134300
2006-01-26 00:00:00+09:00,587.6655004070436,597.88576997934,582.5553656208954,583.577392578125,79900
2006-01-27 00:00:00+09:00,592.2645263671875,600.9517541051014,583.5772986292736,592.2645263671875,100800
2006-01-30 00:00:00+09:00,595.8415398080567,607.5948463394335,595.3305264806056,598.3966064453125,88900
2006-01-31 00:00:00+09:00,597.8856456766534,600.4407125385195,582.5552445054573,588.1763916015625,106100
2006-02-01 00:00:00+09:00,588.1763164117841,600.4406357809264,582.0441567272129,586.1322631835938,94400
2006-02-02 00:00:00+09:00,589.1984060655848,599.9296866617489,587.6653659804184,595.33056640625,126100
2006-02-03 00:00:00+09:00,595.3306342928249,598.9077282327818,590.7315135128803,596.3526611328125,89200
2006-02-06 00:00:00+09:00,595.8414522242628,600.4405714952906,590.2203064485622,598.9075317382812,64000
2006-02-07 00:00:00+09:00,602.9957076239566,608.6168540509595,600.440641066228,604.5287475585938,107200
2006-02-08 00:00:00+09:00,605.5508887306536,608.1059557717111,594.30859375,594.30859375,90100
2006-02-09 00:00:00+09:00,597.885600136369,606.0618134715672,593.79749346877,599.4186401367188,117800
2006-02-10 00:00:00+09:00,600.4406622867366,602.9957289347653,580.0001291025073,581.0221557617188,146700
2006-02-13 00:00:00+09:00,580.5111365685096,580.5111365685096,547.8062838040865,558.0265502929688,177800
2006-02-14 00:00:00+09:00,554.4493408203125,568.7577109059979,541.6740103866647,554.4493408203125,109900
2006-02-15 00:00:00+09:00,571.8240129940908,571.8240129940908,536.5640872598708,541.1632080078125,167900
2006-02-16 00:00:00+09:00,535.541964017428,555.9824969951924,521.2335909329928,531.453857421875,457900
2006-02-17 00:00:00+09:00,528.8987750225849,528.8987750225849,500.7930430165538,511.5243225097656,195200
2006-02-20 00:00:00+09:00,505.9032592773438,517.6565673211609,500.7931253452494,505.90325927734375,209200
2006-02-21 00:00:00+09:00,509.9913476176125,517.6565482331076,499.7710801302856,516.634521484375,157900
2006-02-22 00:00:00+09:00,531.4538406342092,531.9648539425114,511.0133083021242,520.2115478515625,124000
2006-02-23 00:00:00+09:00,529.920925771905,536.0530869187351,522.7667377672698,534.009033203125,112500
2006-02-24 00:00:00+09:00,544.2291556423506,544.2291556423506,523.7886239750324,530.9428100585938,216600
2006-02-27 00:00:00+09:00,531.453909340999,536.5640430846624,515.101481361276,516.634521484375,214500
2006-02-28 00:00:00+09:00,521.2336418536721,525.8327622229692,505.9032406226817,516.634521484375,243500
2006-03-01 00:00:00+09:00,511.01333618164057,513.5684028625487,507.4362428283691,511.0133361816406,143100
2006-03-02 00:00:00+09:00,513.5684601754854,523.2777146464647,505.9032592773438,505.90325927734375,147100
2006-03-03 00:00:00+09:00,508.45827797826774,521.2336115958121,503.34814453124994,503.34814453125,131800
2006-03-06 00:00:00+09:00,503.34818722579274,518.6785888671875,502.83717383774626,518.6785888671875,154500
2006-03-07 00:00:00+09:00,518.6785530182252,518.6785530182252,506.925245905497,508.96929931640625,95700
2006-03-08 00:00:00+09:00,506.4141487953739,513.0573212820942,500.28198957686277,501.30401611328125,224600
2006-03-09 00:00:00+09:00,501.8148674094903,514.5901949911982,501.8148674094903,512.546142578125,183700
2006-03-10 00:00:00+09:00,511.0134947533701,531.4540345435049,508.45842727960326,521.2337646484375,389300
2006-03-13 00:00:00+09:00,530.4319118400434,533.4979922553038,522.2556973993492,529.9208984375,149400
2006-03-14 00:00:00+09:00,527.8769329780497,529.920986929562,522.2557846113909,524.8108520507812,127700
2006-03-15 00:00:00+09:00,523.7886254114048,540.1410507901024,523.7886254114048,535.5419311523438,219600
2006-03-16 00:00:00+09:00,535.0308693934264,539.1189753677793,531.4537766658677,532.98681640625,248400
2006-03-17 00:00:00+09:00,532.9868632253256,534.0088898086915,523.7886239750324,530.9428100585938,125800
2006-03-20 00:00:00+09:00,528.8987792737117,541.1630987931022,528.8987792737117,538.6080322265625,116800
2006-03-21 00:00:00+09:00,538.6080322265625,538.6080322265625,538.6080322265625,538.6080322265625,0
2006-03-22 00:00:00+09:00,541.6742012325653,545.2512950142898,537.5860940534517,542.6962280273438,115200
2006-03-23 00:00:00+09:00,548.8285464468927,549.8505735352481,541.1633432842266,543.2073974609375,110200
2006-03-24 00:00:00+09:00,553.4273906111151,553.4273906111151,539.1190185546875,539.1190185546875,102900
2006-03-27 00:00:00+09:00,541.6741204060299,548.8283069019586,541.1631070848922,544.2291870117188,74100
2006-03-28 00:00:00+09:00,533.9802835200715,552.9411956988072,531.4179980905126,544.7418823242188,111300
2006-03-29 00:00:00+09:00,536.542291714035,545.2540576730976,532.9550939661856,537.0547485351562,173600
2006-03-30 00:00:00+09:00,538.0796892140803,544.229171376527,537.0547755203393,540.1295166015625,76900
2006-03-31 00:00:00+09:00,543.2042450265786,549.8661838806782,542.6917881916479,546.7914428710938,116400
2006-04-03 00:00:00+09:00,547.3039532679999,557.5530909696478,547.3039532679999,552.9409790039062,71200
2006-04-04 00:00:00+09:00,550.3786792060574,552.428506689134,545.7665673691353,548.84130859375,84600
2006-04-05 00:00:00+09:00,548.3288533912515,552.4285083698777,541.6669140509839,543.2042846679688,104100
2006-04-06 00:00:00+09:00,543.7168405289041,548.3289532195357,543.2043835632784,545.2542114257812,85800
2006-04-07 00:00:00+09:00,547.3039493685687,548.3288631314313,537.5672686213751,547.81640625,85400
2006-04-10 00:00:00+09:00,548.3289012215678,550.3787288896858,545.2541597193907,549.8662719726562,101400
2006-04-11 00:00:00+09:00,545.766668391407,548.8414101851614,538.079813907021,545.2542114257812,64300
2006-04-12 00:00:00+09:00,543.2042748535621,548.328843484256,538.5921630859375,538.5921630859375,109500
2006-04-13 00:00:00+09:00,539.6170326407629,541.6668599252482,526.2931552916083,537.0547485351562,114500
2006-04-14 00:00:00+09:00,546.2791190311826,546.7915759908742,528.8555824016703,535.0050659179688,57900
2006-04-17 00:00:00+09:00,541.6670859975385,543.2044571025457,532.4428593674952,533.4677734375,144000
2006-04-18 00:00:00+09:00,530.9053725022536,535.5174848116361,524.755889423077,532.9552001953125,115500
2006-04-19 00:00:00+09:00,532.9552582675972,535.0050861840109,527.8306884765625,527.8306884765625,98000
2006-04-20 00:00:00+09:00,527.8305689614801,542.1793611274232,525.7807415092026,538.5921630859375,240100
2006-04-21 00:00:00+09:00,528.3429372359295,558.5778870874522,528.3429372359295,552.4284057617188,253200
2006-04-24 00:00:00+09:00,557.040676911522,558.0655907604853,541.6669691770735,543.716796875,211100
2006-04-25 00:00:00+09:00,543.7168923416989,552.9411186019728,543.2044353272393,551.4037475585938,231000
2006-04-26 00:00:00+09:00,551.403540732771,560.6277635331334,546.7914293325898,559.0903930664062,181300
2006-04-27 00:00:00+09:00,563.7025229224698,563.7025229224698,548.8412745908774,551.916015625,159600
2006-04-28 00:00:00+09:00,546.2790356057062,553.4534319457437,539.6170961471,547.81640625,194000
2006-05-01 00:00:00+09:00,539.617118727993,547.8164291740023,539.617118727993,545.7666015625,114800
2006-05-02 00:00:00+09:00,538.0797480193662,547.8164291740023,535.5174635049883,545.7666015625,153900
2006-05-03 00:00:00+09:00,545.7666015625,545.7666015625,545.7666015625,545.7666015625,0
2006-05-04 00:00:00+09:00,545.7666015625,545.7666015625,545.7666015625,545.7666015625,0
2006-05-05 00:00:00+09:00,545.7666015625,545.7666015625,545.7666015625,545.7666015625,0
2006-05-08 00:00:00+09:00,546.7915823226584,550.8912380476644,540.1296417695239,545.2542114257812,128500
2006-05-09 00:00:00+09:00,540.6420288085938,548.3288822987633,538.5922012112153,540.6420288085938,47300
2006-05-10 00:00:00+09:00,540.6420269787196,542.6918545691602,528.3430614360758,529.8804321289062,106800
2006-05-11 00:00:00+09:00,535.5174522215618,539.6171073581862,527.8305988403911,530.3928833007812,59000
2006-05-12 00:00:00+09:00,532.4426754666981,532.4426754666981,513.4817717205308,517.0689697265625,74300
2006-05-15 00:00:00+09:00,512.4569091796875,525.7807888183593,504.25759863281246,512.4569091796875,96600
2006-05-16 00:00:00+09:00,511.43191998060814,515.0191178161434,502.20769697494586,502.72015380859375,81200
2006-05-17 00:00:00+09:00,502.20772062602794,504.77000491493624,471.46030915912826,486.8340148925781,274500
2006-05-18 00:00:00+09:00,453.52422213633594,465.82318409257556,450.96193839545265,462.7484436035156,385100
2006-05-19 00:00:00+09:00,464.28584555349045,481.70937618132564,463.77338877031883,476.5848083496094,221800
2006-05-22 00:00:00+09:00,491.4461438864816,496.5707126444219,478.63472199163067,485.2966613769531,204800
2006-05-23 00:00:00+09:00,480.17207092020936,484.78418259393607,462.7485379305753,473.5101318359375,158500
2006-05-24 00:00:00+09:00,463.2612261996244,471.46053993767083,458.6491122219732,468.89825439453125,102300
2006-05-25 00:00:00+09:00,468.89797738882214,474.02254544771637,461.2111253004808,466.335693359375,84700
2006-05-26 00:00:00+09:00,476.58480834960943,481.196919398154,470.94778373472155,476.5848083496094,84600
2006-05-29 00:00:00+09:00,493.4959497654691,493.4959497654691,479.6596147253158,481.7094421386719,118000
2006-05-30 00:00:00+09:00,481.7095170334834,486.83408636362685,474.0226630382682,475.0475769042969,66400
2006-05-31 00:00:00+09:00,474.53519127887233,477.6099333389946,462.2362230383832,471.46044921875,114900
2006-06-01 00:00:00+09:00,476.58480834960943,486.83394401304184,472.4851540842364,476.5848083496094,154300
2006-06-02 00:00:00+09:00,479.1471655894135,483.75927734375006,457.11152054091633,483.75927734375,198600
2006-06-05 00:00:00+09:00,486.3215673776346,495.03333412728665,476.58488689272934,483.246826171875,277700
2006-06-06 00:00:00+09:00,467.36068143812713,471.4603365384616,457.11154368729103,459.673828125,211000
2006-06-07 00:00:00+09:00,459.6738455387889,463.7735007944302,443.2752245162234,449.9371643066406,182000
2006-06-08 00:00:00+09:00,435.5883810886751,439.6880364400979,423.80187195333446,429.95135498046875,210000
2006-06-09 00:00:00+09:00,429.9514073373008,455.0617994225544,411.5029560093594,436.10089111328125,151100
2006-06-12 00:00:00+09:00,434.5635331665325,440.7130171264363,426.3642212199942,437.6382751464844,97500
2006-06-13 00:00:00+09:00,435.58831261199657,446.8623630560718,422.2644348144532,422.2644348144531,116700
2006-06-14 00:00:00+09:00,413.04033682210184,428.92650362295194,412.52787982852607,421.7521057128906,114900
2006-06-15 00:00:00+09:00,421.75208253872006,427.90156612373175,419.18979771163185,423.8019104003906,108800
2006-06-16 00:00:00+09:00,433.538594683058,450.96213158521397,429.43893894137426,437.12579345703125,171800
2006-06-19 00:00:00+09:00,440.7130212641146,450.4497042920427,440.7130212641146,445.32513427734375,66800
2006-06-20 00:00:00+09:00,450.4495636126317,452.499390978332,445.3249951983811,446.86236572265625,95700
2006-06-21 00:00:00+09:00,446.8623779586485,454.549230790506,425.33919002944754,432.0011291503906,127200
2006-06-22 00:00:00+09:00,433.0260881400189,452.4994506835937,433.0260881400189,452.49945068359375,68100
2006-06-23 00:00:00+09:00,452.4993691857839,452.4993691857839,435.5882942332008,443.275146484375,53300
2006-06-26 00:00:00+09:00,438.1504714543918,448.39960528958227,437.6380147626323,444.8124084472656,33700
2006-06-27 00:00:00+09:00,449.42479028910293,449.42479028910293,441.2254782655845,445.32513427734375,20900
2006-06-28 00:00:00+09:00,445.32513876834304,445.32513876834304,436.6133696554986,442.2503967285156,45200
2006-06-29 00:00:00+09:00,439.17580025284377,450.4498581356472,439.17580025284377,442.76300048828125,63900
2006-06-30 00:00:00+09:00,444.3001820295719,466.8482881533333,444.3001820295719,462.2361755371094,205300
2006-07-03 00:00:00+09:00,462.74860596656794,469.9230029582977,453.01192433493475,459.1614074707031,136900
2006-07-04 00:00:00+09:00,461.21126740145496,465.31092311169016,457.62406865499923,461.7237243652344,96200
2006-07-05 00:00:00+09:00,459.16138079353937,461.2112083863677,452.4994411168474,456.0866394042969,126200
2006-07-06 00:00:00+09:00,456.5991542816162,458.13652517145334,443.78773019964046,450.9621276855469,97800
2006-07-07 00:00:00+09:00,459.1613516780432,461.2111791408916,448.9122143638012,450.4495849609375,83600
2006-07-10 00:00:00+09:00,448.39973184182867,448.39973184182867,415.6024943128263,441.73779296875,151000
2006-07-11 00:00:00+09:00,446.86250108634005,453.5244420429025,425.8517642233355,437.6382751464844,132000
2006-07-12 00:00:00+09:00,442.7628377757353,444.81266572840076,430.976327047909,435.58843994140625,84100
2006-07-13 00:00:00+09:00,434.5634134276765,443.27517997044833,421.2395351857902,432.0011291503906,152500
2006-07-14 00:00:00+09:00,437.12575002254056,437.12575002254056,421.75204251881695,427.3890686035156,139800
2006-07-17 00:00:00+09:00,422.7769470214844,426.87660226532904,420.21466249408144,422.7769470214844,139800
2006-07-18 00:00:00+09:00,435.58842218839203,439.6880779266357,425.3392828427828,426.36419677734375,191400
2006-07-19 00:00:00+09:00,420.21466454358296,422.77694908348286,397.6665605924639,417.1399230957031,145400
2006-07-20 00:00:00+09:00,414.5776850228731,424.8268243312259,414.5776850228731,423.8019104003906,123100
2006-07-21 00:00:00+09:00,424.3141759111376,424.3141759111376,389.46711798606833,416.1148681640625,93200
2006-07-24 00:00:00+09:00,419.18978482431805,419.18978482431805,400.22887768678777,403.3036193847656,154600
2006-07-25 00:00:00+09:00,406.37839590561634,428.4140466293761,406.37839590561634,421.7521057128906,158400
2006-07-26 00:00:00+09:00,421.75193946652297,425.85159379912585,417.6522851339201,420.2145690917969,118600
2006-07-27 00:00:00+09:00,425.3392671857561,435.5884061540876,420.21469770159035,430.4638366699219,133800
2006-07-28 00:00:00+09:00,425.3393072266769,442.7628451130709,424.3143932333596,437.6382751464844,111300
2006-07-31 00:00:00+09:00,458.136437946619,458.136437946619,444.3001025723923,450.4495849609375,132100
2006-08-01 00:00:00+09:00,446.3500307399154,448.3998586652422,436.10089111328125,436.10089111328125,103200
2006-08-02 00:00:00+09:00,435.0758396543305,448.39971695823226,432.00109873804547,445.8374328613281,53600
2006-08-03 00:00:00+09:00,446.34992799387913,450.96203976419474,443.2751868136687,447.8872985839844,55300
2006-08-04 00:00:00+09:00,452.49949116467343,452.49949116467343,444.3001798864914,448.91229248046875,90200
2006-08-07 00:00:00+09:00,443.78770130085496,447.3748998102152,433.5385627026828,434.5634765625,118300
2006-08-08 00:00:00+09:00,439.6880055897272,446.8624019513311,435.0758936429818,446.3499450683594,96500
2006-08-09 00:00:00+09:00,450.4496396950313,461.2112351826259,443.27524270330156,459.1614074707031,182500
2006-08-10 00:00:00+09:00,455.5741825060898,461.2112083863677,453.52435491326156,456.0866394042969,100200
2006-08-11 00:00:00+09:00,451.474555822685,459.67386671163274,450.4496419615665,453.5243835449219,83500
2006-08-14 00:00:00+09:00,453.52445886490193,463.7735991782331,453.52445886490193,457.6241149902344,101100
2006-08-15 00:00:00+09:00,457.6240100989181,461.2112083863677,456.08663940429693,456.0866394042969,63800
2006-08-16 00:00:00+09:00,459.16141493055557,461.21124267578125,454.5493025037978,461.21124267578125,76800
2006-08-17 00:00:00+09:00,464.7983546782124,468.8980094052528,458.6488725876517,460.6986999511719,139500
2006-08-18 00:00:00+09:00,465.8233642578125,468.8981059360819,462.2361656331649,465.8233642578125,70100
2006-08-21 00:00:00+09:00,466.3358044624328,466.3358044624328,458.6489505427224,459.1614074707031,31700
2006-08-22 00:00:00+09:00,459.67390955021955,466.3358502683387,456.5991676803184,463.2611083984375,77300
2006-08-23 00:00:00+09:00,458.13648215380965,462.7485943902574,457.62402523864876,460.1863098144531,40400
2006-08-24 00:00:00+09:00,462.2362230383832,472.9978202488112,453.5244538680367,471.46044921875,264100
2006-08-25 00:00:00+09:00,478.1221567073338,483.24672430333953,471.4602188325264,472.9975891113281,312000
2006-08-28 00:00:00+09:00,472.99757856704866,477.0972325524619,461.72353010716233,462.7484436035156,82800
2006-08-29 00:00:00+09:00,465.8233932900218,466.3358502683387,456.5991676803184,463.2611083984375,27900
2006-08-30 00:00:00+09:00,461.21124267578125,465.3108981662327,458.64895799424914,461.21124267578125,46600
2006-08-31 00:00:00+09:00,461.2110733589857,468.3854678334588,458.64878961810246,462.7484436035156,63900
2006-09-01 00:00:00+09:00,461.2112160497063,461.72367295642823,454.0368193555998,458.136474609375,78400
2006-09-04 00:00:00+09:00,458.6489841216974,470.9479512936759,458.6489841216974,464.2860107421875,74400
2006-09-05 00:00:00+09:00,466.33579279638343,466.33579279638343,459.16139598413133,460.1863098144531,44700
2006-09-06 00:00:00+09:00,460.1863550181947,467.87320950068124,460.1863550181947,464.2860107421875,98100
2006-09-07 00:00:00+09:00,461.7237711155669,465.3109702252327,454.54937289623507,457.6241149902344,104000
2006-09-08 00:00:00+09:00,450.9620779152684,460.69875914298444,450.4496210085465,458.136474609375,267900
2006-09-11 00:00:00+09:00,455.0616888950892,457.62397317940844,447.8872928989955,448.3997497558594,57900
2006-09-12 00:00:00+09:00,448.39971695823226,453.52428515204065,443.2751487644239,445.8374328613281,106800
2006-09-13 00:00:00+09:00,443.27528885192515,449.9372296092373,431.48877828129594,436.10089111328125,148900
2006-09-14 00:00:00+09:00,437.12568573558,448.91219308835656,437.12568573558,446.86236572265625,67000
2006-09-15 00:00:00+09:00,443.27516916875356,446.86236706954116,436.10077336717836,441.225341796875,48100
2006-09-18 00:00:00+09:00,441.22534179687494,441.22534179687494,441.22534179687494,441.225341796875,0
2006-09-19 00:00:00+09:00,445.8375507511505,455.06177593910536,445.8375507511505,448.91229248046875,99000
2006-09-20 00:00:00+09:00,447.8871793980638,447.8871793980638,437.1255881310622,439.1754150390625,47400
2006-09-21 00:00:00+09:00,440.71307962792855,445.83765032127656,432.51376651857174,440.20062255859375,61600
2006-09-22 00:00:00+09:00,431.4887217865893,439.68803241436297,429.95135104388174,433.0260925292969,89900
2006-09-25 00:00:00+09:00,434.0509643554688,439.6879898665788,424.82674079183425,434.05096435546875,104000
2006-09-26 00:00:00+09:00,431.47052303538607,442.8250104836857,431.47052303538607,438.69610595703125,61900
2006-09-27 00:00:00+09:00,443.3408803505825,446.4375570468613,434.05085026174606,442.30865478515625,87000
2006-09-28 00:00:00+09:00,446.43774802909917,457.276121102638,442.8249570045862,453.663330078125,120300
2006-09-29 00:00:00+09:00,456.7599143763951,456.7599143763951,450.0504467075893,451.5987854003906,64100
2006-10-02 00:00:00+09:00,452.1149050722197,461.4049373682242,452.1149050722197,460.8888244628906,105800
2006-10-03 00:00:00+09:00,459.3404849959008,461.9210495183497,456.7599204734519,459.8565979003906,43800
2006-10-04 00:00:00+09:00,463.4693820452009,464.5016078404018,451.5987854003906,451.5987854003906,122300
2006-10-05 00:00:00+09:00,452.1148425664547,458.8243094081943,451.08261689849473,457.7920837402344,46300
2006-10-06 00:00:00+09:00,457.27624200891563,457.7923551488805,442.82507408989795,445.9217529296875,83100
2006-10-09 00:00:00+09:00,445.92175292968744,445.92175292968744,445.92175292968744,445.9217529296875,0
2006-10-10 00:00:00+09:00,440.76053079227165,454.17946966885137,436.11551348884024,445.4055480957031,86800
2006-10-11 00:00:00+09:00,450.5666117758121,451.5988376905333,433.01877122555135,437.6637878417969,251300
2006-10-12 00:00:00+09:00,438.1799301942943,443.8571731061167,428.88989633858483,435.599365234375,186600
2006-10-13 00:00:00+09:00,433.5347374790329,443.3408803505825,433.5347374790329,442.30865478515625,170000
2006-10-16 00:00:00+09:00,447.4698511497262,452.1148669056057,440.76038394678915,450.5665283203125,79000
2006-10-17 00:00:00+09:00,453.66320549089886,453.66320549089886,445.40539970266866,450.5665283203125,44100
2006-10-18 00:00:00+09:00,451.5987854003906,451.5987854003906,443.85709193638394,451.5987854003906,114300
2006-10-19 00:00:00+09:00,456.7599143763951,456.7599143763951,447.9859951171875,451.5987854003906,92600
2006-10-20 00:00:00+09:00,452.11496158522004,455.72775237414305,443.8571540676818,455.2116394042969,78900
2006-10-23 00:00:00+09:00,451.5989392353105,458.30840918966373,451.5989392353105,454.69561767578125,81900
2006-10-24 00:00:00+09:00,458.82443019321994,458.82443019321994,453.14718752491234,455.2116394042969,74900
2006-10-25 00:00:00+09:00,455.2116406442887,459.85665738555696,454.17941470178465,457.2760925292969,107400
2006-10-26 00:00:00+09:00,461.40487357809417,461.40487357809417,455.7276324043145,457.7920837402344,102500
2006-10-27 00:00:00+09:00,460.88879021692065,460.88879021692065,454.69543581310984,456.2437744140625,68300
2006-10-30 00:00:00+09:00,451.59890450027837,454.17946966885137,444.3733220282739,445.4055480957031,122600
2006-10-31 00:00:00+09:00,454.17938232421875,458.30828579989344,447.9860271107067,454.17938232421875,107800
2006-11-01 00:00:00+09:00,454.17938232421875,457.7921728654341,451.59881765192205,454.17938232421875,140200
2006-11-02 00:00:00+09:00,456.2438653439892,457.27609128368147,449.5343967359894,455.2116394042969,76200
2006-11-03 00:00:00+09:00,455.21163940429693,455.21163940429693,455.21163940429693,455.2116394042969,0
2006-11-06 00:00:00+09:00,451.59879179813396,460.37271118164057,451.59879179813396,460.3727111816406,90400
2006-11-07 00:00:00+09:00,459.8565644829522,459.8565644829522,454.1793229461256,456.2437744140625,56600
2006-11-08 00:00:00+09:00,456.7600058414358,456.7600058414358,446.4377458224203,449.534423828125,147800
2006-11-09 00:00:00+09:00,450.0503485454776,451.59868690056527,440.2442056299225,444.37310791015625,223500
2006-11-10 00:00:00+09:00,439.2122502918824,445.92172062536594,437.1477978815798,440.7605895996094,163900
2006-11-13 00:00:00+09:00,439.7282665138473,439.7282665138473,424.7609898367328,430.954345703125,191500
2006-11-14 00:00:00+09:00,430.95423957326574,457.792108385014,430.95423957326574,450.5665283203125,186500
2006-11-15 00:00:00+09:00,453.6634500291612,453.6634500291612,436.631716410319,445.9217529296875,170700
2006-11-16 00:00:00+09:00,450.5666794298429,458.3083749526924,445.9216621161332,447.4700012207031,176100
2006-11-17 00:00:00+09:00,447.4697924693334,457.2759355568967,447.4697924693334,452.63092041015625,144100
2006-11-20 00:00:00+09:00,449.0183030259553,450.5666420019068,433.53491326643956,435.599365234375,190600
2006-11-21 00:00:00+09:00,430.9543485923632,442.3088344235392,429.92212260771083,436.115478515625,98700
2006-11-22 00:00:00+09:00,441.2765842992769,449.0182787606678,435.08322873016425,446.9538269042969,137500
2006-11-23 00:00:00+09:00,446.9538269042969,446.9538269042969,446.9538269042969,446.9538269042969,0
2006-11-24 00:00:00+09:00,446.95391479060845,446.95391479060845,436.115540413469,438.17999267578125,122200
2006-11-27 00:00:00+09:00,448.5021707962971,456.75997831383535,445.9216059470664,455.2116394042969,166000
2006-11-28 00:00:00+09:00,444.889330101223,470.17886278679134,444.889330101223,469.1466369628906,239200
2006-11-29 00:00:00+09:00,469.6627863582541,478.4367065429687,465.01776978987573,478.43670654296875,221000
2006-11-30 00:00:00+09:00,479.9850453990948,481.53338425522094,475.8561417827585,478.43670654296875,155000
2006-12-01 00:00:00+09:00,474.82379289257176,481.01714671290966,472.7593416191258,476.37213134765625,154700
2006-12-04 00:00:00+09:00,485.14620971679693,487.72677466209905,476.37228890276975,485.1462097167969,207100
2006-12-05 00:00:00+09:00,485.6623227058573,488.24288765115944,480.5011928152531,485.1462097167969,105900
2006-12-06 00:00:00+09:00,485.66207272109165,485.66207272109165,473.7914800828503,479.9848327636719,185000
2006-12-07 00:00:00+09:00,482.5655858277013,488.24282801390956,479.98502119760667,487.7267150878906,109100
2006-12-08 00:00:00+09:00,489.7912266183407,489.7912266183407,485.14620971679693,485.1462097167969,102900
2006-12-11 00:00:00+09:00,485.14615045779595,489.2750538659474,479.46890827158774,487.7267150878906,85600
2006-12-12 00:00:00+09:00,483.5979320420834,486.69461036892704,482.5657059331355,486.1784973144531,93400
2006-12-13 00:00:00+09:00,486.6944258002301,487.72665151772793,475.3399429077539,484.6299743652344,115300
2006-12-14 00:00:00+09:00,481.01721191406244,484.1138892439813,476.37219591918415,481.0172119140625,128600
2006-12-15 00:00:00+09:00,479.9850453990948,484.1139490154311,477.40448063888465,478.43670654296875,98800
2006-12-18 00:00:00+09:00,478.4367408590114,487.2106616730386,478.4367408590114,485.1462097167969,73200
2006-12-19 00:00:00+09:00,485.1462691492079,485.66238220149427,475.85623420805285,481.5334777832031,128700
2006-12-20 00:00:00+09:00,481.533324408608,485.1461146238923,469.1466150990618,480.5010986328125,195300
2006-12-21 00:00:00+09:00,485.662353515625,489.27514466823857,482.56567538481335,485.662353515625,104700
2006-12-22 00:00:00+09:00,485.1461782221351,487.21063004435695,480.50116162213595,483.59783935546875,105400
2006-12-25 00:00:00+09:00,487.72667420961136,487.72667420961136,472.24328772676654,474.3077392578125,112800
2006-12-26 00:00:00+09:00,469.6627252752131,477.40441854898035,469.1466123902953,476.8883056640625,39700
2006-12-27 00:00:00+09:00,474.8238254415578,485.1460825163743,473.27548688033534,478.9527282714844,118700
2006-12-28 00:00:00+09:00,482.56539638068085,482.56539638068085,475.3398182530557,479.9848327636719,64300
2006-12-29 00:00:00+09:00,477.92062348236914,479.98507541965796,476.88839751372467,477.4045104980469,13000
2007-01-04 00:00:00+09:00,482.5655505790219,483.5977763556615,478.4366474724634,481.0172119140625,28000
2007-01-05 00:00:00+09:00,481.533354267494,484.63003178689917,477.40445090828723,479.4689025878906,86100
2007-01-09 00:00:00+09:00,478.9527349956965,491.85555652036504,476.8882835517495,487.2105407714844,189400
2007-01-10 00:00:00+09:00,484.6301560969215,486.69460830606704,476.8884603126256,481.5334777832031,137000
2007-01-11 00:00:00+09:00,482.04940539392936,483.5977439551518,476.8882768565211,478.9527282714844,137200
2007-01-12 00:00:00+09:00,483.0816378835904,491.33944365937833,478.9527349956965,487.2105407714844,194300
2007-01-15 00:00:00+09:00,487.7267161502114,489.2750549316407,481.53336102449447,489.2750549316406,151800
2007-01-16 00:00:00+09:00,490.30737304687494,491.8557121196546,485.66235582853614,490.307373046875,66100
2007-01-17 00:00:00+09:00,489.79113061497213,489.79113061497213,467.5982764353685,480.5010986328125,280600
2007-01-18 00:00:00+09:00,481.01730580431354,488.7590006402199,480.5011928152531,485.1462097167969,83800
2007-01-19 00:00:00+09:00,487.7267764133832,489.2751153861241,485.14621145881506,488.2428894042969,85600
2007-01-22 00:00:00+09:00,489.79110842792926,497.5328013957047,487.7266569698558,491.3394470214844,166300
2007-01-23 00:00:00+09:00,491.85565121366903,493.9201030550695,487.21063457051787,490.82342529296875,118300
2007-01-24 00:00:00+09:00,495.4684419361199,495.4684419361199,488.75897345156824,490.82342529296875,129600
2007-01-25 00:00:00+09:00,498.04897469307303,498.04897469307303,488.7589420044976,489.2750549316406,119800
2007-01-26 00:00:00+09:00,489.27514466823857,489.7912576900405,477.404545166794,485.662353515625,162100
2007-01-29 00:00:00+09:00,483.0817577605552,488.24288765115944,482.04953178243437,485.1462097167969,121000
2007-01-30 00:00:00+09:00,485.14605530306824,488.75884507660174,481.01715270474426,483.08160400390625,125000
2007-01-31 00:00:00+09:00,485.14605530306824,486.69439377743976,480.5010398799538,483.08160400390625,144000
2007-02-01 00:00:00+09:00,483.5979037314967,490.30737304687494,483.5979037314967,490.307373046875,104900
2007-02-02 00:00:00+09:00,490.8234546504278,491.339567641648,485.1462117470054,488.7590026855469,61200
2007-02-05 00:00:00+09:00,492.88784434807997,493.92007020011783,485.14615045779595,487.7267150878906,114400
2007-02-06 00:00:00+09:00,487.7266887840367,493.9200435622467,486.6944629876684,493.4039306640625,78700
2007-02-07 00:00:00+09:00,492.88784434807997,492.88784434807997,482.0494729016824,487.7267150878906,81800
2007-02-08 00:00:00+09:00,490.30708723170784,494.4359890189222,478.4364945934665,479.9848327636719,210900
2007-02-09 00:00:00+09:00,480.5011928152531,488.24288765115944,477.920627869951,485.1462097167969,223500
2007-02-13 00:00:00+09:00,485.66238425997915,488.75906258682284,484.11404509655733,486.1784973144531,113100
2007-02-14 00:00:00+09:00,486.1783763098338,492.37173142206103,486.1783763098338,487.7267150878906,91900
2007-02-15 00:00:00+09:00,488.7590026855469,490.8234546504278,486.69455072066603,488.7590026855469,74600
2007-02-16 00:00:00+09:00,492.88781929016113,510.9517707824707,490.30725479125977,495.4683837890625,190400
2007-02-19 00:00:00+09:00,493.9200163085431,499.0811450056021,492.3716776994254,497.5328063964844,71500
2007-02-20 00:00:00+09:00,497.53290046095356,505.7907079374839,492.8878837554052,501.66180419921875,86100
2007-02-21 00:00:00+09:00,501.6617146768248,507.3389563038259,501.6617146768248,504.2422790527344,91700
2007-02-22 00:00:00+09:00,509.40344238281244,510.43566820324367,505.79065201130317,509.4034423828125,107300
2007-02-23 00:00:00+09:00,510.9517254638672,523.8545468139648,509.40338690185547,516.1128540039062,145100
2007-02-26 00:00:00+09:00,524.3707894726754,529.0158063085554,524.3707894726754,525.9191284179688,154400
2007-02-27 00:00:00+09:00,531.5963039930124,531.5963039930124,507.338996917603,518.1773681640625,251200
2007-02-28 00:00:00+09:00,495.4684784532698,502.1779474323245,484.1139924887157,501.1457214355469,306700
2007-03-01 00:00:00+09:00,501.1455062992317,509.40331072846726,494.4360402004778,499.59716796875,236300
2007-03-02 00:00:00+09:00,499.597378724801,500.6296047139018,489.2751188337927,494.4362487792969,125100
2007-03-05 00:00:00+09:00,489.27498534630087,491.33943676126415,474.307712587817,478.9527282714844,215000
2007-03-06 00:00:00+09:00,477.9206574202092,486.69457877673574,477.40454439923707,484.114013671875,228400
2007-03-07 00:00:00+09:00,487.7266498096487,492.8877783790629,482.049408383293,482.5655212402344,213000
2007-03-08 00:00:00+09:00,481.01736473091677,486.1784952537807,476.3723472603392,481.5334777832031,385500
2007-03-09 00:00:00+09:00,485.6622234928492,489.275013678237,475.3399658203125,475.3399658203125,330400
2007-03-12 00:00:00+09:00,490.8232507626873,505.2744085138495,487.72657410172394,499.59716796875,612600
2007-03-13 00:00:00+09:00,504.75838657236693,505.7906123117787,491.8555648297195,497.5328063964844,442100
2007-03-14 00:00:00+09:00,490.8233535568436,493.40391798143264,475.8560798942269,476.8883056640625,179900
2007-03-15 00:00:00+09:00,478.9528834621535,488.7590308606243,478.9528834621535,484.114013671875,139200
2007-03-16 00:00:00+09:00,484.6300021323011,488.7589052388596,480.50109902574263,481.0172119140625,149600
2007-03-19 00:00:00+09:00,478.9529145518179,486.69461036892704,478.9529145518179,486.1784973144531,157600
2007-03-20 00:00:00+09:00,485.146151514496,491.339506640213,485.146151514496,489.2750549316406,141900
2007-03-22 00:00:00+09:00,498.56506080349,502.17785109916747,490.30725441337006,494.9522705078125,226900
2007-03-23 00:00:00+09:00,500.11352155193595,500.62963457727335,490.30737407052544,492.371826171875,166700
2007-03-26 00:00:00+09:00,497.53283538818357,497.53283538818357,491.3394805908203,495.4683837890625,132200
2007-03-27 00:00:00+09:00,493.3910187060079,496.50717250836163,485.0812752330646,487.6780700683594,114400
2007-03-28 00:00:00+09:00,498.0653006371031,499.6233776985331,484.56196610471034,488.1974792480469,197400
2007-03-29 00:00:00+09:00,483.00386756848377,492.3523295214222,483.00386756848377,489.2361755371094,268200
2007-03-30 00:00:00+09:00,494.4298029963041,494.4298029963041,487.6781355184134,491.8330078125,227300
2007-04-02 00:00:00+09:00,486.6393689503583,493.3910357554326,480.40706113028966,482.4844970703125,239200
2007-04-03 00:00:00+09:00,482.4844754359392,486.11998816796455,481.96511647422125,483.523193359375,209200
2007-04-04 00:00:00+09:00,489.755487490101,495.9877948600705,488.71676959510614,494.4297180175781,151400
2007-04-05 00:00:00+09:00,494.4297681970586,497.0265631980936,491.3136141958166,494.9491271972656,227600
2007-04-06 00:00:00+09:00,492.87164117508576,494.9490769650756,490.2748464375985,494.4297180175781,107500
2007-04-09 00:00:00+09:00,492.8715893247592,495.9877426819231,492.3522304318986,495.4683837890625,131100
2007-04-10 00:00:00+09:00,495.4685146060449,500.1427458759132,490.27492430619117,496.5072326660156,105000
2007-04-11 00:00:00+09:00,494.4297180175781,497.54587170256286,494.4297180175781,494.4297180175781,100500
2007-04-12 00:00:00+09:00,489.755487490101,496.507153807568,484.04253906762904,494.4297180175781,98000
2007-04-13 00:00:00+09:00,493.9103524484942,496.50714715116766,483.0038146972656,483.0038146972656,117400
2007-04-16 00:00:00+09:00,493.3909426279854,502.22004370659147,488.716712645194,491.3135070800781,195400
2007-04-17 00:00:00+09:00,493.9103231591693,497.02647661758675,487.67801624233437,490.2748107910156,145200
2007-04-18 00:00:00+09:00,493.39102663426405,501.1814112653314,490.27487278183713,497.5458984375,139000
2007-04-19 00:00:00+09:00,497.54595072598636,498.5846687859571,492.35236042613263,496.5072326660156,111700
2007-04-20 00:00:00+09:00,495.9878540039062,495.9878540039062,493.9104179661935,495.98785400390625,100300
2007-04-23 00:00:00+09:00,495.98783839101026,501.18142832180615,491.3136074532939,492.3523254394531,121600
2007-04-24 00:00:00+09:00,492.35236042613263,497.54595072598636,488.19748818624964,496.5072326660156,84800
2007-04-25 00:00:00+09:00,497.02653346917566,497.02653346917566,481.9651233640491,486.1199951171875,178900
2007-04-26 00:00:00+09:00,486.63939183419905,495.9878540039062,486.63939183419905,495.98785400390625,89400
2007-04-27 00:00:00+09:00,490.7942511565494,502.2201490670722,488.716815172818,498.0652770996094,132300
2007-05-01 00:00:00+09:00,485.6005929530352,499.1039249495902,485.08123403009074,497.0264892578125,170300
2007-05-02 00:00:00+09:00,492.35232814434795,498.58463609554224,486.12002019315366,498.0652770996094,108700
2007-05-07 00:00:00+09:00,500.1427124023437,514.6847642686631,495.98784044053815,514.1654052734375,189700
2007-05-08 00:00:00+09:00,514.1653588295953,514.1653588295953,505.33625670827905,510.52984619140625,106700
2007-05-09 00:00:00+09:00,504.8170076695884,512.0880345290269,502.7395714240345,511.04931640625,143500
2007-05-10 00:00:00+09:00,511.568591741868,514.1653866238064,502.7394891432774,504.8169250488281,165900
2007-05-11 00:00:00+09:00,489.236353595831,493.3912270870907,464.3071126482727,467.942626953125,337100
2007-05-14 00:00:00+09:00,462.74896477364206,472.0974287084631,458.59409191372157,461.1908874511719,239000
2007-05-15 00:00:00+09:00,461.71011821227046,461.71011821227046,448.20678517119165,449.7648620605469,168000
2007-05-16 00:00:00+09:00,439.37781241280686,439.37781241280686,431.06806655157175,436.26165771484375,211200
2007-05-17 00:00:00+09:00,441.4552081714977,459.6327755667947,441.4552081714977,457.0359802246094,224900
2007-05-18 00:00:00+09:00,446.64876465403705,455.9972271700518,446.1294056253696,452.8810729980469,280200
2007-05-21 00:00:00+09:00,447.68747613504274,459.11337459788604,446.6487580929661,450.2842712402344,193600
2007-05-22 00:00:00+09:00,447.16800526087223,461.1906953213177,444.57121080523416,460.1519775390625,185300
2007-05-23 00:00:00+09:00,460.6714143448224,461.71013230275884,453.40038863926713,454.9584655761719,120900
2007-05-24 00:00:00+09:00,455.4778265499713,455.9971855312142,448.20680081257154,453.400390625,110900
2007-05-25 00:00:00+09:00,453.91981081801606,453.91981081801606,436.26160307452346,446.1294250488281,237800
2007-05-28 00:00:00+09:00,455.99716498908094,467.4230620617003,454.9584470733883,461.7101135253906,181800
2007-05-29 00:00:00+09:00,456.51650814134246,462.22945647985756,451.8422776825574,458.0745849609375,164300
2007-05-30 00:00:00+09:00,458.59405742992055,461.19085277210587,453.9198258139871,457.0359802246094,145100
2007-05-31 00:00:00+09:00,460.15203665185163,465.8649851881613,457.55524186262,461.7101135253906,108100
2007-06-01 00:00:00+09:00,465.3456700211865,467.42310604806676,458.5940029338255,459.6327209472656,135000
2007-06-04 00:00:00+09:00,462.2294383128928,467.94238642687236,460.6713615545347,464.82623291015625,128300
2007-06-05 00:00:00+09:00,467.9425487029246,468.9812669020432,463.268316806891,465.8651123046875,69200
2007-06-06 00:00:00+09:00,466.38420275271926,473.65522595821824,466.38420275271926,470.01971435546875,123800
2007-06-07 00:00:00+09:00,464.82640743789585,464.82640743789585,458.5940980644269,463.7876892089844,214500
2007-06-08 00:00:00+09:00,462.2294583716626,462.2294583716626,454.43907424180316,456.5165100097656,265000
2007-06-11 00:00:00+09:00,457.035836456828,461.7100666024092,446.64865835553644,449.2454528808594,175000
2007-06-12 00:00:00+09:00,447.1680334258497,451.84226374040566,444.05187988281244,444.0518798828125,194000
2007-06-13 00:00:00+09:00,444.57134137834817,446.64877755301336,441.45518711635043,443.5326232910156,109600
2007-06-14 00:00:00+09:00,444.0519758558218,448.72620718061995,443.53261681973316,448.20684814453125,76100
2007-06-15 00:00:00+09:00,446.64876465403705,453.91979105538184,444.0519695106996,452.8810729980469,163000
2007-06-18 00:00:00+09:00,447.6875022026657,451.8423746128993,445.09070694626973,446.1294250488281,170200
2007-06-19 00:00:00+09:00,446.1292327916469,451.32282106628776,444.57115630925466,445.09051513671875,110100
2007-06-20 00:00:00+09:00,444.0518528159853,447.1680061690799,440.4163405707082,440.9356994628906,141400
2007-06-21 00:00:00+09:00,441.4551720525053,448.72619841572305,441.4551720525053,447.1681213378906,97700
2007-06-22 00:00:00+09:00,443.53266475628294,446.1294602173853,440.4165102029601,443.0133056640625,85900
2007-06-25 00:00:00+09:00,446.64875528874705,447.16811430652467,437.30029296875,437.30029296875,102200
2007-06-26 00:00:00+09:00,440.93570646333865,441.4550653637666,431.0678873552074,434.7033996582031,73200
2007-06-27 00:00:00+09:00,433.14543142630083,435.7422265787367,425.8744049994804,429.5099182128906,132100
2007-06-28 00:00:00+09:00,441.45524887811564,443.5326853434244,432.10678478422614,436.26165771484375,61200
2007-06-29 00:00:00+09:00,436.2616577148437,440.9358897617885,433.1455030168805,436.26165771484375,118200
2007-07-02 00:00:00+09:00,431.06797766424756,432.62605469194966,424.3163105442051,427.4324645996094,244500
2007-07-03 00:00:00+09:00,426.912987798238,433.66465305538776,426.39362893230344,433.1452941894531,119200
2007-07-04 00:00:00+09:00,435.74222252135297,444.0519669317721,434.7035044700506,439.8970947265625,149500
2007-07-05 00:00:00+09:00,440.4165102029601,449.24561477070813,439.8971511107396,443.0133056640625,138300
2007-07-06 00:00:00+09:00,441.9745308291673,443.53260790612086,437.30029959830654,439.8970947265625,137400
2007-07-09 00:00:00+09:00,441.45517180351607,443.53260790612086,438.33901764960893,439.8970947265625,72000
2007-07-10 00:00:00+09:00,436.7810168311709,439.37781241280686,433.66486213320775,436.26165771484375,86000
2007-07-11 00:00:00+09:00,433.1453191650982,435.22275474862386,428.4710891021655,428.9904479980469,97400
2007-07-12 00:00:00+09:00,428.9905525448839,435.2228608143011,425.8743984101753,426.9131164550781,109400
2007-07-13 00:00:00+09:00,435.2227329862291,435.2227329862291,427.95170880746156,430.0291442871094,89800
2007-07-17 00:00:00+09:00,431.06785872571476,434.703370787257,431.06785872571476,433.1452941894531,86500
2007-07-18 00:00:00+09:00,431.06790892360846,432.1066267764364,424.8356018066406,424.8356018066406,118700
2007-07-19 00:00:00+09:00,423.7969271873081,425.87436310489295,421.7194912697232,422.7582092285156,146900
2007-07-20 00:00:00+09:00,422.2388542477447,424.8356491693176,419.1227003418573,419.6420593261719,102800
2007-07-23 00:00:00+09:00,417.045267637611,419.6420625793147,406.6580878707963,409.2548828125,134300
2007-07-24 00:00:00+09:00,408.7355041503906,412.8903758571291,406.1387093336791,408.7355041503906,104400
2007-07-25 00:00:00+09:00,405.1000176101434,413.9291205580568,405.1000176101434,411.8516845703125,105100
2007-07-26 00:00:00+09:00,408.2160585692732,414.448364806972,402.5031111847159,404.0611877441406,166600
2007-07-27 00:00:00+09:00,398.8675734312416,400.4256498899574,386.4029617615153,388.999755859375,135600
2007-07-30 00:00:00+09:00,383.8062994448844,396.27091539438,382.2482224511975,395.7515563964844,119700
2007-07-31 00:00:00+09:00,400.9451948917877,404.0613492562316,393.15480898067784,397.82904052734375,191700
2007-08-01 00:00:00+09:00,392.6353657490498,394.7128015466638,384.3256225585937,384.32562255859375,79400
2007-08-02 00:00:00+09:00,384.845020880275,392.63540591833726,382.24822586758756,385.3643798828125,86700
2007-08-03 00:00:00+09:00,387.96121228310454,390.0386484934558,379.65146744169937,380.690185546875,72500
2007-08-06 00:00:00+09:00,379.6514153928173,383.80628724390147,372.38038965341997,381.7288513183594,74400
2007-08-07 00:00:00+09:00,382.2481617647059,382.2481617647059,370.82226562500006,370.822265625,70900
2007-08-08 00:00:00+09:00,412.371004087735,420.1613882959416,404.06126093231467,410.81292724609375,458700
2007-08-09 00:00:00+09:00,399.90636674509756,402.50316133435143,379.1320100310665,386.9223937988281,448100
2007-08-10 00:00:00+09:00,373.93840225883156,377.57391450301463,344.33494541334073,358.3576354980469,339100
2007-08-13 00:00:00+09:00,379.1320100310665,392.11598297733593,378.61265111321575,386.9223937988281,248300
2007-08-14 00:00:00+09:00,396.79023249699515,405.09997558593744,392.1160020094651,405.0999755859375,176300
2007-08-15 00:00:00+09:00,399.9062805175781,409.25473902318384,398.3482040999772,399.9062805175781,211000
2007-08-16 00:00:00+09:00,384.32555343931085,393.15465399129505,376.01581174332574,392.1159362792969,178200
2007-08-17 00:00:00+09:00,380.1707299062726,380.1707299062726,358.87701416015625,358.87701416015625,136200
2007-08-20 00:00:00+09:00,395.2323075285312,395.7516666711442,370.8224278257178,377.5740966796875,176900
2007-08-21 00:00:00+09:00,373.4191608223864,388.4805734285745,368.2255702685285,386.40313720703125,125400
2007-08-22 00:00:00+09:00,386.4031306822987,389.51928496199463,377.5740268898268,383.80633544921875,113700
2007-08-23 00:00:00+09:00,388.9998384651889,395.7515045533697,382.7675313068681,387.96112060546875,174900
2007-08-24 00:00:00+09:00,398.34835201931986,404.06130100525536,395.7515570257128,403.0225830078125,215600
2007-08-27 00:00:00+09:00,402.50327207400966,408.7355808028976,395.75160428438113,397.82904052734375,131800
2007-08-28 00:00:00+09:00,387.44174387078533,400.4257165206106,386.4030260587993,394.7127685546875,64200
2007-08-29 00:00:00+09:00,379.13197123346544,387.9610719334229,371.86094712761815,385.8836364746094,119200
2007-08-30 00:00:00+09:00,391.07727233886715,391.07727233886715,386.40304199218747,389.5191955566406,68000
2007-08-31 00:00:00+09:00,397.3095914400541,405.09997558593744,391.5966430664062,405.0999755859375,116600
2007-09-03 00:00:00+09:00,405.10001900269816,408.735531993748,397.30963402187706,403.0225830078125,91700
2007-09-04 00:00:00+09:00,403.54205820996475,404.58077650651546,392.6355160961819,400.4259033203125,146000
2007-09-05 00:00:00+09:00,401.98386796401195,401.98386796401195,383.28694387266256,385.3643798828125,161200
2007-09-06 00:00:00+09:00,374.45774145113506,385.8836364746094,371.86094712761815,385.8836364746094,123900
2007-09-07 00:00:00+09:00,378.6126638170105,382.2481763639502,372.8997155289623,376.015869140625,139100
2007-09-10 00:00:00+09:00,373.9384371191679,377.57394970227085,365.62869407207523,372.89971923828125,183800
2007-09-11 00:00:00+09:00,372.3803352797327,381.72879557964234,366.66738731867684,377.0545654296875,178300
2007-09-12 00:00:00+09:00,379.651361742455,382.248156282417,373.93841375453843,375.4964904785156,86800
2007-09-13 00:00:00+09:00,381.2095735079694,384.32572805980567,371.3417507604879,374.9772644042969,86500
2007-09-14 00:00:00+09:00,367.1867336364147,379.1319880545725,367.1867336364147,370.3028869628906,144100
2007-09-18 00:00:00+09:00,368.7447539242831,372.3802655826915,365.1092422658746,365.62860107421875,108900
2007-09-19 00:00:00+09:00,370.82226734545407,390.0385473059328,369.78354950975256,386.9223937988281,195200
2007-09-20 00:00:00+09:00,392.1159428510499,393.67401944516,380.6900478275756,385.8836364746094,162700
2007-09-21 00:00:00+09:00,380.6900345475706,381.2093933941566,369.2641399226776,379.1319580078125,123500
2007-09-25 00:00:00+09:00,368.6733099978104,382.7927133594287,368.6733099978104,380.1780090332031,116100
2007-09-26 00:00:00+09:00,385.4073299603321,388.02203369140625,379.1320410057541,388.02203369140625,76000
2007-09-27 00:00:00+09:00,389.0678225263893,393.25134749979134,386.45311941801305,391.6825256347656,81800
2007-09-28 00:00:00+09:00,394.82017801920574,396.3889999186198,388.5448904215495,392.2054748535156,93500
2007-10-01 00:00:00+09:00,398.4807885158585,402.141373187264,387.4990345016419,393.7743225097656,100500
2007-10-02 00:00:00+09:00,393.774530441042,396.38923515844596,389.5910028931956,395.3433532714844,70100
2007-10-03 00:00:00+09:00,397.43504678049396,397.43504678049396,383.83858465379285,389.0679931640625,221100
2007-10-04 00:00:00+09:00,387.4991296352857,393.7744191840353,374.9485505377866,377.0403137207031,157700
2007-10-05 00:00:00+09:00,379.1319703402585,387.4990207201814,379.1319703402585,381.7466735839844,118600
2007-10-09 00:00:00+09:00,386.4531432107619,389.5907871339886,382.792558633664,383.83843994140625,98900
2007-10-10 00:00:00+09:00,391.68261378755506,393.25143600566275,389.0679100907089,389.5908508300781,98000
2007-10-11 00:00:00+09:00,385.93028384085386,399.00380294115377,385.93028384085386,396.38909912109375,97700
2007-10-12 00:00:00+09:00,396.9119530279905,399.00371562629346,393.77430913053604,394.8201904296875,223100
2007-10-15 00:00:00+09:00,402.14130558598873,402.14130558598873,398.4807215299394,399.003662109375,138500
2007-10-16 00:00:00+09:00,400.57255987273606,401.0955005514211,394.2972717285156,394.2972717285156,168500
2007-10-17 00:00:00+09:00,394.8203082140463,406.32500593683966,394.29736740846477,402.1414794921875,200200
2007-10-18 00:00:00+09:00,396.912036243498,404.75614763170944,396.912036243498,403.71026611328125,133600
2007-10-19 00:00:00+09:00,403.71032343956404,403.71032343956404,395.8662109375,395.8662109375,232900
2007-10-22 00:00:00+09:00,388.0220370458854,392.2055630517709,383.8385110399998,390.1138000488281,144800
2007-10-23 00:00:00+09:00,389.5910223949448,395.3433730611789,389.5910223949448,392.7286682128906,171800
2007-10-24 00:00:00+09:00,391.1596815502995,395.86614830692076,385.4073332922069,390.1138000488281,227900
2007-10-25 00:00:00+09:00,394.2972742853938,396.38903701369827,384.8843420080237,386.9761047363281,201200
2007-10-26 00:00:00+09:00,386.8009610558733,393.7743225097657,386.8009610558733,393.7743225097656,227900
2007-10-29 00:00:00+09:00,392.20541754784,399.0036447853359,392.20541754784,397.957763671875,138100
2007-10-30 00:00:00+09:00,392.72845223916545,394.2972742853938,385.9302233721759,386.9761047363281,343100
2007-10-31 00:00:00+09:00,392.2055512077724,397.95789929215306,388.0220253282228,396.9120178222656,112800
2007-11-01 00:00:00+09:00,391.6826322449858,398.4808621771418,390.6367507169618,396.38909912109375,192600
2007-11-02 00:00:00+09:00,394.6917138858548,394.6917138858548,389.0679931640625,389.0679931640625,112800
2007-11-05 00:00:00+09:00,384.8844137351606,386.453236073755,371.8108942468739,374.42559814453125,213600
2007-11-06 00:00:00+09:00,370.2419898380295,376.51727780138594,369.71904917441645,374.9484558105469,122700
2007-11-07 00:00:00+09:00,374.948409446466,375.99429064436407,363.966656868536,366.58135986328125,146000
2007-11-08 00:00:00+09:00,358.2143941182576,358.2143941182576,339.9114688713393,349.32440185546875,278500
2007-11-09 00:00:00+09:00,343.4265074418714,343.4265074418714,339.9114990234375,339.9114990234375,213600
2007-11-12 00:00:00+09:00,338.34264919441495,338.34264919441495,320.03972381295506,323.1773681640625,254300
2007-11-13 00:00:00+09:00,324.22320076588835,331.54436981544063,319.51673494831897,325.7920227050781,214900
2007-11-14 00:00:00+09:00,331.5444150635148,338.8655851122359,325.26912645032525,334.15911865234375,249100
2007-11-15 00:00:00+09:00,332.06731216025986,340.43436254540023,329.97554956397477,335.2049560546875,199500
2007-11-16 00:00:00+09:00,324.6124159736531,324.6124159736531,315.3333435058594,315.3333435058594,199500
2007-11-19 00:00:00+09:00,317.9479921740765,318.47093295067856,301.7368280994114,304.3515319824219,204600
2007-11-20 00:00:00+09:00,293.89277009882477,309.0580553886218,291.8010066105769,305.92041015625,187700
2007-11-21 00:00:00+09:00,303.30565974142695,303.30565974142695,291.2780215103014,295.4615478515625,226900
2007-11-22 00:00:00+09:00,305.3973399249892,308.0120431777716,291.80088301052047,301.73675537109375,173400
2007-11-26 00:00:00+09:00,306.9661560058594,312.1955624114106,302.78263088141836,306.9661560058594,205500
2007-11-27 00:00:00+09:00,301.73688093346743,325.7921608692378,300.1680583289607,315.3333435058594,260000
2007-11-28 00:00:00+09:00,312.0467081192025,312.0467081192025,309.5809326171875,309.5809326171875,199500
2007-11-29 00:00:00+09:00,320.0396984565549,326.8379273453379,316.90205435403965,321.6085205078125,96200
2007-11-30 00:00:00+09:00,321.44781164869994,333.1133117675781,321.44781164869994,333.1133117675781,199500
2007-12-03 00:00:00+09:00,335.2050032226563,335.2050032226563,320.039722265625,326.83795166015625,235700
2007-12-04 00:00:00+09:00,321.6085697861969,326.8379774249968,316.3791621473969,318.9938659667969,140100
2007-12-05 00:00:00+09:00,319.51678308777053,323.1773681640625,313.7644351107403,323.1773681640625,170600
2007-12-06 00:00:00+09:00,320.03976863879336,327.8838806152344,320.03976863879336,327.8838806152344,187200
2007-12-07 00:00:00+09:00,338.3426423771366,338.3426423771366,327.36088736953246,328.4067687988281,247800
2007-12-10 00:00:00+09:00,333.63620735543674,334.15914811931674,317.9479844390369,318.9938659667969,337200
2007-12-11 00:00:00+09:00,328.40675173628443,332.5902772361097,325.26910761141545,327.3608703613281,240300
2007-12-12 00:00:00+09:00,319.5167849105568,328.9297180175781,318.99384418238895,328.9297180175781,116500
2007-12-13 00:00:00+09:00,329.4525593810439,329.4525593810439,320.5625696834602,321.08551025390625,130100
2007-12-14 00:00:00+09:00,326.31498666158535,331.54439349911075,319.51675777280235,321.6085205078125,238800
2007-12-17 00:00:00+09:00,325.2690763806741,325.2690763806741,313.7643823607789,314.2873229980469,153800
2007-12-18 00:00:00+09:00,282.9109238642628,306.96619650336834,282.9109238642628,303.82855224609375,368700
2007-12-19 00:00:00+09:00,298.5991409656613,308.5350143077761,287.61738621911337,292.3238525390625,319200
2007-12-20 00:00:00+09:00,294.12121088628606,294.12121088628606,290.75503540039057,290.7550354003906,116500
2007-12-21 00:00:00+09:00,288.6632809870119,292.32386607199214,287.6173995341604,291.2779846191406,220600
2007-12-25 00:00:00+09:00,306.96624529003043,308.01212687534564,292.8468438882743,295.4615478515625,157500
2007-12-26 00:00:00+09:00,300.6909621739678,300.6909621739678,290.7550869021324,299.64508056640625,128200
2007-12-27 00:00:00+09:00,299.645028037892,304.35149444686414,295.9844430531359,300.16796875,132900
2007-12-28 00:00:00+09:00,303.3056130226481,303.3056130226481,295.4615023410279,300.16796875,63300
2008-01-04 00:00:00+09:00,285.0026550292969,285.0026550292969,285.0026550292969,285.0026550292969,128200
2008-01-07 00:00:00+09:00,283.4338073730469,283.4338073730469,283.4338073730469,283.4338073730469,128200
2008-01-08 00:00:00+09:00,280.8192086113824,282.3880310058594,280.8192086113824,282.3880310058594,128200
2008-01-09 00:00:00+09:00,282.38808919568385,286.0486755371094,282.38808919568385,286.0486755371094,128200
2008-01-10 00:00:00+09:00,281.86496887779595,281.86496887779595,278.7273254394531,278.7273254394531,128200
2008-01-11 00:00:00+09:00,278.72740150043984,278.72740150043984,274.02093505859375,274.02093505859375,128200
2008-01-15 00:00:00+09:00,274.5438641382133,274.5438641382133,258.33270263671875,258.33270263671875,128200
2008-01-16 00:00:00+09:00,258.3327054341634,260.9474089304606,244.73624725341796,251.01153564453125,326800
2008-01-17 00:00:00+09:00,258.8556287397684,264.60797604509656,253.10328143444022,263.0391540527344,240900
2008-01-18 00:00:00+09:00,255.1951044579888,268.79156494140625,255.1951044579888,268.79156494140625,240900
2008-01-21 00:00:00+09:00,258.8556533563332,266.1768233502497,255.19506835937497,255.195068359375,286800
2008-01-22 00:00:00+09:00,246.30508756741912,247.35096904328927,237.93803576045798,238.98391723632812,193500
2008-01-23 00:00:00+09:00,237.41513162199985,253.6262969970703,237.41513162199985,253.6262969970703,193500
2008-01-24 00:00:00+09:00,253.62633177008763,262.5163269042969,253.62633177008763,262.5163269042969,193500
2008-01-25 00:00:00+09:00,262.516167674682,278.7273254394531,262.516167674682,278.7273254394531,193500
2008-01-28 00:00:00+09:00,275.58972764153543,275.58972764153543,270.3603210449219,270.3603210449219,193500
2008-01-29 00:00:00+09:00,267.22268315365443,278.2044372558594,265.6538611390537,278.2044372558594,220200
2008-01-30 00:00:00+09:00,273.49803203181995,277.1586175465862,264.60803863881625,268.79156494140625,206200
2008-01-31 00:00:00+09:00,273.49792817647983,280.29615583669823,271.9291064087371,279.2502746582031,222300
2008-02-01 00:00:00+09:00,279.2502759493314,279.2502759493314,271.9291076660156,271.9291076660156,222300
2008-02-04 00:00:00+09:00,271.92915399043005,276.6356201171875,271.92915399043005,276.6356201171875,222300
2008-02-05 00:00:00+09:00,275.5898270089286,275.5898270089286,274.54394531250006,274.5439453125,222300
2008-02-06 00:00:00+09:00,263.0391540527344,263.0391540527344,263.0391540527344,263.0391540527344,222300
2008-02-07 00:00:00+09:00,263.03915772447453,265.13092041015625,263.03915772447453,265.13092041015625,222300
2008-02-08 00:00:00+09:00,269.83740933250834,274.02093505859375,269.83740933250834,274.02093505859375,222300
2008-02-12 00:00:00+09:00,274.0209845688072,274.0209845688072,271.4062805175781,271.4062805175781,222300
2008-02-13 00:00:00+09:00,268.79161758726815,268.79161758726815,262.5163269042969,262.5163269042969,222300
2008-02-14 00:00:00+09:00,271.929163741336,275.0668079383514,270.3603416428283,273.49798583984375,233500
2008-02-15 00:00:00+09:00,271.9292410714286,276.1127678571429,270.88335937500005,274.5439453125,200600
2008-02-18 00:00:00+09:00,273.49808302482415,277.6816101074219,273.49808302482415,277.6816101074219,200600
2008-02-19 00:00:00+09:00,281.34208372899406,283.956787109375,277.6814989964607,283.956787109375,200600
2008-02-20 00:00:00+09:00,276.6356365954899,276.6356365954899,268.2685852050781,268.2685852050781,200600
2008-02-21 00:00:00+09:00,279.2503945285423,285.52568429322866,278.72745371481847,282.9109802246094,135700
2008-02-22 00:00:00+09:00,283.95679563634536,284.479736328125,283.95679563634536,284.479736328125,135700
2008-02-25 00:00:00+09:00,288.14037878111697,291.80096435546875,288.14037878111697,291.80096435546875,135700
2008-02-26 00:00:00+09:00,289.18631255321014,291.80101700667495,284.4798445369735,285.5257263183594,91700
2008-02-27 00:00:00+09:00,285.5256332204312,289.18621826171875,285.5256332204312,289.18621826171875,91700
2008-02-28 00:00:00+09:00,291.27069886043506,291.27069886043506,290.75503540039057,290.7550354003906,91700
2008-02-29 00:00:00+09:00,286.57160809974533,286.57160809974533,285.5257263183594,285.5257263183594,91700
2008-03-03 00:00:00+09:00,281.8650370318848,281.8650370318848,273.49798583984375,273.49798583984375,91700
2008-03-04 00:00:00+09:00,273.49803203181995,273.49803203181995,268.79156494140625,268.79156494140625,91700
2008-03-05 00:00:00+09:00,264.6080270703509,266.1768493652344,264.6080270703509,266.1768493652344,91700
2008-03-06 00:00:00+09:00,272.97503662109375,272.97503662109375,272.97503662109375,272.97503662109375,91700
2008-03-07 00:00:00+09:00,272.9750420574235,272.9750420574235,258.33270263671875,258.33270263671875,91700
2008-03-10 00:00:00+09:00,251.53447274600757,255.7179982802447,247.35094721177043,248.91976928710938,141000
2008-03-11 00:00:00+09:00,248.91982963011438,253.6262969970703,248.91982963011438,253.6262969970703,141000
2008-03-12 00:00:00+09:00,260.94739139625136,264.60797604509656,259.3785694038892,263.0391540527344,191700
2008-03-13 00:00:00+09:00,258.8556468917663,261.99329109651495,255.71800268701762,260.4244689941406,238100
2008-03-14 00:00:00+09:00,260.4244841593175,262.51624708429193,253.62625465315057,255.718017578125,330800
2008-03-17 00:00:00+09:00,226.95624776339162,240.55270500267315,226.95624776339162,236.89212036132812,291800
2008-03-18 00:00:00+09:00,235.84623398215086,246.82798767089844,235.84623398215086,246.82798767089844,291800
2008-03-19 00:00:00+09:00,246.82800737759362,258.33270263671875,246.82800737759362,258.33270263671875,291800
2008-03-21 00:00:00+09:00,258.3327491849313,268.79156494140625,258.3327491849313,268.79156494140625,291800
2008-03-24 00:00:00+09:00,268.2685766816139,268.2685766816139,267.7456359863281,267.7456359863281,291800
2008-03-25 00:00:00+09:00,272.4521079597256,275.5897521972656,272.4521079597256,275.5897521972656,291800
2008-03-26 00:00:00+09:00,275.06178219296515,287.7325744628906,275.06178219296515,287.7325744628906,291800
2008-03-27 00:00:00+09:00,288.26057661699326,288.26057661699326,286.6767272949219,286.6767272949219,291800
2008-03-28 00:00:00+09:00,287.2046980574324,293.01214599609375,287.2046980574324,293.01214599609375,291800
2008-03-31 00:00:00+09:00,290.90033493473027,290.90033493473027,280.3413391113281,280.3413391113281,291800
2008-04-01 00:00:00+09:00,281.9251752336449,282.453125,281.9251752336449,282.453125,291800
2008-04-02 00:00:00+09:00,282.453265425492,288.7886657714844,282.453265425492,288.7886657714844,291800
2008-04-03 00:00:00+09:00,289.84456582914976,289.84456582914976,288.7886657714844,288.7886657714844,291800
2008-04-04 00:00:00+09:00,287.20468168063314,287.20468168063314,283.509033203125,283.509033203125,291800
2008-04-07 00:00:00+09:00,284.0370212876316,288.2606201171875,284.0370212876316,288.2606201171875,291800
2008-04-08 00:00:00+09:00,287.732765713819,289.31661580031704,287.2048156849863,288.7886657714844,116300
2008-04-09 00:00:00+09:00,288.7886657714844,288.7886657714844,288.7886657714844,288.7886657714844,116300
2008-04-10 00:00:00+09:00,275.58976093321354,276.6456604003906,275.58976093321354,276.6456604003906,116300
2008-04-11 00:00:00+09:00,275.5897864656075,283.509033203125,275.5897864656075,283.509033203125,149700
2008-04-14 00:00:00+09:00,282.9809855610932,282.9809855610932,275.5896911621094,275.5896911621094,149700
2008-04-15 00:00:00+09:00,272.950076671782,277.1736755371094,272.950076671782,277.1736755371094,149700
2008-04-16 00:00:00+09:00,277.1736400278084,284.0369873046875,277.1736400278084,284.0369873046875,149700
2008-04-17 00:00:00+09:00,290.3723451350707,294.0679931640625,290.3723451350707,294.0679931640625,149700
2008-04-18 00:00:00+09:00,289.3164973078547,293.01214599609375,289.3164973078547,293.01214599609375,149700
2008-04-21 00:00:00+09:00,297.23572668807054,297.23572668807054,294.5959777832031,294.5959777832031,149700
2008-04-22 00:00:00+09:00,290.9004031845809,292.4842529296875,290.9004031845809,292.4842529296875,149700
2008-04-23 00:00:00+09:00,295.1239013671875,295.1239013671875,295.1239013671875,295.1239013671875,149700
2008-04-24 00:00:00+09:00,294.0681026747941,294.0681026747941,292.4842529296875,292.4842529296875,149700
2008-04-25 00:00:00+09:00,300.40344720708333,300.40344720708333,297.2357482910156,297.2357482910156,149700
2008-04-28 00:00:00+09:00,305.68291824795114,305.68291824795114,301.45932006835943,301.4593200683594,149700
2008-04-30 00:00:00+09:00,301.45932006835943,301.45932006835943,301.45932006835943,301.4593200683594,149700
2008-05-01 00:00:00+09:00,294.5959777832031,294.5959777832031,294.5959777832031,294.5959777832031,149700
2008-05-02 00:00:00+09:00,304.6270184896397,305.15496826171875,304.6270184896397,305.15496826171875,149700
2008-05-07 00:00:00+09:00,307.79476503981755,307.79476503981755,307.2668151855469,307.2668151855469,149700
2008-05-08 00:00:00+09:00,304.6270313886685,306.73883056640625,304.6270313886685,306.73883056640625,149700
2008-05-09 00:00:00+09:00,306.2108503069196,306.2108503069196,295.65185546875,295.65185546875,149700
2008-05-12 00:00:00+09:00,292.48419719703094,297.23574552694663,281.3972510938944,285.620849609375,135600
2008-05-13 00:00:00+09:00,281.9252218728537,288.2606201171875,281.9252218728537,288.2606201171875,135600
2008-05-14 00:00:00+09:00,291.4283260467638,296.70782470703125,291.4283260467638,296.70782470703125,135600
2008-05-15 00:00:00+09:00,305.15497232378544,309.3785705566406,305.15497232378544,309.3785705566406,135600
2008-05-16 00:00:00+09:00,322.57725281063375,322.57725281063375,320.4654541015625,320.4654541015625,135600
2008-05-19 00:00:00+09:00,319.40946498212287,324.1610107421875,319.40946498212287,324.1610107421875,135600
2008-05-20 00:00:00+09:00,317.82574026199825,317.82574026199825,317.29779052734375,317.29779052734375,135600
2008-05-21 00:00:00+09:00,310.4344310951871,315.71392822265625,310.4344310951871,315.71392822265625,135600
2008-05-22 00:00:00+09:00,308.8506590258174,314.1301574707032,308.8506590258174,314.1301574707031,135600
2008-05-23 00:00:00+09:00,320.9933814368771,320.9933814368771,317.82568359375,317.82568359375,135600
2008-05-26 00:00:00+09:00,318.35367614640313,318.35367614640313,304.6269836425781,304.6269836425781,135600
2008-05-27 00:00:00+09:00,306.73870958600725,310.4343566894531,306.73870958600725,310.4343566894531,135600
2008-05-28 00:00:00+09:00,309.9064502977345,309.9064502977345,308.3226013183594,308.3226013183594,135600
2008-05-29 00:00:00+09:00,317.8257270736439,317.8257270736439,315.71392822265625,315.71392822265625,135600
2008-05-30 00:00:00+09:00,315.7138907310449,325.74493408203125,315.7138907310449,325.74493408203125,135600
2008-06-02 00:00:00+09:00,325.2170232599432,325.2170232599432,319.4095764160156,319.4095764160156,135600
2008-06-03 00:00:00+09:00,317.8257270736439,317.8257270736439,315.71392822265625,315.71392822265625,135600
2008-06-04 00:00:00+09:00,318.88165263450645,326.27294921875,318.88165263450645,326.27294921875,135600
2008-06-05 00:00:00+09:00,326.27299681047145,328.38479614257807,326.27299681047145,328.3847961425781,135600
2008-06-06 00:00:00+09:00,331.02450581212196,331.02450581212196,327.32885742187494,327.328857421875,135600
2008-06-09 00:00:00+09:00,325.2170498062858,325.2170498062858,322.5773010253906,322.5773010253906,135600
2008-06-10 00:00:00+09:00,322.5773010253906,322.5773010253906,322.5773010253906,322.5773010253906,135600
2008-06-11 00:00:00+09:00,322.57723035844066,322.57723035844066,317.82568359375,317.82568359375,135600
2008-06-12 00:00:00+09:00,320.99351139658506,320.99351139658506,307.2668151855469,307.2668151855469,135600
2008-06-13 00:00:00+09:00,300.4034031459263,303.04315185546875,300.4034031459263,303.04315185546875,135600
2008-06-16 00:00:00+09:00,302.51519337900874,302.51519337900874,301.98724365234375,301.98724365234375,135600
2008-06-17 00:00:00+09:00,306.21087678439955,306.21087678439955,302.5152282714844,302.5152282714844,135600
2008-06-18 00:00:00+09:00,304.09906893060423,304.09906893060423,299.3475209785635,301.4593200683594,96900
2008-06-19 00:00:00+09:00,301.4592533797669,301.4592533797669,293.5400085449219,293.5400085449219,96900
2008-06-20 00:00:00+09:00,290.9002685546875,290.9002685546875,290.9002685546875,290.9002685546875,96900
2008-06-23 00:00:00+09:00,285.0928779728505,288.78852639101706,285.0928779728505,286.6767272949219,42300
2008-06-24 00:00:00+09:00,282.9810616629464,285.6208103724888,282.9810616629464,284.5649108886719,42300
2008-06-25 00:00:00+09:00,283.5089601391423,289.31640625,283.5089601391423,289.31640625,42300
2008-06-26 00:00:00+09:00,282.9810877236292,284.0369873046875,282.9810877236292,284.0369873046875,42300
2008-06-27 00:00:00+09:00,277.17360152188684,279.285400390625,277.17360152188684,279.285400390625,42300
2008-06-30 00:00:00+09:00,279.2854749697731,279.2854749697731,277.1736755371094,277.1736755371094,42300
2008-07-01 00:00:00+09:00,277.17362733644865,282.453125,277.17362733644865,282.453125,42300
2008-07-02 00:00:00+09:00,282.45311192103793,282.45311192103793,273.47796630859375,273.47796630859375,42300
2008-07-03 00:00:00+09:00,273.47797523468375,273.47797523468375,267.142578125,267.142578125,42300
2008-07-04 00:00:00+09:00,267.6705278841403,267.6705278841403,267.142578125,267.142578125,42300
2008-07-07 00:00:00+09:00,272.94999926195493,275.0617980957031,272.94999926195493,275.0617980957031,42300
2008-07-08 00:00:00+09:00,274.0059204697609,274.0059204697609,270.3102722167969,270.3102722167969,42300
2008-07-09 00:00:00+09:00,282.45317933187323,282.45317933187323,274.0059814453125,274.0059814453125,42300
2008-07-10 00:00:00+09:00,274.00590728050054,274.00590728050054,272.42205810546875,272.42205810546875,42300
2008-07-11 00:00:00+09:00,269.78228759765625,269.78228759765625,269.78228759765625,269.78228759765625,42300
2008-07-14 00:00:00+09:00,276.64563346608975,276.64563346608975,269.78228759765625,269.78228759765625,42300
2008-07-15 00:00:00+09:00,265.55868929396695,265.55868929396695,262.3909912109375,262.3909912109375,42300
2008-07-16 00:00:00+09:00,259.7513427734375,259.7513427734375,259.7513427734375,259.7513427734375,42300
2008-07-17 00:00:00+09:00,266.0867413776677,266.0867413776677,259.7513427734375,259.7513427734375,42300
2008-07-18 00:00:00+09:00,259.7513041052019,259.7513041052019,254.999755859375,254.999755859375,42300
2008-07-22 00:00:00+09:00,254.47180888865256,266.6146545410156,254.47180888865256,266.6146545410156,62200
2008-07-23 00:00:00+09:00,272.4220451941857,274.5338439941406,272.4220451941857,274.5338439941406,62200
2008-07-24 00:00:00+09:00,279.81338898045425,284.0369873046875,279.81338898045425,284.0369873046875,62200
2008-07-25 00:00:00+09:00,281.9251315468236,281.9251315468236,280.8692321777344,280.8692321777344,62200
2008-07-28 00:00:00+09:00,280.86924954217864,280.86924954217864,279.285400390625,279.285400390625,62200
2008-07-29 00:00:00+09:00,271.36615888487614,279.8133544921875,271.36615888487614,279.8133544921875,62200
2008-07-30 00:00:00+09:00,287.73260934012274,291.9562072753906,287.73260934012274,291.9562072753906,62200
2008-07-31 00:00:00+09:00,290.9003467456714,293.01214599609375,290.9003467456714,293.01214599609375,62200
2008-08-01 00:00:00+09:00,293.5400743572312,293.5400743572312,286.6767272949219,286.6767272949219,62200
2008-08-04 00:00:00+09:00,286.67668709388147,286.67668709388147,274.5338439941406,274.5338439941406,62200
2008-08-05 00:00:00+09:00,270.3102722167969,270.3102722167969,270.3102722167969,270.3102722167969,62200
2008-08-06 00:00:00+09:00,270.3102423954373,277.7015380859375,270.3102423954373,277.7015380859375,62200
2008-08-07 00:00:00+09:00,267.67048399301456,267.67048399301456,265.5586853027344,265.5586853027344,62200
2008-08-08 00:00:00+09:00,260.8071421694228,262.3909912109375,260.8071421694228,262.3909912109375,62200
2008-08-11 00:00:00+09:00,265.5587506369939,266.0867004394531,265.5587506369939,266.0867004394531,62200
2008-08-12 00:00:00+09:00,265.55868929396695,265.55868929396695,262.3909912109375,262.3909912109375,62200
2008-08-13 00:00:00+09:00,262.3910285853132,262.3910285853132,250.24818420410153,250.24818420410156,62200
2008-08-14 00:00:00+09:00,249.72025560212614,249.72025560212614,235.9935607910156,235.99356079101562,62200
2008-08-15 00:00:00+09:00,242.32891845703125,242.32891845703125,242.32891845703125,242.32891845703125,62200
2008-08-18 00:00:00+09:00,258.1674104690552,258.1674104690552,251.83201389312745,253.41586303710938,62200
2008-08-19 00:00:00+09:00,240.74513069085313,240.74513069085313,238.63333129882812,238.63333129882812,62200
2008-08-20 00:00:00+09:00,238.6332371575492,238.6332371575492,236.52143859863284,236.5214385986328,62200
2008-08-21 00:00:00+09:00,239.16119384765628,239.16119384765628,239.16119384765628,239.16119384765625,62200
2008-08-22 00:00:00+09:00,239.16120270110747,240.21710205078122,239.16120270110747,240.21710205078125,62200
2008-08-25 00:00:00+09:00,240.21714759595469,243.91279602050784,240.21714759595469,243.9127960205078,62200
2008-08-26 00:00:00+09:00,239.68918066566167,241.80097961425778,239.68918066566167,241.8009796142578,62200
2008-08-27 00:00:00+09:00,238.63335233392027,241.27310180664062,238.63335233392027,241.27310180664062,62200
2008-08-28 00:00:00+09:00,242.85691833496094,242.85691833496094,242.85691833496094,242.85691833496094,62200
2008-08-29 00:00:00+09:00,247.0805087829969,254.999755859375,247.0805087829969,254.999755859375,62200
2008-09-01 00:00:00+09:00,254.9997231111688,254.9997231111688,249.19227600097656,249.19227600097656,62200
2008-09-02 00:00:00+09:00,246.5525360107422,246.5525360107422,246.5525360107422,246.5525360107422,62200
2008-09-03 00:00:00+09:00,251.30413394325657,251.30413394325657,250.77618408203125,250.77618408203125,62200
2008-09-04 00:00:00+09:00,250.77609147011847,250.77609147011847,243.38479614257812,243.38479614257812,62200
2008-09-05 00:00:00+09:00,232.2978952390338,232.2978952390338,230.18609619140622,230.18609619140625,62200
2008-09-08 00:00:00+09:00,230.1860660182703,233.8817138671875,230.1860660182703,233.8817138671875,62200
2008-09-09 00:00:00+09:00,233.88180769629133,233.88180769629133,226.49050903320312,226.49050903320312,62200
2008-09-10 00:00:00+09:00,226.49036098746367,230.18600790334304,224.37856274981834,227.018310546875,86400
2008-09-11 00:00:00+09:00,223.85073602394982,225.4345855712891,223.85073602394982,225.43458557128906,86400
2008-09-12 00:00:00+09:00,226.49032319167566,229.65802001953128,226.49032319167566,229.65802001953125,86400
2008-09-16 00:00:00+09:00,229.65816286385777,229.65816286385777,219.0991668701172,219.0991668701172,86400
2008-09-17 00:00:00+09:00,222.26687565028112,225.9625244140625,222.26687565028112,225.9625244140625,86400
2008-09-18 00:00:00+09:00,225.96244479026151,225.96244479026151,220.15499877929685,220.15499877929688,86400
2008-09-19 00:00:00+09:00,224.9066099044546,224.9066099044546,222.26686096191403,222.26686096191406,86400
2008-09-22 00:00:00+09:00,228.60230865122833,228.60230865122833,226.49050903320312,226.49050903320312,86400
2008-09-24 00:00:00+09:00,226.4904666591335,234.4097137451172,226.4904666591335,234.4097137451172,86400
2008-09-25 00:00:00+09:00,234.4097321250222,234.94369506835938,234.4097321250222,234.94369506835938,86400
2008-09-26 00:00:00+09:00,219.99271204419122,219.99271204419122,218.3908233642578,218.3908233642578,86400
2008-09-29 00:00:00+09:00,218.39081075401504,218.39081075401504,206.1096649169922,206.1096649169922,86400
2008-09-30 00:00:00+09:00,206.1096466969287,206.1096466969287,198.10020446777344,198.10020446777344,86400
2008-10-01 00:00:00+09:00,198.10019038585904,200.7700042724609,198.10019038585904,200.77000427246094,86400
2008-10-02 00:00:00+09:00,200.77006248854474,200.77006248854474,182.08135986328125,182.08135986328125,86400
2008-10-03 00:00:00+09:00,175.13982517733896,179.41152823044482,174.07189941406253,174.0718994140625,155200
2008-10-06 00:00:00+09:00,173.00402266142385,173.00402266142385,161.25683593750003,161.2568359375,155200
2008-10-07 00:00:00+09:00,156.9850311279297,156.9850311279297,156.9850311279297,156.9850311279297,155200
2008-10-08 00:00:00+09:00,156.98511296065254,156.98511296065254,150.04359436035156,150.04359436035156,155200
2008-10-09 00:00:00+09:00,164.99452209472656,164.99452209472656,164.99452209472656,164.99452209472656,155200
2008-10-10 00:00:00+09:00,164.9945431877585,164.9945431877585,163.3926544189453,163.3926544189453,155200
2008-10-14 00:00:00+09:00,183.68320138113842,186.8869781494141,183.68320138113842,186.88697814941406,155200
2008-10-15 00:00:00+09:00,184.75123870688142,201.83805847167972,184.75123870688142,201.8380584716797,155200
2008-10-16 00:00:00+09:00,201.83793640136722,201.83793640136722,186.8869781494141,186.88697814941406,155200
2008-10-17 00:00:00+09:00,189.5568084716797,189.5568084716797,189.5568084716797,189.5568084716797,155200
2008-10-20 00:00:00+09:00,188.48888046562172,191.6926574707031,188.48888046562172,191.69265747070312,155200
2008-10-21 00:00:00+09:00,189.5568093193902,192.22662353515628,189.5568093193902,192.22662353515625,155200
2008-10-22 00:00:00+09:00,192.22661898029386,192.22661898029386,178.87754821777347,178.87754821777344,155200
2008-10-23 00:00:00+09:00,169.2662662827825,177.2757110595703,169.2662662827825,177.2757110595703,155200
2008-10-24 00:00:00+09:00,180.47943627079832,180.47943627079832,168.7322540283203,168.7322540283203,155200
2008-10-27 00:00:00+09:00,168.73228857252334,168.73228857252334,153.7813262939453,153.7813262939453,155200
2008-10-28 00:00:00+09:00,141.50015859134862,162.85867309570312,141.50015859134862,162.85867309570312,155200
2008-10-29 00:00:00+09:00,162.8586736058754,175.6737823486328,162.8586736058754,175.6737823486328,155200
2008-10-30 00:00:00+09:00,192.7606201171875,192.7606201171875,192.7606201171875,192.7606201171875,155200
2008-10-31 00:00:00+09:00,193.29455956168798,196.4983367919922,193.29455956168798,196.4983367919922,155200
2008-11-04 00:00:00+09:00,196.49834314294765,197.56626892089847,196.49834314294765,197.56626892089844,169200
2008-11-05 00:00:00+09:00,197.56624018480332,210.38134765625003,197.56624018480332,210.38134765625,169200
2008-11-06 00:00:00+09:00,210.38136020236547,210.38136020236547,192.22662353515628,192.22662353515625,169200
2008-11-07 00:00:00+09:00,181.01342402277768,181.01342402277768,177.80964660644534,177.8096466064453,169200
2008-11-10 00:00:00+09:00,186.8869942678532,189.5568084716797,183.14925438249614,189.5568084716797,96600
2008-11-11 00:00:00+09:00,189.55681658339228,189.55681658339228,185.81907653808597,185.81907653808594,96600
2008-11-12 00:00:00+09:00,186.88700226531634,188.4888908561619,183.6832250836252,185.81907653808594,62000
2008-11-13 00:00:00+09:00,175.67373990145595,176.20770263671872,175.67373990145595,176.20770263671875,62000
2008-11-14 00:00:00+09:00,176.20773124694824,176.20773124694824,170.86810302734375,170.86810302734375,62000
2008-11-17 00:00:00+09:00,170.8681240667662,170.8681240667662,156.4511260986328,156.4511260986328,62000
2008-11-18 00:00:00+09:00,161.25673265522028,161.25673265522028,156.9850311279297,156.9850311279297,62000
2008-11-19 00:00:00+09:00,159.1209052710042,160.72279357910156,159.1209052710042,160.72279357910156,62000
2008-11-20 00:00:00+09:00,160.72280579680327,160.72280579680327,152.71336364746094,152.71336364746094,62000
2008-11-21 00:00:00+09:00,152.71338840999405,154.31527709960938,152.71338840999405,154.31527709960938,62000
2008-11-25 00:00:00+09:00,154.31531650972684,161.25683593750003,154.31531650972684,161.2568359375,22300
2008-11-26 00:00:00+09:00,161.25678808763882,161.25678808763882,153.24734497070312,153.24734497070312,22300
2008-11-27 00:00:00+09:00,155.9171428274601,155.9171428274601,150.5775146484375,150.5775146484375,22300
2008-11-28 00:00:00+09:00,150.57751788351646,151.11148071289062,150.57751788351646,151.11148071289062,22300
2008-12-01 00:00:00+09:00,151.11149972037873,154.31527709960938,151.11149972037873,154.31527709960938,22300
2008-12-02 00:00:00+09:00,154.31524545374052,154.31524545374052,151.6454315185547,151.6454315185547,22300
2008-12-03 00:00:00+09:00,153.2472922915504,156.9850311279297,153.2472922915504,156.9850311279297,22300
2008-12-04 00:00:00+09:00,157.51907592990645,157.51907592990645,150.04359436035156,150.04359436035156,22300
2008-12-05 00:00:00+09:00,150.0436002850096,150.0436002850096,145.7718963623047,145.7718963623047,22300
2008-12-08 00:00:00+09:00,147.37374090727144,151.11148071289062,147.37374090727144,151.11148071289062,22300
2008-12-09 00:00:00+09:00,146.30579930586782,148.441650390625,146.30579930586782,148.441650390625,22300
2008-12-10 00:00:00+09:00,148.44167207990375,149.5095977783203,148.44167207990375,149.5095977783203,22300
2008-12-11 00:00:00+09:00,151.64544998972042,152.17941284179688,151.64544998972042,152.17941284179688,22300
2008-12-12 00:00:00+09:00,152.17939195841768,152.17939195841768,146.30580139160156,146.30580139160156,22300
2008-12-15 00:00:00+09:00,154.8492039719673,155.91712951660156,154.8492039719673,155.91712951660156,22300
2008-12-16 00:00:00+09:00,150.5775234767369,150.5775234767369,149.5095977783203,149.5095977783203,95800
2008-12-17 00:00:00+09:00,149.50959858141448,152.17941284179688,149.50959858141448,152.17941284179688,125800
2008-12-18 00:00:00+09:00,152.17941284179688,152.17941284179688,152.17941284179688,152.17941284179688,48200
2008-12-19 00:00:00+09:00,152.1794648979545,152.1794648979545,147.9077606201172,147.9077606201172,82400
2008-12-22 00:00:00+09:00,147.90772118790602,148.97564697265625,147.90772118790602,148.97564697265625,113300
2008-12-24 00:00:00+09:00,148.9756152856089,148.9756152856089,146.30580139160156,146.30580139160156,140400
2008-12-25 00:00:00+09:00,146.83981323242188,148.9756650612571,145.77188731800427,146.83981323242188,108300
2008-12-26 00:00:00+09:00,147.9077391468395,148.4417021040483,146.30585027521306,146.83981323242188,95900
2008-12-29 00:00:00+09:00,147.3737761896307,147.3737761896307,146.30585027521306,146.83981323242188,149600
2008-12-30 00:00:00+09:00,150.04359436035156,150.04359436035156,150.04359436035156,150.04359436035156,117700
2009-01-05 00:00:00+09:00,153.7813262939453,153.7813262939453,153.7813262939453,153.7813262939453,67600
2009-01-06 00:00:00+09:00,153.24734497070312,153.24734497070312,153.24734497070312,153.24734497070312,94900
2009-01-07 00:00:00+09:00,157.51902551555312,159.65487670898438,157.51902551555312,159.65487670898438,197200
2009-01-08 00:00:00+09:00,158.5870023117852,158.5870023117852,155.3832244873047,155.3832244873047,94100
2009-01-09 00:00:00+09:00,170.3341539444462,170.3341539444462,165.5284881591797,165.5284881591797,342600
2009-01-13 00:00:00+09:00,166.06242219062702,166.06242219062702,155.91712951660156,155.91712951660156,287800
2009-01-14 00:00:00+09:00,155.3831743221219,159.65487670898438,155.3831743221219,159.65487670898438,120000
2009-01-15 00:00:00+09:00,158.05301476175876,158.05301476175876,156.4511260986328,156.4511260986328,185600
2009-01-16 00:00:00+09:00,156.98511360787057,158.05303955078125,156.98511360787057,158.05303955078125,86400
2009-01-19 00:00:00+09:00,158.0529970111269,159.65488549434778,156.45110852790603,158.5869598388672,111200
2009-01-20 00:00:00+09:00,154.84926151655793,155.3832244873047,154.84926151655793,155.3832244873047,128100
2009-01-21 00:00:00+09:00,152.17941922177837,153.24734497070312,152.17941922177837,153.24734497070312,231700
2009-01-22 00:00:00+09:00,153.24735444167564,154.8492431640625,153.24735444167564,154.8492431640625,76800
2009-01-23 00:00:00+09:00,154.84923359409026,154.84923359409026,153.24734497070312,153.24734497070312,85200
2009-01-26 00:00:00+09:00,153.24731533132868,153.24731533132868,148.441650390625,148.441650390625,57300
2009-01-27 00:00:00+09:00,146.8397965480712,154.31527709960938,146.8397965480712,154.31527709960938,70500
2009-01-28 00:00:00+09:00,154.31521767337304,156.9850311279297,154.31521767337304,156.9850311279297,78400
2009-01-29 00:00:00+09:00,156.98507927459423,164.99452209472656,156.98507927459423,164.99452209472656,136600
2009-01-30 00:00:00+09:00,164.9944902721204,164.9944902721204,162.32467651367188,162.32467651367188,91000
2009-02-02 00:00:00+09:00,162.324705471246,167.13037109375,162.324705471246,167.13037109375,128700
2009-02-03 00:00:00+09:00,167.13036938154266,167.13036938154266,161.79074096679688,161.79074096679688,94500
2009-02-04 00:00:00+09:00,161.79072001208996,161.79072001208996,155.91712951660156,155.91712951660156,156400
2009-02-05 00:00:00+09:00,154.8492521709866,154.8492521709866,153.7813262939453,153.7813262939453,100100
2009-02-06 00:00:00+09:00,153.7813262939453,153.7813262939453,153.7813262939453,153.7813262939453,46500
2009-02-09 00:00:00+09:00,152.71335709262902,152.71335709262902,151.6454315185547,151.6454315185547,66400
2009-02-10 00:00:00+09:00,146.83978581832628,157.51904296875,141.50015724311442,157.51904296875,57900
2009-02-12 00:00:00+09:00,152.17944623736724,152.17944623736724,150.04359436035156,150.04359436035156,75400
2009-02-13 00:00:00+09:00,155.917105746107,156.9850311279297,155.917105746107,156.9850311279297,78500
2009-02-16 00:00:00+09:00,155.91712951660156,155.91712951660156,155.91712951660156,155.91712951660156,84500
2009-02-17 00:00:00+09:00,157.51904296875,157.51904296875,157.51904296875,157.51904296875,49900
2009-02-18 00:00:00+09:00,159.65489439883476,159.65489439883476,157.51904296875,157.51904296875,78300
2009-02-19 00:00:00+09:00,154.3152802566002,154.8492431640625,154.3152802566002,154.8492431640625,73800
2009-02-20 00:00:00+09:00,145.23788452148438,145.23788452148438,145.23788452148438,145.23788452148438,115600
2009-02-23 00:00:00+09:00,145.7718683973121,145.7718683973121,143.63601684570312,143.63601684570312,49500
2009-02-24 00:00:00+09:00,139.89825221470426,142.0341033935547,139.89825221470426,142.0341033935547,85300
2009-02-25 00:00:00+09:00,142.0341121789181,142.0341121789181,140.9661865234375,140.9661865234375,127400
2009-02-26 00:00:00+09:00,140.96617780412947,142.0341033935547,140.96617780412947,142.0341033935547,79400
2009-02-27 00:00:00+09:00,140.43225747567638,144.1699981689453,140.43225747567638,144.1699981689453,50700
2009-03-02 00:00:00+09:00,144.16996016701816,144.16996016701816,140.43222045898438,140.43222045898438,49200
2009-03-03 00:00:00+09:00,140.43223251459253,140.43223251459253,139.8982696533203,139.8982696533203,45300
2009-03-04 00:00:00+09:00,140.4322364010028,143.10205078125,140.4322364010028,143.10205078125,61500
2009-03-05 00:00:00+09:00,144.1699424486482,144.1699424486482,142.56805419921875,142.56805419921875,101200
2009-03-06 00:00:00+09:00,136.6945064484127,136.6945064484127,134.55865478515625,134.55865478515625,148500
2009-03-09 00:00:00+09:00,134.5586427228724,135.0926055908203,134.5586427228724,135.0926055908203,73700
2009-03-10 00:00:00+09:00,127.61713279629149,128.68505859375,127.61713279629149,128.68505859375,105500
2009-03-11 00:00:00+09:00,130.82087041909804,130.82087041909804,129.75294494628906,129.75294494628906,92400
2009-03-12 00:00:00+09:00,129.75298319234474,129.75298319234474,123.34542846679686,123.34542846679688,209300
2009-03-13 00:00:00+09:00,123.34542718977376,124.41335296630861,123.34542718977376,124.4133529663086,202500
2009-03-16 00:00:00+09:00,126.5491911031432,126.5491911031432,126.01522827148438,126.01522827148438,110500
2009-03-17 00:00:00+09:00,134.5586316907728,138.29637145996094,134.5586316907728,138.29637145996094,199400
2009-03-18 00:00:00+09:00,138.2963786878084,138.2963786878084,131.88882446289062,131.88882446289062,166400
2009-03-19 00:00:00+09:00,131.8888102940151,131.8888102940151,127.08314514160158,127.08314514160156,150400
2009-03-23 00:00:00+09:00,131.8888490600586,133.49073791503906,131.8888490600586,133.49073791503906,213000
2009-03-24 00:00:00+09:00,136.69448298745175,138.29637145996094,136.69448298745175,138.29637145996094,209100
2009-03-25 00:00:00+09:00,138.2963522007403,142.56805419921875,138.2963522007403,142.56805419921875,205400
2009-03-26 00:00:00+09:00,145.83298655306356,145.83298655306356,145.28883361816406,145.28883361816406,155700
2009-03-27 00:00:00+09:00,144.7447017840485,145.8330078125,144.7447017840485,145.8330078125,187700
2009-03-30 00:00:00+09:00,141.47978040907117,141.47978040907117,137.12655639648438,137.12655639648438,115700
2009-03-31 00:00:00+09:00,137.12653191004816,137.67068481445312,137.12653191004816,137.67068481445312,117300
2009-04-01 00:00:00+09:00,141.47981042527968,141.47981042527968,139.84735107421875,139.84735107421875,86500
2009-04-02 00:00:00+09:00,139.84732140435113,146.9213104248047,139.84732140435113,146.9213104248047,123600
2009-04-03 00:00:00+09:00,144.20053957120194,146.3771514892578,144.20053957120194,146.3771514892578,93200
2009-04-06 00:00:00+09:00,148.55377288362874,148.55377288362874,145.8330078125,145.8330078125,88100
2009-04-07 00:00:00+09:00,145.83305937288472,150.73043823242188,145.83305937288472,150.73043823242188,120800
2009-04-08 00:00:00+09:00,148.00959454835765,149.097900390625,148.00959454835765,149.097900390625,98200
2009-04-09 00:00:00+09:00,148.00958822785523,151.27450561523438,148.00958822785523,151.27450561523438,80100
2009-04-10 00:00:00+09:00,152.36289785226762,152.36289785226762,150.73043823242188,150.73043823242188,70700
2009-04-13 00:00:00+09:00,157.26019940292625,157.26019940292625,155.08358764648438,155.08358764648438,69300
2009-04-14 00:00:00+09:00,154.53940735941643,154.53940735941643,153.99525451660156,153.99525451660156,86900
2009-04-15 00:00:00+09:00,149.64205331175867,149.64205331175867,149.097900390625,149.097900390625,157800
2009-04-16 00:00:00+09:00,149.0979075305867,149.0979075305867,144.20053100585938,144.20053100585938,207900
2009-04-17 00:00:00+09:00,144.20054211336026,148.00961303710938,144.20054211336026,148.00961303710938,114600
2009-04-20 00:00:00+09:00,148.5537872314453,148.5537872314453,148.5537872314453,148.5537872314453,227400
2009-04-21 00:00:00+09:00,145.28882719933767,147.46543884277344,145.28882719933767,147.46543884277344,118900
2009-04-22 00:00:00+09:00,148.5537660262164,148.5537660262164,148.00961303710938,148.00961303710938,53000
2009-04-23 00:00:00+09:00,147.46544162722398,149.097900390625,147.46544162722398,149.097900390625,104600
2009-04-24 00:00:00+09:00,149.09791901532344,149.09791901532344,148.00961303710938,148.00961303710938,112100
2009-04-27 00:00:00+09:00,148.0095765536889,148.0095765536889,144.74465942382812,144.74465942382812,90200
2009-04-28 00:00:00+09:00,144.7446845421424,144.7446845421424,141.47976684570312,141.47976684570312,70900
2009-04-30 00:00:00+09:00,145.28883690024324,145.28883690024324,144.20053100585938,144.20053100585938,101900
2009-05-01 00:00:00+09:00,145.833004421658,146.9213104248047,145.833004421658,146.9213104248047,70800
2009-05-07 00:00:00+09:00,146.37715742323132,146.9213104248047,146.37715742323132,146.9213104248047,181900
2009-05-08 00:00:00+09:00,145.28885142008463,146.9213104248047,145.28885142008463,146.9213104248047,94100
2009-05-11 00:00:00+09:00,146.9213104248047,146.9213104248047,146.9213104248047,146.9213104248047,226900
2009-05-12 00:00:00+09:00,146.92128344633733,146.92128344633733,143.11221313476562,143.11221313476562,273300
2009-05-13 00:00:00+09:00,143.11220085889772,144.74465942382812,143.11220085889772,144.74465942382812,182800
2009-05-14 00:00:00+09:00,143.65637533173305,143.65637533173305,142.5680694580078,142.5680694580078,124900
2009-05-15 00:00:00+09:00,144.2005277483651,145.28883361816406,144.2005277483651,145.28883361816406,125500
2009-05-18 00:00:00+09:00,142.02391979510966,142.02391979510966,141.47976684570312,141.47976684570312,128300
2009-05-19 00:00:00+09:00,143.11222511147554,144.20053100585938,143.11222511147554,144.20053100585938,140800
2009-05-20 00:00:00+09:00,143.65638912425322,148.00961303710938,143.65638912425322,148.00961303710938,209000
2009-05-21 00:00:00+09:00,150.18620852206615,153.4511260986328,150.18620852206615,153.4511260986328,419400
2009-05-22 00:00:00+09:00,153.99528176826342,155.08358764648438,153.99528176826342,155.08358764648438,1037600
2009-05-25 00:00:00+09:00,171.9523484971788,171.9523484971788,166.5108184814453,166.5108184814453,982500
2009-05-26 00:00:00+09:00,165.42251498027912,168.14328002929688,165.42251498027912,168.14328002929688,415700
2009-05-27 00:00:00+09:00,172.49650666652582,172.49650666652582,169.77574157714844,169.77574157714844,253200
2009-05-28 00:00:00+09:00,169.77571334838865,174.12893676757812,169.77571334838865,174.12893676757812,374500
2009-05-29 00:00:00+09:00,174.12895275297618,174.12895275297618,171.40818786621094,171.40818786621094,409100
2009-06-01 00:00:00+09:00,178.48215923887312,179.57046508789065,178.48215923887312,179.57046508789062,492500
2009-06-02 00:00:00+09:00,179.57048629345852,180.11463928222656,179.57048629345852,180.11463928222656,372600
2009-06-03 00:00:00+09:00,188.82108071302892,192.08599853515622,188.82108071302892,192.08599853515625,531400
2009-06-04 00:00:00+09:00,193.17430379004452,194.8067626953125,193.17430379004452,194.8067626953125,384600
2009-06-05 00:00:00+09:00,197.5275335710361,197.5275335710361,195.35092163085938,195.35092163085938,298000
2009-06-08 00:00:00+09:00,201.33657233178778,201.33657233178778,200.79241943359375,200.79241943359375,222700
2009-06-09 00:00:00+09:00,200.79244398034137,200.79244398034137,200.248291015625,200.248291015625,181600
2009-06-10 00:00:00+09:00,201.33660728053042,206.77813720703125,201.33660728053042,206.77813720703125,388100
2009-06-11 00:00:00+09:00,206.7781431343299,209.49890817557107,206.7781431343299,207.32229614257812,221800
2009-06-12 00:00:00+09:00,212.21966552734375,215.48458345853365,211.13135955028045,212.21966552734375,305800
2009-06-15 00:00:00+09:00,211.13136375168287,211.13136375168287,205.68983375808278,208.4105987548828,157400
2009-06-16 00:00:00+09:00,204.05737046272523,204.05737046272523,200.79245253532164,202.42491149902344,250700
2009-06-17 00:00:00+09:00,202.4249081535135,203.51321411132812,200.24829623788435,203.51321411132812,167800
2009-06-18 00:00:00+09:00,202.96904539244156,206.77811594940425,199.7041277721878,206.2339630126953,198900
2009-06-19 00:00:00+09:00,203.51318392456386,204.0573368227579,198.61580784081767,200.79241943359375,160700
2009-06-22 00:00:00+09:00,198.61582884917388,204.0573584066855,198.0716758934227,201.3365936279297,210400
2009-06-23 00:00:00+09:00,200.79241943359375,202.4248781281758,199.1599607390117,200.79241943359375,155500
2009-06-24 00:00:00+09:00,200.24829623788435,203.51321411132812,200.24829623788435,203.51321411132812,168000
2009-06-25 00:00:00+09:00,202.96903591403714,211.67548249480015,202.96903591403714,209.49887084960938,161600
2009-06-26 00:00:00+09:00,213.30800806226023,214.39631422584318,211.67554881688577,212.76385498046875,124300
2009-06-29 00:00:00+09:00,216.02870578518164,218.74947034167008,206.23395338182326,209.49887084960938,187500
2009-06-30 00:00:00+09:00,212.219698374508,216.57292295654918,209.49893301073223,213.85215759277344,199600
2009-07-01 00:00:00+09:00,209.49887959693572,213.30795013506184,207.8664207948817,211.6754913330078,172500
2009-07-02 00:00:00+09:00,213.30799754260468,217.66122198224966,210.58723226782655,216.0287628173828,275400
2009-07-03 00:00:00+09:00,209.49890560574002,217.66120062934027,209.49890560574002,215.48458862304688,202200
2009-07-06 00:00:00+09:00,214.94043389546502,214.94043389546502,209.49890392342792,211.13136291503906,77600
2009-07-07 00:00:00+09:00,211.6755192445056,226.91180340606385,211.13136623873567,219.8378143310547,279100
2009-07-08 00:00:00+09:00,218.20536558831753,219.83782468249447,215.48460043135597,216.57290649414062,177900
2009-07-09 00:00:00+09:00,216.57286773916994,216.57286773916994,211.13133839898978,211.6754913330078,167300
2009-07-10 00:00:00+09:00,214.39630714126778,219.83783777937103,211.13138875840585,214.94046020507812,113400
2009-07-13 00:00:00+09:00,214.94043474720291,218.20535274336297,206.7781397568028,208.4105987548828,76000
2009-07-14 00:00:00+09:00,211.13136291503906,217.11704588427986,206.77813893740938,211.13136291503906,202200
2009-07-15 00:00:00+09:00,216.5728971629513,222.55858025036957,212.2196730993744,217.11705017089844,184300
2009-07-16 00:00:00+09:00,223.10274537959302,226.91181664217143,214.94044981692497,218.2053680419922,149000
2009-07-17 00:00:00+09:00,219.29367165110216,225.27935499641762,216.5729064941406,216.57290649414062,46200
2009-07-21 00:00:00+09:00,219.29364478069803,227.45593925144362,219.29364478069803,225.27932739257812,66500
2009-07-22 00:00:00+09:00,226.91178498178158,232.35331459765166,224.73517313543357,230.72085571289062,144300
2009-07-23 00:00:00+09:00,233.4416037105482,241.60389754658135,232.897450788146,238.8831329345703,279600
2009-07-24 00:00:00+09:00,241.6038878708743,244.3246523739247,236.7065117653836,242.14804077148438,145300
2009-07-27 00:00:00+09:00,243.78055151695628,247.58962263440873,241.05978643306167,242.69224548339844,128200
2009-07-28 00:00:00+09:00,239.9714660644531,246.50130187573075,235.618242190268,239.97146606445312,97800
2009-07-29 00:00:00+09:00,239.97148722652938,240.5156402587891,236.70656903297115,240.51564025878906,47200
2009-07-30 00:00:00+09:00,241.0598097742286,241.0598097742286,236.7065852184863,237.79489135742188,68600
2009-07-31 00:00:00+09:00,242.6921317966505,243.23628455852642,233.98568760663613,236.70645141601562,171300
2009-08-03 00:00:00+09:00,239.42733419426966,244.324711484607,236.16241600071146,240.51564025878906,146200
2009-08-04 00:00:00+09:00,241.05978643306167,244.3247045337352,240.51563341628275,242.69224548339844,58200
2009-08-05 00:00:00+09:00,243.78058671529314,245.9571990966797,241.6039743339066,245.9571990966797,150700
2009-08-06 00:00:00+09:00,243.2363494123731,248.67787848200115,242.14804359844752,243.78050231933594,197000
2009-08-07 00:00:00+09:00,242.14812742925324,247.04550528737295,239.9715150478667,245.9571990966797,57200
2009-08-10 00:00:00+09:00,249.76622942129077,256.84021848986765,245.9571583843648,249.22207641601562,95200
2009-08-11 00:00:00+09:00,251.39868085644744,257.3843637339819,250.85452786758066,254.11944580078125,99600
2009-08-12 00:00:00+09:00,254.66359878964803,257.3843637339819,253.03113982304774,254.11944580078125,69500
2009-08-13 00:00:00+09:00,254.66360814172313,256.29606716827266,249.7662310620746,253.57530212402344,63000
2009-08-14 00:00:00+09:00,250.85454536600318,255.75192260742188,250.31039233917886,255.75192260742188,67600
2009-08-17 00:00:00+09:00,253.0311372362334,255.75190215275205,248.67791336980358,252.4869842529297,89000
2009-08-18 00:00:00+09:00,247.0455212800399,250.31044006347656,244.32475562717605,250.31044006347656,53600
2009-08-19 00:00:00+09:00,247.58966646696393,248.67797269319234,243.2364415620503,248.13381958007812,80700
2009-08-20 00:00:00+09:00,246.50136024073552,249.22212580630656,242.69228844893607,248.13381958007812,83300
2009-08-21 00:00:00+09:00,246.50130372589044,247.04545671424782,242.14807981903144,244.32469177246094,129000
2009-08-24 00:00:00+09:00,248.13371253685938,251.39862980708122,247.5895596584891,250.85447692871094,73100
2009-08-25 00:00:00+09:00,248.13381958007812,249.76627891942076,243.78059467516448,248.13381958007812,81800
2009-08-26 00:00:00+09:00,246.50127206440843,250.85449541212427,245.41296622747947,249.7661895751953,79100
2009-08-27 00:00:00+09:00,248.67796457341288,249.76627076410614,241.6039743339066,245.9571990966797,56300
2009-08-28 00:00:00+09:00,244.32473981063978,248.13381147806624,244.32473981063978,245.9571990966797,39300
2009-08-31 00:00:00+09:00,246.50132009145375,251.9428503362982,238.8831777486715,241.60394287109375,71200
2009-09-02 00:00:00+09:00,244.86886596679688,250.3103963216146,242.14810078938802,244.86886596679688,83700
2009-09-03 00:00:00+09:00,242.14809835890532,244.86886350900537,241.0597922988653,243.2364044189453,120800
2009-09-04 00:00:00+09:00,240.51559170177694,243.7805092361902,237.79482708976587,238.8831329345703,74000
2009-09-07 00:00:00+09:00,239.4273376464844,241.05979676680133,238.3390315662731,239.42733764648438,34600
2009-09-08 00:00:00+09:00,239.42721522539512,241.60382627289871,234.52984036851203,236.70645141601562,51100
2009-09-09 00:00:00+09:00,235.07411332563922,239.97149068659004,235.07411332563922,239.42733764648438,99700
2009-09-10 00:00:00+09:00,236.70652124496146,240.51559170177694,236.16236832255925,238.8831329345703,61700
2009-09-11 00:00:00+09:00,233.4416691871661,235.07412841225118,231.26505688705265,232.35336303710938,105600
2009-09-14 00:00:00+09:00,226.91178628672725,227.45593925144362,222.0144096042799,225.27932739257812,55000
2009-09-15 00:00:00+09:00,223.10271553371265,227.45593925144362,219.8377977454144,225.27932739257812,78700
2009-09-16 00:00:00+09:00,224.7351258376549,228.00004292004215,220.92605590820312,220.92605590820312,73800
2009-09-17 00:00:00+09:00,220.38195071013078,225.8234803572945,220.38195071013078,225.27932739257812,95100
2009-09-18 00:00:00+09:00,223.102756162233,223.6469092260433,209.49892956697488,214.94046020507812,180400
2009-09-21 00:00:00+09:00,214.94046020507812,214.94046020507812,214.94046020507812,214.94046020507812,0
2009-09-24 00:00:00+09:00,212.21968462936897,218.2053680419922,211.67553159185778,218.2053680419922,113300
2009-09-25 00:00:00+09:00,222.61353062688505,222.61353062688505,203.87872854442443,205.53179931640625,238500
2009-09-28 00:00:00+09:00,203.87870602491427,209.38894132288493,196.71540013755242,203.3276824951172,148200
2009-09-29 00:00:00+09:00,201.12362031678896,206.63385648985167,199.47054946487015,203.8787384033203,90100
2009-09-30 00:00:00+09:00,201.1236105911214,206.08282290706686,198.91951622847898,205.53179931640625,72200
2009-10-01 00:00:00+09:00,202.77667858449553,203.32770216760557,198.36848991961517,200.0215606689453,75600
2009-10-02 00:00:00+09:00,197.26644993373327,197.26644993373327,190.65416669573105,192.85826110839844,77900
2009-10-05 00:00:00+09:00,193.4092847115653,196.71542633056643,190.65416669573105,192.85826110839844,60600
2009-10-06 00:00:00+09:00,190.1031663927729,195.61340309980977,186.79702436855075,190.65419006347656,105400
2009-10-07 00:00:00+09:00,195.06235192703875,202.22565863622378,193.40928114799604,201.1236114501953,150100
2009-10-08 00:00:00+09:00,203.87875154283313,203.87875154283313,198.36851501464844,198.36851501464844,88100
2009-10-09 00:00:00+09:00,199.47053708583528,201.67463141827542,198.91951350272524,200.0215606689453,137800
2009-10-13 00:00:00+09:00,200.5726007166043,200.5726007166043,189.0011045214156,195.61338806152344,220900
2009-10-14 00:00:00+09:00,198.3684795565455,198.3684795565455,187.34800847007077,192.30722045898438,144000
2009-10-15 00:00:00+09:00,193.409290043558,198.36850260877742,190.65417195176943,194.51133728027344,161700
2009-10-16 00:00:00+09:00,197.26645537206198,197.81747899041972,192.85826642520027,194.51133728027344,66500
2009-10-19 00:00:00+09:00,195.06237309773763,200.02158597310384,193.9603257921007,198.36851501464844,83900
2009-10-20 00:00:00+09:00,203.32771041997628,203.32771041997628,196.1644035488118,197.81747436523438,45600
2009-10-21 00:00:00+09:00,195.61334604642636,197.8174400863861,193.96027551645656,196.71539306640625,58000
2009-10-22 00:00:00+09:00,197.26640506755254,197.26640506755254,191.20514681128697,193.40924072265625,56300
2009-10-23 00:00:00+09:00,192.30724390002266,195.06236200747284,187.89905492810237,190.1031494140625,109600
2009-10-26 00:00:00+09:00,187.89907340014014,193.4093101567425,187.34804972447992,191.20521545410156,99500
2009-10-27 00:00:00+09:00,188.4501190185547,190.1031902380157,181.83783414071067,188.4501190185547,246600
2009-10-28 00:00:00+09:00,189.00109588623047,195.61337912423272,189.00109588623047,192.85826110839844,193200
2009-10-29 00:00:00+09:00,190.10319189844606,190.65421564307923,185.69500194138064,189.0011444091797,142600
2009-10-30 00:00:00+09:00,191.20521545410156,192.85828648108225,189.0011207514606,191.20521545410156,105200
2009-11-02 00:00:00+09:00,190.10314043830422,190.10314043830422,184.59290448357078,187.3480224609375,57800
2009-11-04 00:00:00+09:00,182.38883628961162,182.38883628961162,179.0826942420658,181.2867889404297,145000
2009-11-05 00:00:00+09:00,179.63368292274714,180.18470648999485,173.02140011577487,175.22549438476562,197600
2009-11-06 00:00:00+09:00,177.4296230316162,180.18474140167234,175.22552833557128,176.32757568359375,188300
2009-11-09 00:00:00+09:00,177.98067255351071,179.08272006158197,174.12350627526124,174.67453002929688,204100
2009-11-10 00:00:00+09:00,177.4296230316162,181.83781242370603,174.67450466156004,176.32757568359375,152400
2009-11-11 00:00:00+09:00,179.08265935549946,179.08265935549946,174.67447081751794,175.22549438476562,114500
2009-11-12 00:00:00+09:00,174.12346167703276,175.22550890283676,169.71527277381674,170.26629638671875,161500
2009-11-13 00:00:00+09:00,171.36834361252275,174.12346167703276,166.96015470930672,170.26629638671875,205200
2009-11-16 00:00:00+09:00,170.26629378404905,171.9193645974864,163.65401053029956,164.7560577392578,115800
2009-11-17 00:00:00+09:00,167.51113700237212,168.6131839563351,164.2049961404832,166.96011352539062,133000
2009-11-18 00:00:00+09:00,167.5111864433914,170.8173282810899,164.7560682453093,168.0622100830078,162100
2009-11-19 00:00:00+09:00,168.06220193511075,174.12346167703276,167.51117832220874,170.26629638671875,136900
2009-11-20 00:00:00+09:00,164.75606197234123,171.36834539598036,164.75606197234123,170.81732177734375,167000
2009-11-24 00:00:00+09:00,168.0621426121718,170.81725970417463,160.8988381729645,162.00088500976562,188800
2009-11-25 00:00:00+09:00,164.20506117078995,164.20506117078995,157.592776828342,158.69482421875,138800
2009-11-26 00:00:00+09:00,159.7968160137271,163.65398053819638,155.3886279857622,155.9396514892578,246800
2009-11-27 00:00:00+09:00,156.49066162109372,159.79680235956755,155.38861470826913,156.49066162109375,116000
2009-11-30 00:00:00+09:00,154.83762324818395,157.5927410995751,151.53148182651452,157.04171752929688,373700
2009-12-01 00:00:00+09:00,154.837600605255,164.7560234198265,154.28657711555658,163.6539764404297,157700
2009-12-02 00:00:00+09:00,164.20498305872866,170.81726425572444,162.00088932639673,167.51112365722656,217000
2009-12-03 00:00:00+09:00,169.71527803861179,172.47039618858926,167.51118351862982,171.91937255859375,135200
2009-12-04 00:00:00+09:00,170.26629638671875,171.36834361252275,168.06220193511075,170.26629638671875,79300
2009-12-07 00:00:00+09:00,173.02141981858475,174.67449070857123,171.36834892859827,171.91937255859375,193000
2009-12-08 00:00:00+09:00,173.5724775958213,174.12350133422075,171.3683826422236,173.02145385742188,115800
2009-12-09 00:00:00+09:00,172.47036743164062,174.1234380460014,170.81729681727987,172.47036743164062,114100
2009-12-10 00:00:00+09:00,173.57244647917202,174.67449375840485,163.10299732646004,168.0622100830078,166200
2009-12-11 00:00:00+09:00,174.67446158412167,174.67446158412167,169.16422620291908,172.47036743164062,159100
2009-12-14 00:00:00+09:00,173.57244166530594,173.57244166530594,167.5111817976286,171.36834716796875,98600
2009-12-15 00:00:00+09:00,173.57244344858023,173.57244344858023,170.26630166860727,171.91937255859375,93500
2009-12-16 00:00:00+09:00,172.47043011902244,178.5316912414162,170.81735890382416,173.02145385742188,104100
2009-12-17 00:00:00+09:00,171.91935298127947,177.42958865375638,171.91935298127947,175.22549438476562,96400
2009-12-18 00:00:00+09:00,174.67450466156004,177.98064670562744,174.67450466156004,176.32757568359375,77000
2009-12-21 00:00:00+09:00,176.87859763022874,178.53166863611872,175.77655029296875,175.77655029296875,90200
2009-12-22 00:00:00+09:00,176.3276012914038,176.87862504543943,174.12350627526124,174.67453002929688,143600
2009-12-24 00:00:00+09:00,175.7765587700738,180.18474833170575,175.2255350748698,178.53167724609375,119000
2009-12-25 00:00:00+09:00,180.73571590691898,181.28673943102544,179.0826453345996,180.1846923828125,132500
2009-12-28 00:00:00+09:00,181.28676380019593,187.89904697831855,180.73574020201903,182.93983459472656,182500
2009-12-29 00:00:00+09:00,184.5928936804126,184.5928936804126,182.93982299073727,184.0418701171875,73200
2009-12-30 00:00:00+09:00,183.49085457541727,184.5929017500444,181.83778381347656,181.83778381347656,79200
2010-01-04 00:00:00+09:00,180.7357287378368,184.0418701171875,180.7357287378368,184.0418701171875,56200
2010-01-05 00:00:00+09:00,185.69494080686283,187.8990350597633,183.49084655396237,184.0418701171875,101900
2010-01-06 00:00:00+09:00,185.69492916833786,186.79697622571672,184.59288211095898,185.14390563964844,62800
2010-01-07 00:00:00+09:00,187.89909527873436,191.7562614574767,186.7970477990937,188.4501190185547,209100
2010-01-08 00:00:00+09:00,187.89905385998085,196.16440813534658,186.79700662326542,194.51133728027344,164700
2010-01-12 00:00:00+09:00,195.61335938700128,201.12359486269148,192.30721810158718,196.1643829345703,221500
2010-01-13 00:00:00+09:00,195.61337200406498,205.53179650004574,192.30723050540473,200.0215606689453,346300
2010-01-14 00:00:00+09:00,202.22564456552107,211.04202144031217,202.22564456552107,206.0828094482422,311900
2010-01-15 00:00:00+09:00,206.63384649772746,208.28691726970928,202.77668136310322,205.53179931640625,190700
2010-01-18 00:00:00+09:00,204.9807849154908,205.53180853085505,198.91952514648438,198.91952514648438,131200
2010-01-19 00:00:00+09:00,197.2664595383864,203.87874309833234,194.51134138840897,200.57260131835938,83200
2010-01-20 00:00:00+09:00,204.98077572574564,208.83794086036988,202.22565777244262,205.53179931640625,186600
2010-01-21 00:00:00+09:00,204.4297291884688,207.73587036132812,198.36847037156002,207.73587036132812,185200
2010-01-22 00:00:00+09:00,203.3276861967102,205.53178035602414,200.5725684975678,204.4297332763672,125200
2010-01-25 00:00:00+09:00,202.77670288085938,204.98079747739044,200.57260828432828,202.77670288085938,84400
2010-01-26 00:00:00+09:00,204.98077660129496,204.98077660129496,199.47054067115263,201.1236114501953,137900
2010-01-27 00:00:00+09:00,204.98077660129496,204.98077660129496,198.9195170781384,201.1236114501953,145500
2010-01-28 00:00:00+09:00,199.47056098606274,203.87875017912492,199.47056098606274,202.77670288085938,100300
2010-01-29 00:00:00+09:00,202.2256668386697,202.7766904540339,197.2664543003917,198.91952514648438,113700
2010-02-01 00:00:00+09:00,195.0623811837232,195.0623811837232,187.34804972447992,191.20521545410156,112600
2010-02-02 00:00:00+09:00,189.55209953735712,189.55209953735712,184.04186408568975,186.79698181152344,188700
2010-02-03 00:00:00+09:00,191.2051902988979,198.36849714006698,190.10314309256418,192.85826110839844,87500
2010-02-04 00:00:00+09:00,195.61333463402556,195.61333463402556,190.1030998556023,193.40924072265625,54800
2010-02-05 00:00:00+09:00,187.34808510699227,191.20525156507742,186.79706132726582,187.89910888671875,71000
2010-02-08 00:00:00+09:00,185.14393438083025,187.89905245197355,184.0418871523729,184.59291076660156,50900
2010-02-09 00:00:00+09:00,182.93982590076536,191.75620305260946,182.93982590076536,189.55210876464844,109900
2010-02-10 00:00:00+09:00,187.89904517688973,195.61337547740717,186.7969979911015,191.75621032714844,112500
2010-02-12 00:00:00+09:00,193.96023559570312,197.81739937175402,192.8581888025457,193.96023559570312,106600
2010-02-15 00:00:00+09:00,194.51138015657838,196.16445137603938,187.89909527873436,188.4501190185547,69000
2010-02-16 00:00:00+09:00,187.89902328309557,189.55209386916385,183.49083505358013,185.14390563964844,122400
2010-02-17 00:00:00+09:00,186.79702414673937,187.34804781678875,182.93985845639372,185.69497680664062,97000
2010-02-18 00:00:00+09:00,186.24600047669,187.34804781678875,184.59292946654185,185.69497680664062,63200
2010-02-19 00:00:00+09:00,188.450046811785,188.450046811785,184.04185858226955,185.14390563964844,102600
2010-02-22 00:00:00+09:00,186.24596136142327,192.85824401330814,186.24596136142327,192.30722045898438,119400
2010-02-23 00:00:00+09:00,190.1030718196522,195.06228238886052,190.1030718196522,193.96023559570312,91100
2010-02-24 00:00:00+09:00,191.75621032714844,194.51132829161898,191.20518673425434,191.75621032714844,99800
2010-02-25 00:00:00+09:00,195.6133617849268,195.6133617849268,189.5521026873657,192.30722045898438,82000
2010-02-26 00:00:00+09:00,189.00109236267792,193.40928110583076,188.45006876978383,191.75621032714844,87400
2010-03-01 00:00:00+09:00,196.16440706966324,203.32771406939816,195.0623598389348,198.91952514648438,160200
2010-03-02 00:00:00+09:00,201.67462158203125,203.32769225073642,200.02155091332608,201.67462158203125,83200
2010-03-03 00:00:00+09:00,198.9195386674669,200.02158597310384,196.71544405619304,198.36851501464844,77600
2010-03-04 00:00:00+09:00,196.1643829345703,198.36847712484638,193.40926519672522,196.1643829345703,149900
2010-03-05 00:00:00+09:00,200.57260131835938,202.22567220834586,196.16441227839545,200.57260131835938,112100
2010-03-08 00:00:00+09:00,204.98077291693568,204.98077291693568,199.47053708583528,200.0215606689453,234000
2010-03-09 00:00:00+09:00,200.02157415737761,202.77669225871892,198.9195269168411,199.47055053710938,105000
2010-03-10 00:00:00+09:00,201.1235811463257,202.22562816630557,196.71539306640625,196.71539306640625,98700
2010-03-11 00:00:00+09:00,196.16439558717502,200.57258425205535,196.16439558717502,200.0215606689453,112000
2010-03-12 00:00:00+09:00,201.1236114501953,201.67463504320955,198.36849348512416,201.1236114501953,121300
2010-03-15 00:00:00+09:00,202.22574058411615,209.94007401239304,201.67471676781065,208.28700256347656,193600
2010-03-16 00:00:00+09:00,212.69513316118446,226.47072468716792,212.14410950014513,218.7563934326172,384300
2010-03-17 00:00:00+09:00,212.69509222274436,226.47068109727445,212.14406866776318,219.8583984375,162300
2010-03-18 00:00:00+09:00,219.85841886752544,236.38912705305367,219.30739526134116,230.87889099121094,531800
2010-03-19 00:00:00+09:00,226.47074847454792,236.38917541503906,225.91972475563173,236.38917541503906,404900
2010-03-23 00:00:00+09:00,236.9401579151199,236.9401579151199,231.9809453075941,233.08299255371094,203300
2010-03-24 00:00:00+09:00,233.63395881204045,235.83805276309744,230.32781788545498,234.1849822998047,353900
2010-03-25 00:00:00+09:00,234.185108385588,234.185108385588,229.22589432565792,230.32794189453125,299700
2010-03-26 00:00:00+09:00,231.98095912004013,238.59324299044508,231.42993546417304,237.49119567871094,304600
2010-03-29 00:00:00+09:00,240.83612980254708,249.75598646190065,238.60616563770867,244.1810760498047,274700
2010-03-30 00:00:00+09:00,245.8535226113704,248.08348653528307,240.83610378256694,244.73854064941406,195700
2010-03-31 00:00:00+09:00,246.4110830570835,249.19853874777448,244.1811185045307,245.8535919189453,135300
2010-04-01 00:00:00+09:00,243.62362670898438,245.85359125551972,238.6062064792799,243.62362670898438,222600
2010-04-02 00:00:00+09:00,244.18111784561822,245.85359125551972,243.06613557235056,243.62362670898438,114800
2010-04-05 00:00:00+09:00,245.29603576660156,245.29603576660156,241.39359883395107,245.29603576660156,133300
2010-04-06 00:00:00+09:00,245.29603290773136,253.65839766594948,244.18105093996894,246.968505859375,284200
2010-04-07 00:00:00+09:00,249.75594129415012,255.33085069803738,247.5259775325952,252.54339599609375,282500
2010-04-08 00:00:00+09:00,253.10094718678226,253.65843825988088,249.75600074819042,250.31349182128906,97700
2010-04-09 00:00:00+09:00,253.10095126681858,253.6584423489041,248.08353152804904,250.87098693847656,180200
2010-04-12 00:00:00+09:00,254.7733951397796,268.15317956725164,253.1009220863456,261.4632873535156,322000
2010-04-13 00:00:00+09:00,259.2333151186304,261.46327911965085,257.0033511176099,260.3482971191406,233800
2010-04-14 00:00:00+09:00,261.4632873535156,265.92321549600626,259.7908143000816,261.4632873535156,189900
2010-04-15 00:00:00+09:00,264.25066285214183,268.1530988014351,262.57819030244474,263.13568115234375,221000
2010-04-16 00:00:00+09:00,266.4807269948636,275.4005839654029,261.46330744893515,272.6131286621094,490000
2010-04-19 00:00:00+09:00,269.2681413941194,270.9406143220332,264.8082135863493,267.0381774902344,297700
2010-04-20 00:00:00+09:00,269.8256239661131,272.0555878005438,264.80820533864403,265.9231872558594,245300
2010-04-21 00:00:00+09:00,268.15321992572984,275.4006042480469,265.36576441714635,275.4006042480469,199100
2010-04-22 00:00:00+09:00,273.1705614546655,278.74547087210766,269.268124862456,277.072998046875,439800
2010-04-23 00:00:00+09:00,275.9580383300781,278.1880022761798,273.1705833974511,275.9580383300781,168500
2010-04-26 00:00:00+09:00,278.74554443359375,280.9755087890625,274.8431068115234,278.74554443359375,209500
2010-04-27 00:00:00+09:00,278.7454932627052,278.7454932627052,273.1705833974511,275.9580383300781,193300
2010-04-28 00:00:00+09:00,269.82558780772837,272.6130422272297,263.69318808482547,269.2680969238281,164200
2010-04-30 00:00:00+09:00,266.48069224448335,267.5956742204017,255.33087248529995,263.6932373046875,400900
2010-05-06 00:00:00+09:00,262.5782593131765,287.10786315559636,259.79080433108334,284.8778991699219,911000
2010-05-07 00:00:00+09:00,277.0730711669922,280.9755087890625,269.82568701171874,278.74554443359375,405000
2010-05-10 00:00:00+09:00,278.1880047837972,280.9754597415507,272.05560387673955,280.41796875,262600
2010-05-11 00:00:00+09:00,284.32037599625124,287.10783066288116,274.8430301297096,276.5155029296875,152000
2010-05-12 00:00:00+09:00,275.4005245520316,284.32037959825124,245.85350471142903,252.54339599609375,448900
2010-05-13 00:00:00+09:00,257.0033447882142,280.97545720880686,254.21588985558714,275.9580383300781,605600
2010-05-14 00:00:00+09:00,269.8256754894969,272.0556397497407,263.1357827087656,268.710693359375,254000
2010-05-17 00:00:00+09:00,263.13580164416084,269.2682038011222,256.4459083820211,258.6758728027344,326100
2010-05-18 00:00:00+09:00,257.00333057750356,257.00333057750356,248.64096624200994,251.4284210205078,276200
2010-05-19 00:00:00+09:00,243.62360287136502,256.4458977593316,240.8361474609375,250.87098693847656,345800
2010-05-20 00:00:00+09:00,249.19847269925205,252.54341864152389,243.62356279546563,245.29603576660156,181400
2010-05-21 00:00:00+09:00,236.37616383272058,240.2786004997702,231.91623621323527,236.93365478515625,264700
2010-05-24 00:00:00+09:00,233.58871742395255,235.81868131344137,228.57129867260275,231.91624450683594,302200
2010-05-25 00:00:00+09:00,231.9162020377925,232.47369290807563,225.22631159439464,226.34129333496094,213400
2010-05-26 00:00:00+09:00,223.55381343841552,229.686212310791,217.97890537261964,222.99632263183594,319800
2010-05-27 00:00:00+09:00,218.5365013541356,237.49119790015757,218.5365013541356,233.58876037597656,261000
2010-05-28 00:00:00+09:00,240.83609424617495,247.52598575301315,236.93365753385268,241.39358520507812,340800
2010-05-31 00:00:00+09:00,241.39358921693952,255.3308634211508,239.1636253442657,248.08348083496094,325500
2010-06-01 00:00:00+09:00,250.31349182128906,255.33091147917682,246.96854538269722,250.31349182128906,141500
2010-06-02 00:00:00+09:00,253.10094094748024,263.1357800158825,249.75599459134614,253.65843200683594,391700
2010-06-03 00:00:00+09:00,250.87093006480822,262.0207491787997,249.7559481534091,257.5608215332031,221800
2010-06-04 00:00:00+09:00,260.34834611826926,263.6932927493391,255.88841727684283,258.6758728027344,195100
2010-06-07 00:00:00+09:00,254.2159637314322,255.88843717703372,248.64105224609375,248.64105224609375,130000
2010-06-08 00:00:00+09:00,244.18103859641334,254.2158757990057,243.62354764071378,251.4284210205078,216800
2010-06-09 00:00:00+09:00,253.6584300269483,256.4458853019697,245.29606420188406,249.19850158691406,164400
2010-06-10 00:00:00+09:00,247.5260056174845,248.64098762477047,238.60614955919675,241.9510955810547,292700
2010-06-11 00:00:00+09:00,246.4110009765625,248.64096478630512,235.26118192784924,236.93365478515625,382500
2010-06-14 00:00:00+09:00,236.9336765482678,244.1810595956266,236.9336765482678,241.9510955810547,200300
2010-06-15 00:00:00+09:00,240.83606638353922,241.9510481723519,237.4911210171012,239.72108459472656,166900
2010-06-16 00:00:00+09:00,243.62359114046453,244.18108219570587,240.2786448090165,240.8361358642578,116000
2010-06-17 00:00:00+09:00,241.39360747556458,257.0033557649775,241.39360747556458,254.7733917236328,347200
2010-06-18 00:00:00+09:00,254.77336675470525,254.77336675470525,249.1984571977095,251.4284210205078,241500
2010-06-21 00:00:00+09:00,253.10090607673894,263.13574376260084,253.10090607673894,259.2333068847656,122000
2010-06-22 00:00:00+09:00,258.11838169755606,261.4633283286259,255.33092617166452,258.6758728027344,144200
2010-06-23 00:00:00+09:00,253.10094718678226,254.21592933297953,246.41105430959857,250.31349182128906,162000
2010-06-24 00:00:00+09:00,248.08355580205503,250.31352034859037,241.39366216244906,243.62362670898438,250600
2010-06-25 00:00:00+09:00,236.93371903839835,237.4912101420181,233.03128131306002,235.26124572753906,284500
2010-06-28 00:00:00+09:00,234.7037618727911,235.81874411446705,229.12885066441126,234.14627075195312,123800
2010-06-29 00:00:00+09:00,231.91623475609757,235.81867139862806,227.45630716463415,228.5712890625,217400
2010-06-30 00:00:00+09:00,222.99636575779314,227.456293072949,219.65142027142625,224.66883850097656,143600
2010-07-01 00:00:00+09:00,223.55390930175784,224.11140034739813,221.32394511919665,223.5539093017578,121600
2010-07-02 00:00:00+09:00,222.43891496514553,223.55389699504602,219.65145989039434,221.8814239501953,155900
2010-07-05 00:00:00+09:00,222.9964162789139,227.45634460449216,222.9964162789139,227.4563446044922,73400
2010-07-06 00:00:00+09:00,225.78383431783536,229.12878001143292,221.32390672637194,228.5712890625,101900
2010-07-07 00:00:00+09:00,228.57132772797522,230.80129190093106,219.65147103615178,229.68630981445312,210200
2010-07-08 00:00:00+09:00,234.14618450662365,235.81865725309953,229.128766267196,230.80123901367188,84200
2010-07-09 00:00:00+09:00,231.35877990722656,233.5887440509107,229.12881576354246,231.35877990722656,64100
2010-07-12 00:00:00+09:00,233.03118472019258,236.37612995541065,231.9162029751199,232.47369384765625,68200
2010-07-13 00:00:00+09:00,231.91623475609757,235.81867139862806,228.01379811356708,228.5712890625,114200
2010-07-14 00:00:00+09:00,232.47375600638128,235.26121111437146,231.3587739631852,234.70372009277344,71100
2010-07-15 00:00:00+09:00,231.35871116750934,232.47369290807563,225.7838024646778,226.34129333496094,108000
2010-07-16 00:00:00+09:00,224.66889139303842,226.89885557559958,221.32394511919665,223.5539093017578,88500
2010-07-21 00:00:00+09:00,225.22636886054488,225.78385987257593,219.0939677282033,219.65145874023438,59700
2010-07-22 00:00:00+09:00,221.32400941611522,229.12888632247697,218.53655337812887,224.11146545410156,154100
2010-07-23 00:00:00+09:00,230.80123155381946,230.80123155381946,223.55384988667055,225.7838134765625,130100
2010-07-26 00:00:00+09:00,224.66883168161652,227.45628616898148,221.88137719425154,225.7838134765625,83100
2010-07-27 00:00:00+09:00,225.22632941537105,227.456293072949,224.1113475865821,224.66883850097656,59600
2010-07-28 00:00:00+09:00,225.78384381074173,231.91624450683594,225.78384381074173,231.91624450683594,123800
2010-07-29 00:00:00+09:00,229.12881772658403,230.2437998079786,226.3413625230976,227.4563446044922,86700
2010-07-30 00:00:00+09:00,225.78393907689335,226.34143028449063,222.99648303890703,224.11146545410156,80900
2010-08-02 00:00:00+09:00,224.66891317246834,225.78389537183543,220.20898437499997,220.208984375,106600
2010-08-03 00:00:00+09:00,224.66895666169881,226.34143028449063,221.8815006237125,224.11146545410156,101400
2010-08-04 00:00:00+09:00,224.11143692680028,224.11143692680028,217.97903442382812,217.97903442382812,119300
2010-08-05 00:00:00+09:00,220.20898437499997,221.32396657436706,217.97901997626582,220.208984375,129800
2010-08-06 00:00:00+09:00,218.53647671617225,222.99640481242068,217.9789857041412,219.65145874023438,95600
2010-08-09 00:00:00+09:00,219.65145989039434,222.99640598009577,218.53647786049387,221.8814239501953,180000
2010-08-10 00:00:00+09:00,222.4389310412937,241.9511179747405,221.88143998605236,240.8361358642578,774500
2010-08-11 00:00:00+09:00,236.37617518538133,240.83610301906776,228.01381049721925,230.2437744140625,705600
2010-08-12 00:00:00+09:00,227.45630716463415,230.80125285823172,224.6688524199695,228.5712890625,218900
2010-08-13 00:00:00+09:00,228.57125681609355,229.12874768637673,221.8813663726957,226.34129333496094,260500
2010-08-16 00:00:00+09:00,225.78393907689335,226.8989214920879,223.55397424650428,224.11146545410156,142800
2010-08-17 00:00:00+09:00,223.55393097310125,223.55393097310125,220.20898437499997,220.208984375,284100
2010-08-18 00:00:00+09:00,223.55391958988073,223.55391958988073,220.20897316210198,220.76646423339844,163000
2010-08-19 00:00:00+09:00,221.8815006237125,226.8989214920879,221.32400941611522,224.11146545410156,160900
2010-08-20 00:00:00+09:00,222.43891906738278,224.66888316830892,220.20895496645664,222.4389190673828,173700
2010-08-23 00:00:00+09:00,223.55393834393138,224.11142946199604,218.53651828134937,219.09400939941406,161300
2010-08-24 00:00:00+09:00,218.53652556046197,219.65150783372962,215.7490698772928,217.97903442382812,170900
2010-08-25 00:00:00+09:00,217.42153604522005,220.76648275360805,216.8640449271554,219.09400939941406,239700
2010-08-26 00:00:00+09:00,219.65145874023435,221.32393177632753,217.42149469211014,219.65145874023438,148100
2010-08-27 00:00:00+09:00,220.20896302791607,224.11140034739813,217.97899884535488,223.5539093017578,136800
2010-08-30 00:00:00+09:00,229.6863067994635,233.03125301498966,228.0138336917004,231.35877990722656,230300
2010-08-31 00:00:00+09:00,226.34126747131347,228.01373989105224,222.99632263183594,222.99632263183594,146900
2010-09-01 00:00:00+09:00,223.55387052210367,229.68627096036585,221.32390672637194,228.5712890625,237000
2010-09-02 00:00:00+09:00,231.35872992916384,234.14618450662365,228.01378443621206,230.80123901367188,174800
2010-09-03 00:00:00+09:00,233.03126930109357,236.37621575039157,232.47377822621058,233.58876037597656,123700
2010-09-06 00:00:00+09:00,236.93372382492316,239.16368828445187,233.03128602074798,238.0487060546875,226100
2010-09-07 00:00:00+09:00,236.9337330693784,244.18111784561822,235.81875079611075,243.62362670898438,305800
2010-09-08 00:00:00+09:00,239.16366170722748,241.95111697188048,236.93369749550507,238.60617065429688,114200
2010-09-09 00:00:00+09:00,239.16366170722748,239.72115276015808,236.93369749550507,238.60617065429688,142500
2010-09-10 00:00:00+09:00,237.4911895328098,243.62359114046453,237.4911895328098,240.8361358642578,222500
2010-09-13 00:00:00+09:00,241.95103799811315,246.9684558367837,241.95103799811315,246.4109649658203,127400
2010-09-14 00:00:00+09:00,248.64098762477047,249.75596963205643,241.39360457741168,241.9510955810547,139500
2010-09-16 00:00:00+09:00,246.41104021464307,247.52602229706227,243.62358500859506,244.1810760498047,83000
2010-09-17 00:00:00+09:00,243.62356279546563,246.41101774735884,243.62356279546563,245.29603576660156,92000
2010-09-21 00:00:00+09:00,248.64101053190976,249.75599264191834,247.5260284219012,249.19850158691406,113400
2010-09-22 00:00:00+09:00,247.5260284219012,251.98595686193545,245.85355525688834,249.19850158691406,111200
2010-09-24 00:00:00+09:00,245.8535226113704,246.96850457332673,243.62355868745775,244.73854064941406,152900
2010-09-27 00:00:00+09:00,245.29605813222386,251.98595062673905,242.50860292617585,244.1810760498047,233600
2010-09-28 00:00:00+09:00,245.31417435728696,247.58035610654596,237.9490836721952,241.91490173339844,193100
2010-09-29 00:00:00+09:00,240.78179386174568,245.88070243764147,238.51561227245867,242.48143005371094,256300
2010-09-30 00:00:00+09:00,240.781835583149,247.5803815290261,238.51565360118994,239.0821990966797,123100
2010-10-01 00:00:00+09:00,241.34837341308594,242.48146436807696,236.81600959312186,241.34837341308594,96800
2010-10-04 00:00:00+09:00,241.3483733400774,245.31419168134624,236.81600952148438,236.81600952148438,92000
2010-10-05 00:00:00+09:00,235.11634756017617,245.88071046052156,233.4167113127532,244.74761962890625,174000
2010-10-06 00:00:00+09:00,246.44725587632922,248.1468921237522,242.48143796567564,244.74761962890625,163200
2010-10-07 00:00:00+09:00,246.44725219445291,248.14688841648365,244.7476159724222,245.88070678710938,82600
2010-10-08 00:00:00+09:00,246.44724783496324,247.013793232285,241.34833925906744,242.48143005371094,124700
2010-10-12 00:00:00+09:00,243.61449608435996,243.61449608435996,232.28358928973856,235.682861328125,98500
2010-10-13 00:00:00+09:00,239.0821333665114,240.78176938570462,235.682861328125,235.682861328125,46600
2010-10-14 00:00:00+09:00,240.21524591513878,240.21524591513878,235.68288278466449,238.51560974121094,68200
2010-10-15 00:00:00+09:00,240.7818394615537,240.7818394615537,235.68292992001489,237.94911193847656,66400
2010-10-18 00:00:00+09:00,235.11630422251238,239.64866671354875,233.41666828837373,234.5497589111328,77500
2010-10-19 00:00:00+09:00,235.11631598839392,239.0821333665114,233.41667996920071,235.682861328125,103000
2010-10-20 00:00:00+09:00,232.28358634818156,232.8501316807381,226.61813302261615,231.717041015625,107200
2010-10-21 00:00:00+09:00,232.85016603961915,232.85016603961915,228.31780271038085,230.583984375,103200
2010-10-22 00:00:00+09:00,232.2836151123047,234.54979672315645,230.01743350145296,232.2836151123047,90300
2010-10-25 00:00:00+09:00,233.41671201407192,238.51562077166088,232.28362117905215,235.11634826660156,134500
2010-10-26 00:00:00+09:00,234.5498028490917,237.3825299366411,233.41671201407192,235.11634826660156,79500
2010-10-27 00:00:00+09:00,235.68288752858234,235.68288752858234,231.15052430687882,232.2836151123047,110400
2010-10-28 00:00:00+09:00,231.7170752073096,233.41671145577396,230.01743895884522,230.583984375,105200
2010-10-29 00:00:00+09:00,231.717162174965,233.41679906133396,225.48516025827894,227.7513427734375,111100
2010-11-01 00:00:00+09:00,226.61819263875634,226.61819263875634,221.51928330438435,222.65237426757812,165700
2010-11-02 00:00:00+09:00,222.65235530032388,224.9185370336605,220.9527190003214,223.7854461669922,103400
2010-11-04 00:00:00+09:00,224.9185370336605,227.18471876699712,221.51926443365554,223.7854461669922,171600
2010-11-05 00:00:00+09:00,227.18468705734404,232.28359524566346,227.18468705734404,228.8843231201172,149900
2010-11-08 00:00:00+09:00,230.01739642009645,236.24939484527147,230.01739642009645,234.5497589111328,121400
2010-11-09 00:00:00+09:00,235.11637316063536,241.34837341308594,235.11637316063536,241.34837341308594,141900
2010-11-10 00:00:00+09:00,235.11628726743302,244.74755686633992,235.11628726743302,240.21519470214844,137200
2010-11-11 00:00:00+09:00,240.78179130644807,240.78179130644807,235.68288278466449,238.51560974121094,131900
2010-11-12 00:00:00+09:00,238.51557609078966,238.51557609078966,233.41666828837373,234.5497589111328,106000
2010-11-15 00:00:00+09:00,233.41670408968218,235.6828856827859,231.15052249657847,232.85015869140625,105700
2010-11-16 00:00:00+09:00,234.54980228808353,234.54980228808353,229.4508935426904,230.583984375,121400
2010-11-17 00:00:00+09:00,230.58387914197198,246.4471435546875,230.017333984375,246.4471435546875,357900
2010-11-18 00:00:00+09:00,244.74766862125142,253.24585155948932,244.18112309203556,252.67930603027344,232800
2010-11-19 00:00:00+09:00,253.24579587639317,253.81234128103836,249.84652344852213,250.9796142578125,127000
2010-11-22 00:00:00+09:00,246.4472681681315,257.21163160536025,246.4472681681315,254.94544982910156,234000
2010-11-24 00:00:00+09:00,249.84658267519887,250.97967375309094,245.31421836363066,247.01385498046875,216700
2010-11-25 00:00:00+09:00,249.27997804387695,253.81234128103836,248.14688723458661,250.9796142578125,94400
2010-11-26 00:00:00+09:00,251.5462188720703,254.37894656207112,250.41312779607,251.5462188720703,85500
2010-11-29 00:00:00+09:00,253.24585155948932,254.37894261792104,251.54621497184175,252.67930603027344,78700
2010-11-30 00:00:00+09:00,250.97956898408776,251.54611428653493,239.64866293514476,240.78175354003906,221800
2010-12-01 00:00:00+09:00,243.6144177667026,246.4471435546875,241.34823713631465,246.4471435546875,161100
2010-12-02 00:00:00+09:00,250.97967333407016,252.1127644100705,248.14694564406938,251.5462188720703,118200
2010-12-03 00:00:00+09:00,253.8122967335973,253.8122967335973,250.41302490234378,250.41302490234375,96300
2010-12-06 00:00:00+09:00,251.5461811266447,258.91127201548795,251.5461811266447,258.3447265625,188800
2010-12-07 00:00:00+09:00,256.07846750531877,256.07846750531877,252.67919581277027,253.81228637695312,164900
2010-12-08 00:00:00+09:00,254.94542473914638,256.64506090407406,251.5461524092911,253.24578857421875,246900
2010-12-09 00:00:00+09:00,254.94538364031456,257.7781101252069,253.24574774937912,256.64501953125,157800
2010-12-10 00:00:00+09:00,257.7781101252069,258.9112007191639,254.37883834333607,256.64501953125,245100
2010-12-13 00:00:00+09:00,257.2116325796908,271.3752687349601,255.51199624105845,268.54254150390625,395900
2010-12-14 00:00:00+09:00,269.109061506928,279.30687857455894,268.54251611428185,276.4741516113281,226300
2010-12-15 00:00:00+09:00,279.8734436035156,281.57307990070296,278.1738073063283,279.8734436035156,211600
2010-12-16 00:00:00+09:00,281.00650651821354,288.3715964067958,278.17377963798964,283.8392333984375,345200
2010-12-17 00:00:00+09:00,284.40576882726214,286.6719502521806,282.13958740234375,282.13958740234375,224700
2010-12-20 00:00:00+09:00,282.7060749300065,284.97225589136923,277.0406225265995,281.0064392089844,173200
2010-12-21 00:00:00+09:00,281.0065707587049,284.97238929763824,280.440025253143,282.7062072753906,125200
2010-12-22 00:00:00+09:00,282.7061263078608,284.4057623377678,278.17376356144223,279.3068542480469,153600
2010-12-24 00:00:00+09:00,279.30691907459266,280.4400100241853,276.474191700611,278.173828125,96900
2010-12-27 00:00:00+09:00,276.47411452267727,276.47411452267727,272.50829730616346,273.6413879394531,185600
2010-12-28 00:00:00+09:00,274.20792634873914,276.47410755823284,273.64138104636567,275.9075622558594,109800
2010-12-29 00:00:00+09:00,278.7403887364573,284.97238929763824,278.7403887364573,282.7062072753906,214900
2010-12-30 00:00:00+09:00,282.1395809645585,283.83921699446546,276.47412753153526,279.3068542480469,117300
2011-01-04 00:00:00+09:00,283.8392333984375,285.53886952657183,282.1395972703031,283.8392333984375,138800
2011-01-05 00:00:00+09:00,284.4057778751149,291.2043223661535,283.27268712660845,288.9381408691406,250800
2011-01-06 00:00:00+09:00,294.6035901324076,296.30322622932533,291.20431793857216,295.1701354980469,324300
2011-01-07 00:00:00+09:00,296.30320915134473,299.7024811492569,292.9039371534326,295.7366638183594,226800
2011-01-11 00:00:00+09:00,296.30319190921637,303.6682808094455,293.4704654091283,301.402099609375,359400
2011-01-12 00:00:00+09:00,305.93451773192896,309.9003355543799,296.86979128061256,298.5694274902344,300200
2011-01-13 00:00:00+09:00,301.96866548534604,304.2348468398327,298.56939345361604,299.7024841308594,190100
2011-01-14 00:00:00+09:00,299.70258347284226,301.40222005208335,297.4364013671875,297.4364013671875,160900
2011-01-17 00:00:00+09:00,299.13605667372883,304.2349667306674,298.5695111118468,300.835693359375,196800
2011-01-18 00:00:00+09:00,300.83562789424775,319.5316273679016,300.2690824556522,316.1323547363281,678300
2011-01-19 00:00:00+09:00,317.831994804547,320.66472203096896,311.0334494611342,314.999267578125,319100
2011-01-20 00:00:00+09:00,313.299725352955,314.4328165838879,308.7673604292233,309.90045166015625,181900
2011-01-21 00:00:00+09:00,310.46685662643404,312.1664927028561,292.33740514459845,296.30322265625,332500
2011-01-24 00:00:00+09:00,295.73668975543796,302.535234347517,293.47050822474495,301.96868896484375,208900
2011-01-25 00:00:00+09:00,305.3679433580262,311.59994220206755,303.66830730965125,307.6341247558594,193900
2011-01-26 00:00:00+09:00,308.7672558459607,312.73307381095464,305.9345287281078,309.33380126953125,162300
2011-01-27 00:00:00+09:00,308.76723163140883,313.2995946645304,305.93450473570783,312.16650390625,214600
2011-01-28 00:00:00+09:00,312.73307518985683,313.29962061592545,303.66834837275957,304.2348937988281,308300
2011-01-31 00:00:00+09:00,296.8697715949646,297.43631696060385,288.93813647601513,295.1701354980469,465600
2011-02-01 00:00:00+09:00,296.3031684991085,304.80134732795483,294.03698747808284,299.1358947753906,322700
2011-02-02 00:00:00+09:00,303.66834469938544,309.33379889153815,301.40216302252435,305.36798095703125,303500
2011-02-03 00:00:00+09:00,308.2006671962453,308.2006671962453,301.9686684110271,303.6683044433594,201500
2011-02-04 00:00:00+09:00,307.63416263389234,309.33379889153815,305.36798095703125,305.36798095703125,208900
2011-02-07 00:00:00+09:00,311.0333997136896,316.1323079057173,310.46685435901986,311.5999450683594,418900
2011-02-08 00:00:00+09:00,314.4326718417081,314.4326718417081,311.0333997136896,311.5999450683594,144600
2011-02-09 00:00:00+09:00,314.4326809377433,322.93086150362825,311.0334087113893,318.39849853515625,529300
2011-02-10 00:00:00+09:00,316.69885968732405,316.69885968732405,312.7330421241554,314.43267822265625,182200
2011-02-14 00:00:00+09:00,320.09812260650534,334.828301699902,314.43266910904504,331.9955749511719,630300
2011-02-15 00:00:00+09:00,332.56214864364523,348.99196518651695,332.56214864364523,342.19342041015625,639000
2011-02-16 00:00:00+09:00,342.1933941640098,345.59266629146686,334.82830455451955,335.9613952636719,635800
2011-02-17 00:00:00+09:00,337.6611020844558,338.22764755775194,327.46328356512663,328.59637451171875,657900
2011-02-18 00:00:00+09:00,331.4290808649865,332.5621717397386,324.06399017909786,330.2959899902344,309800
2011-02-21 00:00:00+09:00,330.8625582345939,330.8625582345939,321.79783061172833,323.4974670410156,413400
2011-02-22 00:00:00+09:00,324.6304939757002,324.6304939757002,318.9650403286548,319.5315856933594,346900
2011-02-23 00:00:00+09:00,314.999263859137,322.3643545608794,312.7330821047547,316.1323547363281,389100
2011-02-24 00:00:00+09:00,312.73307381095464,314.99925550523693,308.2007104223901,309.33380126953125,466300
2011-02-25 00:00:00+09:00,310.46679381778284,317.2653367480993,308.20061284101075,316.69879150390625,276900
2011-02-28 00:00:00+09:00,318.9650256998978,330.2959324743169,313.29957231268827,329.162841796875,516300
2011-03-01 00:00:00+09:00,332.56211325435316,337.09447595628643,330.29593190338653,334.2617492675781,400300
2011-03-02 00:00:00+09:00,325.7635362472268,331.4289890515264,324.0639004059369,325.1969909667969,333300
2011-03-03 00:00:00+09:00,328.5962760611756,332.56209318605187,328.5962760611756,330.8624572753906,225400
2011-03-04 00:00:00+09:00,336.52793061854476,336.52793061854476,330.86247724112815,334.2617492675781,324800
2011-03-07 00:00:00+09:00,330.86245404909556,331.42899934712483,324.63045577077355,326.8966369628906,190200
2011-03-08 00:00:00+09:00,322.93082008899097,326.89663717780314,321.23118419378574,321.7977294921875,301400
2011-03-09 00:00:00+09:00,325.1969909667969,326.89662680808675,321.79771928421707,325.1969909667969,219200
2011-03-10 00:00:00+09:00,324.0639931467782,324.0639931467782,316.6989023934424,320.0981750488281,175500
2011-03-11 00:00:00+09:00,314.9992106866399,315.56575602960146,308.7672119140625,308.7672119140625,376100
2011-03-14 00:00:00+09:00,271.3752664896865,286.10544796929366,258.34472133464936,264.57672119140625,533200
2011-03-15 00:00:00+09:00,258.91117699862116,258.91117699862116,219.25300984347132,228.31773376464844,609100
2011-03-16 00:00:00+09:00,237.382502388574,252.6792268861671,232.85013957447237,248.71340942382812,747900
2011-03-17 00:00:00+09:00,235.11634809320623,255.5119831085205,232.85016642483797,249.2799835205078,434600
2011-03-18 00:00:00+09:00,260.6108874485124,267.97597774597034,256.07852418853827,260.0443420410156,456800
2011-03-22 00:00:00+09:00,275.90764079910826,285.53891368121265,274.20800440814867,284.40582275390625,347100
2011-03-23 00:00:00+09:00,283.2726809057859,292.33740669477106,281.0064994585396,286.10540771484375,417100
2011-03-24 00:00:00+09:00,286.10541399787456,292.33741311465997,284.4057778751149,288.9381408691406,239500
2011-03-25 00:00:00+09:00,294.6035772573691,297.4363039617669,285.5388518032962,289.5046691894531,272100
2011-03-28 00:00:00+09:00,286.6720123884743,291.2043762207031,285.5389214304171,291.2043762207031,161000
2011-03-29 00:00:00+09:00,296.49891942492604,300.61695997249444,288.8511298365847,298.2637939453125,263900
2011-03-30 00:00:00+09:00,299.4403563141823,302.38181364536285,292.3808587193489,301.2052307128906,190500
2011-03-31 00:00:00+09:00,300.0286865234375,302.3818526922488,295.32235418581496,300.0286865234375,186900
2011-04-01 00:00:00+09:00,302.97010511159897,305.91156244277954,298.85206484794617,301.2052307128906,155400
2011-04-04 00:00:00+09:00,301.2052951388889,303.5584615071615,295.3223792182075,296.49896240234375,117000
2011-04-05 00:00:00+09:00,295.32231313891043,295.9106045993465,278.8501522467003,284.144775390625,166800
2011-04-06 00:00:00+09:00,280.61505962171054,284.7331003289474,273.5555612664474,279.4384765625,155800
2011-04-07 00:00:00+09:00,278.8501569923548,282.9681972854908,273.5555337583227,274.73211669921875,129500
2011-04-08 00:00:00+09:00,271.20238841663706,285.9096762917259,270.6140969016335,284.73309326171875,155900
2011-04-11 00:00:00+09:00,287.6745902413649,289.43946502812173,282.96825747668,283.5565490722656,111000
2011-04-12 00:00:00+09:00,278.8502720424107,281.20343889508933,273.55564662388394,275.9088134765625,172600
2011-04-13 00:00:00+09:00,271.79070306279857,281.7916596690054,269.4375368025146,277.0853271484375,125100
2011-04-14 00:00:00+09:00,276.49699443095443,284.7330751161318,272.9672455658784,282.96820068359375,140900
2011-04-15 00:00:00+09:00,285.3213691308181,285.3213691308181,278.2618713378906,278.2618713378906,86000
2011-04-18 00:00:00+09:00,280.61505543684757,282.96822152017546,277.0853063118558,280.0267639160156,43900
2011-04-19 00:00:00+09:00,275.9086996401148,279.4384484628028,273.5555337583227,274.73211669921875,73300
2011-04-20 00:00:00+09:00,274.7321208249857,277.6735782213989,274.1438293457031,274.1438293457031,77200
2011-04-21 00:00:00+09:00,276.49710518973217,277.67368861607144,273.55564662388394,275.9088134765625,121300
2011-04-22 00:00:00+09:00,274.7321869155108,279.4385198819435,273.55560367390257,277.67364501953125,105900
2011-04-25 00:00:00+09:00,278.8501628206346,281.79162023435435,277.0852883724027,278.2618713378906,89100
2011-04-26 00:00:00+09:00,277.08529933327986,278.26188234531077,270.0258012610944,272.37896728515625,106600
2011-04-27 00:00:00+09:00,271.7906967229718,274.1438629283655,267.67265586353284,269.4375305175781,123200
2011-04-28 00:00:00+09:00,268.2609609628652,271.79071044921875,267.6726693818063,271.79071044921875,141100
2011-05-02 00:00:00+09:00,273.55555173184007,277.6735922955452,272.37896871363864,276.49700927734375,111600
2011-05-06 00:00:00+09:00,271.7906772045379,277.08530078644446,270.0258026772357,276.49700927734375,89000
2011-05-09 00:00:00+09:00,276.49712726987644,276.49712726987644,271.790793188687,272.9673767089844,84300
2011-05-10 00:00:00+09:00,272.3790849488357,275.3205437495791,270.025917908241,272.9673767089844,149400
2011-05-11 00:00:00+09:00,277.08531044407897,284.7331003289474,274.73214432565794,279.4384765625,293400
2011-05-12 00:00:00+09:00,282.38004487136317,283.5566283916605,271.20250142853837,272.9673767089844,297500
2011-05-13 00:00:00+09:00,272.96734185987907,275.90880028509326,268.2610083795363,273.5556335449219,261900
2011-05-16 00:00:00+09:00,272.9672671502169,272.9672671502169,268.2609349579718,271.202392578125,132900
2011-05-17 00:00:00+09:00,271.79068410215564,272.3789756261863,268.84922648200245,271.202392578125,100000
2011-05-18 00:00:00+09:00,269.4375305175781,271.20240517162335,267.0843643121844,269.4375305175781,114000
2011-05-19 00:00:00+09:00,270.614130633518,272.3790053985192,266.4960895151819,267.0843811035156,98500
2011-05-20 00:00:00+09:00,267.0842630078987,271.2023023053773,265.31938902326505,266.4959716796875,83400
2011-05-23 00:00:00+09:00,265.31950633851443,268.8492558685168,258.8482988668433,267.0843811035156,188100
2011-05-24 00:00:00+09:00,270.61412728710087,272.9672936113366,267.6726693818063,271.79071044921875,160000
2011-05-25 00:00:00+09:00,271.7906475360577,271.7906475360577,265.9077330872253,267.672607421875,108900
2011-05-26 00:00:00+09:00,270.02581787109375,273.5555671243107,268.2609432444853,270.02581787109375,175600
2011-05-27 00:00:00+09:00,271.20245857077816,279.4385419113224,270.02587523641466,278.8502502441406,164900
2011-05-30 00:00:00+09:00,278.8502502441406,280.0268335785041,272.96733357232335,278.8502502441406,96900
2011-05-31 00:00:00+09:00,278.8501808743517,280.61505543684757,277.0853063118558,280.0267639160156,90000
2011-06-01 00:00:00+09:00,281.79161772856844,282.96820068359375,278.2618688634924,282.96820068359375,108200
2011-06-02 00:00:00+09:00,275.32047853631485,279.4385198819435,275.32047853631485,277.67364501953125,94900
2011-06-03 00:00:00+09:00,276.49712726987644,279.4385860706198,272.9673767089844,272.9673767089844,85900
2011-06-06 00:00:00+09:00,271.79067577914077,273.55555029718715,270.61409276710987,272.37896728515625,78100
2011-06-07 00:00:00+09:00,269.43762614809236,275.3205437495791,269.43762614809236,272.9673767089844,82500
2011-06-08 00:00:00+09:00,273.5556684691331,274.7322519894304,269.43762614809236,272.9673767089844,56000
2011-06-09 00:00:00+09:00,270.6141357421875,272.3790105405061,268.8492609438689,270.6141357421875,100800
2011-06-10 00:00:00+09:00,272.96734185987907,276.4970919701361,271.79075848979335,273.5556335449219,148300
2011-06-13 00:00:00+09:00,269.43762614809236,274.7322519894304,269.43762614809236,272.9673767089844,73700
2011-06-14 00:00:00+09:00,271.20237354496317,280.0267457861225,271.20237354496317,278.2618713378906,93900
2011-06-15 00:00:00+09:00,281.79161772856844,284.1447836386191,280.0267432960304,282.96820068359375,115500
2011-06-16 00:00:00+09:00,281.20339113871256,282.9682659784953,279.43851629892987,282.3799743652344,61000
2011-06-17 00:00:00+09:00,287.08624357904995,287.08624357904995,274.7321224414269,278.2618713378906,168400
2011-06-20 00:00:00+09:00,278.8501808743517,281.7916384785115,277.0853063118558,280.0267639160156,90700
2011-06-21 00:00:00+09:00,281.7916274836034,285.90966796875,280.02675298996917,285.90966796875,86500
2011-06-22 00:00:00+09:00,286.49804286764123,293.55754289723404,286.49804286764123,291.2043762207031,202900
2011-06-23 00:00:00+09:00,290.6159898912585,294.1457387563345,278.8501603410051,282.96820068359375,299300
2011-06-24 00:00:00+09:00,282.379944975616,288.26286049594137,281.79165342358345,286.49798583984375,181200
2011-06-27 00:00:00+09:00,286.4980070501937,287.08629864577927,281.79167428550875,283.5565490722656,85600
2011-06-28 00:00:00+09:00,284.7330668510611,287.67452415324146,282.96819246975286,284.144775390625,78000
2011-06-29 00:00:00+09:00,288.8511573528421,290.0277404785156,285.9096995386584,290.0277404785156,95900
2011-06-30 00:00:00+09:00,291.2043590966112,293.5575256347656,288.8511925584568,293.5575256347656,114900
2011-07-01 00:00:00+09:00,294.73405600841375,294.73405600841375,291.2043068346603,292.3808898925781,113200
2011-07-04 00:00:00+09:00,295.3223364113351,300.02866846569896,295.3223364113351,298.2637939453125,94800
2011-07-05 00:00:00+09:00,297.67551076152535,299.44038533125774,296.4989277150371,297.08721923828125,60700
2011-07-06 00:00:00+09:00,295.32234466854885,297.67551076152535,293.5574700988165,297.08721923828125,102800
2011-07-07 00:00:00+09:00,296.4988989830017,303.5583965778351,295.9106075167656,301.2052307128906,134300
2011-07-08 00:00:00+09:00,305.3232709765434,305.3232709765434,299.4403563141823,301.2052307128906,123800
2011-07-11 00:00:00+09:00,297.0872318222228,298.8521064667113,294.1457740814087,295.3223571777344,138800
2011-07-12 00:00:00+09:00,291.2043068346603,295.32234753737265,291.2043068346603,292.3808898925781,123500
2011-07-13 00:00:00+09:00,291.2042958637666,299.44037695890347,291.2042958637666,298.2637939453125,161600
2011-07-14 00:00:00+09:00,298.8521459960937,298.8521459960937,294.14581298828125,294.14581298828125,81200
2011-07-15 00:00:00+09:00,292.9692297363281,295.91068786621094,292.38093811035156,294.14581298828125,87800
2011-07-19 00:00:00+09:00,294.73405314530476,297.67551076152535,292.38088705232826,297.08721923828125,149600
2011-07-20 00:00:00+09:00,297.6755627441406,301.2053125,294.14581298828125,294.14581298828125,85800
2011-07-21 00:00:00+09:00,293.5575078533542,294.1457994522587,291.7926330566406,291.7926330566406,44300
2011-07-22 00:00:00+09:00,294.1457740814087,297.0872318222228,288.26285859978054,295.3223571777344,177300
2011-07-25 00:00:00+09:00,298.26378567139153,300.61695163329597,296.4989111999632,299.44036865234375,147600
2011-07-26 00:00:00+09:00,298.26380774093,302.3818484789705,298.26380774093,300.6169738769531,113100
2011-07-27 00:00:00+09:00,297.08721093172153,299.44037695890347,294.73404490453953,298.2637939453125,102600
2011-07-28 00:00:00+09:00,295.3223002237712,296.4988830931886,291.20426018081025,294.7340087890625,118500
2011-07-29 00:00:00+09:00,292.9692465191238,295.91070481750864,287.0863299223543,287.67462158203125,177600
2011-08-01 00:00:00+09:00,285.9096942878112,289.4394436000064,279.43848721545334,286.49798583984375,158100
2011-08-02 00:00:00+09:00,285.3214416503906,287.08631654719716,281.2034002245087,285.3214416503906,103800
2011-08-03 00:00:00+09:00,279.43845430337853,283.5564946825862,277.67357985514667,278.2618713378906,178000
2011-08-04 00:00:00+09:00,281.20334417169744,285.9096762917259,279.4384696266868,284.73309326171875,143400
2011-08-05 00:00:00+09:00,271.20237194929,275.908703783551,270.61408047000737,274.1438293457031,138300
2011-08-08 00:00:00+09:00,270.02586069085817,271.7907355973344,262.37806942946133,264.1429443359375,165700
2011-08-09 00:00:00+09:00,250.02387234065088,258.848244305615,244.72924916167239,257.6716613769531,270100
2011-08-10 00:00:00+09:00,264.1429443359375,264.1429443359375,264.1429443359375,264.1429443359375,158500
2011-08-11 00:00:00+09:00,255.90688220969056,262.96638240857857,252.96542379348722,257.0834655761719,222400
2011-08-12 00:00:00+09:00,257.0834655761719,257.0834655761719,257.0834655761719,257.0834655761719,230900
2011-08-15 00:00:00+09:00,261.78971163575324,262.96629460939704,258.2599627148217,260.6131286621094,102400
2011-08-16 00:00:00+09:00,260.02490288749306,267.67269414888995,259.436611252001,264.1429443359375,139600
2011-08-17 00:00:00+09:00,262.3780349392361,265.9077842881944,261.7897433810764,264.731201171875,93500
2011-08-18 00:00:00+09:00,258.8482971191406,258.8482971191406,258.8482971191406,258.8482971191406,108000
2011-08-19 00:00:00+09:00,254.14188025667053,256.49504581460263,252.96529747770444,253.5535888671875,93800
2011-08-22 00:00:00+09:00,252.96542547767655,255.3185922263061,246.49421691894528,246.4942169189453,108800
2011-08-23 00:00:00+09:00,247.67082196529782,251.78886413574222,247.67082196529782,251.7888641357422,75800
2011-08-24 00:00:00+09:00,254.73029607137045,255.31858774820964,245.90592091878256,247.08250427246094,90000
2011-08-25 00:00:00+09:00,251.7887847620413,258.8482834002294,248.25903544294727,256.4951171875,112400
2011-08-26 00:00:00+09:00,254.7302413975998,254.7302413975998,250.0239089930252,252.3770751953125,99500
2011-08-29 00:00:00+09:00,254.73025090793308,255.31854248046872,248.84733518257667,255.31854248046875,76100
2011-08-30 00:00:00+09:00,255.3184630356366,258.25991998305176,251.20042330925534,253.5535888671875,123700
2011-08-31 00:00:00+09:00,254.14191259096748,261.7897016272698,252.9653296623056,257.6716613769531,160100
2011-09-01 00:00:00+09:00,262.9663264973958,266.4960758463542,259.4365771484375,264.731201171875,226200
2011-09-02 00:00:00+09:00,260.024880287864,262.9663382096724,257.0834223660556,258.8482971191406,115500
2011-09-05 00:00:00+09:00,257.08341719807567,257.6717087706113,254.14195933539744,255.31854248046875,75100
2011-09-06 00:00:00+09:00,255.90689743396845,257.08348087044646,250.61227196981739,252.96543884277344,119200
2011-09-07 00:00:00+09:00,251.78871469873837,254.73017164615356,251.78871469873837,253.5535888671875,77700
2011-09-08 00:00:00+09:00,253.5536871507041,257.0834368558183,253.5536871507041,254.7302703857422,84900
2011-09-09 00:00:00+09:00,255.90683919733223,258.8482971191406,252.37708969116213,258.8482971191406,102700
2011-09-12 00:00:00+09:00,253.55365829645615,257.0834075998871,250.61220054359703,252.3770751953125,89800
2011-09-13 00:00:00+09:00,255.31859923487875,260.61322456463427,255.31859923487875,260.0249328613281,155300
2011-09-14 00:00:00+09:00,259.4366411580219,263.55468308116514,255.31859923487875,260.0249328613281,133700
2011-09-15 00:00:00+09:00,261.20138710945776,264.7311355839099,259.4365128722317,262.181884765625,109000
2011-09-16 00:00:00+09:00,266.49608110126695,269.4375389500668,261.20145697342724,268.2609558105469,160200
2011-09-20 00:00:00+09:00,267.6726547207378,268.26094626957456,265.3194885253906,265.3194885253906,100400
2011-09-21 00:00:00+09:00,265.3194605566847,265.3194605566847,260.6131286621094,260.6131286621094,101700
2011-09-22 00:00:00+09:00,255.90684338962842,260.6131761416216,253.5536770136318,258.260009765625,167800
2011-09-26 00:00:00+09:00,255.31853335439874,258.84828266344573,243.55270232424212,245.90586853027344,143900
2011-09-27 00:00:00+09:00,252.96529747770444,253.5535888671875,249.43554914080624,253.5535888671875,78500
2011-09-28 00:00:00+09:00,256.5578071771666,260.76367286859556,254.75529330941131,258.3603210449219,102200
2011-09-29 00:00:00+09:00,254.15448932258448,264.9695739746094,252.95281325013727,264.9695739746094,130400
2011-09-30 00:00:00+09:00,267.9737934241134,268.5746315259612,261.3645743037878,267.3729553222656,87100
2011-10-03 00:00:00+09:00,260.7636435269179,260.7636435269179,252.95275097887662,253.5535888671875,82000
2011-10-04 00:00:00+09:00,246.3436405475323,252.35202202430136,243.94028795682465,249.94866943359375,126800
2011-10-05 00:00:00+09:00,248.74695909288192,253.5536636164159,243.33941650390622,243.33941650390625,110300
2011-10-06 00:00:00+09:00,247.5453080425399,253.55368930570833,247.5453080425399,251.7511749267578,67000
2011-10-07 00:00:00+09:00,254.7553186122142,258.9611847213781,252.35196654983483,252.9528045654297,90300
2011-10-11 00:00:00+09:00,258.9612282350625,260.1629044681718,256.5578757688438,257.7595520019531,83800
2011-10-12 00:00:00+09:00,254.75536938248393,259.5620744651723,253.55369311181184,257.1587219238281,53900
2011-10-13 00:00:00+09:00,258.36034545898434,260.1628594970703,254.75531738281248,255.3561553955078,97900
2011-10-14 00:00:00+09:00,254.75536555834202,257.75955618992623,251.15033680044095,251.7511749267578,54800
2011-10-17 00:00:00+09:00,255.35615358994346,258.961181640625,255.35615358994346,258.961181640625,50400
2011-10-18 00:00:00+09:00,257.1586161970527,257.1586161970527,253.55358886718747,253.5535888671875,37900
2011-10-19 00:00:00+09:00,257.75950869018845,257.75950869018845,252.35196654983483,252.9528045654297,40700
2011-10-20 00:00:00+09:00,251.75116278655338,252.9528389812386,245.7427818131273,246.9444580078125,70200
2011-10-21 00:00:00+09:00,245.74272892649583,249.34775673470847,243.94021502238948,246.34356689453125,34600
2011-10-24 00:00:00+09:00,248.14604787238966,254.15442675549835,248.14604787238966,253.5535888671875,44600
2011-10-25 00:00:00+09:00,255.95705091036282,255.95705091036282,248.74699313823993,249.94866943359375,49100
2011-10-26 00:00:00+09:00,248.1460921089604,260.16285201738464,245.74274012727557,254.75531005859375,117400
2011-10-27 00:00:00+09:00,257.15856877598196,261.96527099609375,251.75102877835616,261.96527099609375,68700
2011-10-28 00:00:00+09:00,266.77197321620554,267.37281099371955,261.96527099609375,261.96527099609375,71700
2011-10-31 00:00:00+09:00,263.7679396735297,263.7679396735297,258.3603964911567,259.56207275390625,51700
2011-11-01 00:00:00+09:00,257.15867067459357,258.3603467057833,252.9528045654297,252.9528045654297,30200
2011-11-02 00:00:00+09:00,248.74695552228445,250.54946969273578,246.94444135183312,249.34779357910156,55500
2011-11-04 00:00:00+09:00,252.35201517740887,261.9654252794054,249.94866265190973,259.56207275390625,74700
2011-11-07 00:00:00+09:00,258.961180447984,261.3645324707031,257.15866643094466,261.3645324707031,33300
2011-11-08 00:00:00+09:00,261.3645456852525,261.3645456852525,251.15029907226562,251.15029907226562,47400
2011-11-09 00:00:00+09:00,252.35196238550645,261.96537047638293,251.75112437982668,261.3645324707031,97600
2011-11-10 00:00:00+09:00,256.55781396597143,261.36451774050954,254.15446207870238,260.162841796875,104800
2011-11-11 00:00:00+09:00,260.1628898245389,260.7637279072746,255.95702324538937,256.557861328125,87400
2011-11-14 00:00:00+09:00,260.7637298722073,266.1712726575757,258.96121561041787,265.5704345703125,73500
2011-11-15 00:00:00+09:00,264.3687178448933,272.7804497763217,264.3687178448933,270.9779357910156,213100
2011-11-16 00:00:00+09:00,269.77627275176866,272.17962484755276,260.7637023925781,260.7637023925781,87400
2011-11-17 00:00:00+09:00,260.16285299348084,269.77626095628847,257.75950100277896,268.5745849609375,70000
2011-11-18 00:00:00+09:00,263.7677843286357,265.5702976611776,259.56191988603786,261.96527099609375,92000
2011-11-21 00:00:00+09:00,260.76367976869227,262.5661936841441,257.1586519377887,260.162841796875,79900
2011-11-22 00:00:00+09:00,258.3603682540392,260.1628824511604,255.35617792550386,255.95701599121094,112400
2011-11-24 00:00:00+09:00,252.95289507205325,257.15876268607786,251.75121861090335,254.15457153320312,98200
2011-11-25 00:00:00+09:00,252.35199474897541,256.557861328125,252.35199474897541,256.557861328125,89700
2011-11-28 00:00:00+09:00,256.5578757688438,258.9612282350625,254.15452330262514,257.7595520019531,116700
2011-11-29 00:00:00+09:00,257.7594734487338,266.1712045169908,256.5577975818399,263.7678527832031,153300
2011-11-30 00:00:00+09:00,264.9695964830494,265.5704345703125,258.96121561041787,265.5704345703125,82000
2011-12-01 00:00:00+09:00,268.5746315259612,270.9779839333524,266.17127911857006,267.3729553222656,100200
2011-12-02 00:00:00+09:00,265.5703938350973,272.17961178121965,264.3687178448933,270.9779357910156,89500
2011-12-05 00:00:00+09:00,272.17962519606044,278.1880054432141,271.5787871713451,274.5829772949219,125900
2011-12-06 00:00:00+09:00,273.38136566773824,277.58723283185725,267.97382217101375,269.7763366699219,126200
2011-12-07 00:00:00+09:00,268.5746176583426,278.7888648623512,266.1712653750465,277.5871887207031,135600
2011-12-08 00:00:00+09:00,277.5871807452669,279.3896949059505,275.1838285310222,278.1880187988281,109100
2011-12-09 00:00:00+09:00,273.38128089904785,282.99468857901434,268.57457705906455,269.1754150390625,349200
2011-12-12 00:00:00+09:00,273.98219663558467,281.79309259230087,273.98219663558467,279.3897399902344,131300
2011-12-13 00:00:00+09:00,274.5830330594516,283.59560526052775,274.5830330594516,281.7930908203125,64400
2011-12-14 00:00:00+09:00,281.1921905453059,285.99889465719144,280.5913525313202,284.1963806152344,69000
2011-12-15 00:00:00+09:00,279.990555598818,282.99474610953496,277.58720319024445,278.78887939453125,80400
2011-12-16 00:00:00+09:00,277.5871674184987,278.78884346792944,273.9821392702065,274.5829772949219,90700
2011-12-19 00:00:00+09:00,273.38134124215725,274.5830174673975,265.57044577809563,271.5788269042969,61600
2011-12-20 00:00:00+09:00,275.18388016664636,275.18388016664636,265.57046950580286,269.7763366699219,67600
2011-12-21 00:00:00+09:00,275.78461479620125,276.98629067766615,270.37707332960906,275.18377685546875,51300
2011-12-22 00:00:00+09:00,275.7846774466762,276.3855155239021,272.179648983321,272.7804870605469,68500
2011-12-26 00:00:00+09:00,276.3855155239021,276.3855155239021,272.179648983321,272.7804870605469,18300
2011-12-27 00:00:00+09:00,267.97382217101375,275.18388016664636,267.97382217101375,269.7763366699219,34600
2011-12-28 00:00:00+09:00,269.77625980081154,272.7804497763217,268.57458381060746,270.9779357910156,26100
2011-12-29 00:00:00+09:00,270.9779570060864,275.7846613432232,269.1754428796601,273.9821472167969,30500
2011-12-30 00:00:00+09:00,275.1837534211463,277.5871049794096,272.780401862883,276.98626708984375,27600
2012-01-04 00:00:00+09:00,278.18806193988206,282.3939289670509,276.98638564640527,281.7930908203125,95300
2012-01-05 00:00:00+09:00,282.3937838301699,283.595459506043,280.59127031636035,281.1921081542969,52300
2012-01-06 00:00:00+09:00,281.19220767950344,282.39388378069793,279.38969352771176,280.59136962890625,28600
2012-01-10 00:00:00+09:00,283.5955795159861,287.8014461613503,282.39390333159633,285.9989318847656,76400
2012-01-11 00:00:00+09:00,284.79721186211765,287.8014018606632,281.192183863863,282.39385986328125,51500
2012-01-12 00:00:00+09:00,282.39388378069793,283.59555988189237,279.38969352771176,280.59136962890625,73900
2012-01-13 00:00:00+09:00,279.9905078644448,285.3980498618268,279.3896698647357,282.39385986328125,81400
2012-01-16 00:00:00+09:00,279.990578140751,281.19225444178426,274.5830347861013,279.3897399902344,49900
2012-01-17 00:00:00+09:00,279.3896949059505,279.99053295951165,275.78466658458336,278.1880187988281,69500
2012-01-18 00:00:00+09:00,280.59136568035996,280.59136568035996,273.3813091746548,273.9821472167969,133900
2012-01-19 00:00:00+09:00,274.5829772949219,278.1880054432141,272.17962519606044,274.5829772949219,123800
2012-01-20 00:00:00+09:00,277.5871702291198,285.3980646295063,276.98633219832084,283.5955505371094,144200
2012-01-23 00:00:00+09:00,287.200554713199,287.80139269377054,283.5955268297697,285.3980407714844,115900
2012-01-24 00:00:00+09:00,286.59979877471926,288.4023132324219,285.9989606221517,288.4023132324219,87200
2012-01-25 00:00:00+09:00,290.805625553721,292.6081397616986,288.40227327641753,291.4064636230469,155600
2012-01-26 00:00:00+09:00,290.20474351472797,292.6080954278934,287.8013916015625,287.8013916015625,87000
2012-01-27 00:00:00+09:00,282.994724257853,292.0072950940904,282.994724257853,289.60394287109375,85800
2012-01-30 00:00:00+09:00,289.60392150239124,290.204759513807,282.994703376818,286.5997314453125,88700
2012-01-31 00:00:00+09:00,289.00300569712005,290.2046813964844,285.99881644870925,290.2046813964844,52000
2012-02-01 00:00:00+09:00,288.4022667595954,293.2089712055887,287.8014287038463,289.60394287109375,84700
2012-02-02 00:00:00+09:00,293.8097464479046,295.6122602297936,291.4063947387193,292.0072326660156,39000
2012-02-03 00:00:00+09:00,292.60813314983955,293.8098092613379,289.0031048153446,289.60394287109375,57200
2012-02-06 00:00:00+09:00,292.6081607117945,294.4106750488281,291.4064844871054,294.4106750488281,47500
2012-02-07 00:00:00+09:00,294.4106605404713,296.8140128714139,292.0073082095287,293.208984375,59300
2012-02-08 00:00:00+09:00,294.4106050741793,297.414794921875,293.208929135101,297.414794921875,108500
2012-02-09 00:00:00+09:00,294.4106948793166,311.2341631581347,294.4106948793166,308.830810546875,267200
2012-02-10 00:00:00+09:00,307.6290404040404,307.6290404040404,296.2131189827967,297.414794921875,231400
2012-02-13 00:00:00+09:00,297.4148006363219,304.0240184282402,297.4148006363219,301.62066650390625,119900
2012-02-14 00:00:00+09:00,302.22150448498974,303.4231804471567,299.21731457957236,301.62066650390625,96300
2012-02-15 00:00:00+09:00,303.4231804471567,304.6248564093237,301.0198285228228,301.62066650390625,204800
2012-02-16 00:00:00+09:00,301.0198829666168,304.0240734153855,299.8182067871094,299.8182067871094,84900
2012-02-17 00:00:00+09:00,304.6249084472656,306.4274226984329,302.221556112376,304.6249084472656,95800
2012-02-20 00:00:00+09:00,307.62911821705427,313.03666131071344,307.02828009553656,310.032470703125,161200
2012-02-21 00:00:00+09:00,310.0323772867217,316.04075669150313,310.0323772867217,314.8390808105469,119300
2012-02-22 00:00:00+09:00,314.8390934976299,323.25082500329177,314.2382555329398,320.84747314453125,226800
2012-02-23 00:00:00+09:00,320.8474198962242,321.4482577611984,318.4440684363274,320.24658203125,110200
2012-02-24 00:00:00+09:00,321.4483562868033,323.2508704342059,320.8475182376691,322.0491943359375,135300
2012-02-27 00:00:00+09:00,321.44836569461,324.45255602820447,318.4441753610155,319.0450134277344,202200
2012-02-28 00:00:00+09:00,317.2424992275777,321.44836569461,316.6416611608588,319.0450134277344,268800
2012-02-29 00:00:00+09:00,318.4441324479291,318.4441324479291,311.83491460467025,313.0365905761719,276100
2012-03-01 00:00:00+09:00,316.0407656043022,319.6457933488379,308.83071011523066,311.83489990234375,165200
2012-03-02 00:00:00+09:00,310.6332768366887,314.2383051945613,308.8307626577524,312.435791015625,144000
2012-03-05 00:00:00+09:00,312.4358040117039,319.0450229427207,312.4358040117039,316.04083251953125,205100
2012-03-06 00:00:00+09:00,317.2424453563904,321.4483111092214,316.04076942701016,320.84747314453125,213200
2012-03-07 00:00:00+09:00,317.8433735245606,332.26348876953125,316.64169725414644,332.26348876953125,355000
2012-03-08 00:00:00+09:00,332.26346321105956,337.6710060119629,332.26346321105956,336.4693298339844,231700
2012-03-09 00:00:00+09:00,339.47346553497584,342.47765549546233,337.07011356658666,338.27178955078125,271500
2012-03-12 00:00:00+09:00,342.4777011027378,342.4777011027378,339.4735107421875,339.4735107421875,114100
2012-03-13 00:00:00+09:00,339.47354294612023,343.0785717207693,337.0701904296875,337.0701904296875,172000
2012-03-14 00:00:00+09:00,344.28024128032934,350.88946057192373,343.078565045494,346.68359375,269400
2012-03-15 00:00:00+09:00,346.08263830236484,357.4985586630331,346.08263830236484,355.696044921875,193600
2012-03-16 00:00:00+09:00,358.7001880684284,362.30521508419156,353.2926475447838,356.8976745605469,296100
2012-03-19 00:00:00+09:00,355.6961126247374,360.502816849396,355.0952745966551,357.4986267089844,193000
2012-03-21 00:00:00+09:00,354.4945268302128,356.8978795544855,346.6836304763268,348.48614501953125,443200
2012-03-22 00:00:00+09:00,347.28436279296875,353.2927427720859,343.6793348054985,347.28436279296875,215700
2012-03-23 00:00:00+09:00,347.28436951629055,352.0910735926406,345.4818554876593,349.0868835449219,193600
2012-03-26 00:00:00+09:00,351.49029868934144,352.0911368067591,346.68359375,346.68359375,145500
2012-03-27 00:00:00+09:00,352.0910486753295,354.4944005434205,350.88937274128403,353.292724609375,193300
2012-03-28 00:00:00+09:00,356.3595489606465,358.1996154785156,355.1328379487338,358.1996154785156,253000
2012-03-29 00:00:00+09:00,355.1328575014024,356.35956858085456,346.54587994523723,350.22601318359375,197000
2012-03-30 00:00:00+09:00,349.61258785234514,355.7461420251933,349.61258785234514,352.0660095214844,129400
2012-04-02 00:00:00+09:00,353.29285832597174,354.5195696396036,344.70587913054885,347.1593017578125,174700
2012-04-03 00:00:00+09:00,344.705802452607,348.3859355748768,339.1856027692022,342.25238037109375,126600
2012-04-04 00:00:00+09:00,341.0256396395758,350.83932711121827,334.89208496979927,337.9588623046875,180600
2012-04-05 00:00:00+09:00,334.27879374885214,342.86577193689607,333.0520825791316,339.1856384277344,125600
2012-04-06 00:00:00+09:00,333.05201093885637,337.95885456226495,328.1451673154478,331.2119445800781,107800
2012-04-09 00:00:00+09:00,325.6917633742429,329.9852517803064,325.6917633742429,327.5318298339844,104100
2012-04-10 00:00:00+09:00,326.30511886082337,332.43867372662834,318.94485302185745,327.5318298339844,187700
2012-04-11 00:00:00+09:00,325.0783514932594,335.5053929562507,322.0115745923796,333.0519714355469,180800
2012-04-12 00:00:00+09:00,339.1856027692022,343.47909141185033,333.6654030857975,342.25238037109375,157100
2012-04-13 00:00:00+09:00,349.61269710374916,352.06611953956497,336.7322293157163,338.5722961425781,105800
2012-04-16 00:00:00+09:00,333.052011572174,336.11878884263604,326.30510157715764,326.91845703125,79100
2012-04-17 00:00:00+09:00,329.37195058969354,336.11886205428686,326.305172651242,334.89215087890625,94100
2012-04-18 00:00:00+09:00,337.95883682619,337.95883682619,330.59857177734375,330.59857177734375,181500
2012-04-19 00:00:00+09:00,333.0519714355469,335.5053929562507,329.3718391544911,333.0519714355469,123500
2012-04-20 00:00:00+09:00,332.4387455858304,336.73223491996475,330.5986787283443,335.5055236816406,52600
2012-04-23 00:00:00+09:00,333.0520683203488,339.7989794649599,327.5318682929397,329.98529052734375,142400
2012-04-24 00:00:00+09:00,326.30507962530555,330.59856751511217,323.2383025611579,329.3718566894531,85900
2012-04-25 00:00:00+09:00,334.89215087890625,335.50550646659656,329.37195058969354,334.89215087890625,79100
2012-04-26 00:00:00+09:00,336.1188461133538,336.73220167195484,328.7585794101417,329.98529052734375,53900
2012-04-27 00:00:00+09:00,329.3719282638868,332.438705994463,322.01166171050386,323.2383728027344,99200
2012-05-01 00:00:00+09:00,321.3983248016885,325.07845829178416,318.94490247495804,319.5582580566406,76400
2012-05-02 00:00:00+09:00,320.1716929290254,328.7586731991525,317.71826999470335,325.69189453125,76500
2012-05-07 00:00:00+09:00,316.4914418558087,322.6249969305337,314.03801982591875,317.10479736328125,98800
2012-05-08 00:00:00+09:00,316.49142868454396,320.78491705817146,315.87807320259714,317.7181396484375,78800
2012-05-09 00:00:00+09:00,315.87806075811386,319.55819350481033,312.81128346920013,314.0379943847656,73600
2012-05-10 00:00:00+09:00,312.8112841313428,314.651350508586,309.13115137685645,309.7445068359375,80100
2012-05-11 00:00:00+09:00,308.5178285431716,310.3578951149997,301.1575622558594,301.1575622558594,80100
2012-05-14 00:00:00+09:00,303.6109696573286,304.837680645843,283.9835938410972,287.6637268066406,142300
2012-05-15 00:00:00+09:00,285.21027824369935,293.79725436286446,280.3034347470335,293.18389892578125,149100
2012-05-16 00:00:00+09:00,291.34385647981065,291.9572119671366,279.6901022206182,282.1435241699219,97800
2012-05-17 00:00:00+09:00,283.37023265941724,295.6373422983531,283.37023265941724,295.02398681640625,80000
2012-05-18 00:00:00+09:00,287.66370102454874,287.66370102454874,277.8500139959927,284.596923828125,148100
2012-05-21 00:00:00+09:00,280.303466796875,284.5969553473742,279.0767557824467,280.303466796875,72500
2012-05-22 00:00:00+09:00,280.3034748731104,284.5969635473156,279.0767638233375,282.75689697265625,80900
2012-05-23 00:00:00+09:00,282.7568755170664,286.4370083871367,279.07674264699614,280.91680908203125,115300
2012-05-24 00:00:00+09:00,278.46343994140625,280.9168623197446,276.01001756306783,278.46343994140625,89500
2012-05-25 00:00:00+09:00,278.4633442053634,278.4633442053634,271.10307960081633,272.9431457519531,77900
2012-05-28 00:00:00+09:00,271.1031855882169,273.5566080822279,266.80969622369764,268.0364074707031,53800
2012-05-29 00:00:00+09:00,268.0363448115516,276.6233215332031,264.96956741096176,276.6233215332031,80400
2012-05-30 00:00:00+09:00,277.2366770133211,277.2366770133211,270.48976673202344,276.6233215332031,70500
2012-05-31 00:00:00+09:00,272.32983721802566,277.85003662109375,270.48977075033633,277.85003662109375,66400
2012-06-01 00:00:00+09:00,274.16991480556106,274.78327031966745,264.969582093965,267.4230041503906,80700
2012-06-04 00:00:00+09:00,263.7428283691406,266.80960544320044,259.44934046545694,263.7428283691406,99800
2012-06-05 00:00:00+09:00,265.5829455982555,270.48978985873134,263.74287900057703,269.8764343261719,75600
2012-06-06 00:00:00+09:00,272.3298431188882,272.9431986214082,266.80964359620805,270.4897766113281,83900
2012-06-07 00:00:00+09:00,270.4897766113281,270.4897766113281,270.4897766113281,270.4897766113281,70300
2012-06-08 00:00:00+09:00,276.01001756306783,278.46343994140625,271.7165284009757,278.46343994140625,194000
2012-06-11 00:00:00+09:00,283.3702524975427,287.05038564686146,282.1435414477698,282.75689697265625,82400
2012-06-12 00:00:00+09:00,282.14347610146194,287.66367454692534,277.2366330388278,285.8236083984375,109600
2012-06-13 00:00:00+09:00,286.4370218690167,286.4370218690167,277.85004476801834,280.303466796875,121500
2012-06-14 00:00:00+09:00,280.30343575313174,286.4369901459792,279.0767248745622,284.596923828125,94700
2012-06-15 00:00:00+09:00,285.2102966308594,285.82365210748486,280.3034528178554,285.2102966308594,109600
2012-06-18 00:00:00+09:00,290.1171437838912,293.1839212023256,287.05036636545685,290.7304992675781,129200
2012-06-19 00:00:00+09:00,290.7304867475461,301.15752952119226,285.8236430893597,287.05035400390625,257200
2012-06-20 00:00:00+09:00,291.34381084521283,295.6372985839844,290.11710006270664,295.6372985839844,80100
2012-06-21 00:00:00+09:00,300.5441819352248,300.5441819352248,291.34384983516685,293.7972717285156,115400
2012-06-22 00:00:00+09:00,290.7304943618297,299.3174709885504,290.7304943618297,293.7972717285156,79400
2012-06-25 00:00:00+09:00,298.7040801298194,298.7040801298194,291.95717072236965,292.5705261230469,85200
2012-06-26 00:00:00+09:00,291.9572194093352,293.1839304152568,286.4370198826881,288.89044189453125,115600
2012-06-27 00:00:00+09:00,289.50374911966065,292.5705261230469,286.43697211627443,292.5705261230469,77800
2012-06-28 00:00:00+09:00,293.1839716887671,298.7041719925305,292.57061609946004,296.8641052246094,85100
2012-06-29 00:00:00+09:00,298.70418571518036,309.13123121242484,295.6374076277555,306.064453125,156800
2012-07-02 00:00:00+09:00,310.35782292884164,314.6513105978177,305.45097987858327,311.58453369140625,130100
2012-07-03 00:00:00+09:00,313.42464379304965,316.49142112957657,310.35786645652274,310.9712219238281,87400
2012-07-04 00:00:00+09:00,314.6514095240246,320.7849652652336,310.9712760792991,318.33154296875,108800
2012-07-05 00:00:00+09:00,316.4914418558087,322.01164142306123,315.26473084086376,317.10479736328125,63100
2012-07-06 00:00:00+09:00,317.1047498182135,319.55817148025,310.35784024761324,312.1979064941406,82400
2012-07-09 00:00:00+09:00,310.97111359534904,318.33137663902596,309.13104783442986,314.6512451171875,74700
2012-07-10 00:00:00+09:00,310.35782292884164,317.7180875042292,310.35782292884164,311.58453369140625,95300
2012-07-11 00:00:00+09:00,309.131129416595,314.03797274066795,309.131129416595,312.1979064941406,69000
2012-07-12 00:00:00+09:00,314.0379552165354,315.8780213603823,304.22426911601866,311.58453369140625,155200
2012-07-13 00:00:00+09:00,304.22437304687503,312.1979957275391,304.22437304687503,306.67779541015625,64300
2012-07-17 00:00:00+09:00,309.1312177734375,311.58464013671875,304.22437304687503,306.67779541015625,97000
2012-07-18 00:00:00+09:00,306.6777366685967,306.6777366685967,288.8904279418181,293.7972717285156,72600
2012-07-19 00:00:00+09:00,294.41060510481367,299.3174485232272,293.18389425021024,296.25067138671875,50900
2012-07-20 00:00:00+09:00,296.2506585271104,298.0907247291421,289.50374911966065,292.5705261230469,59400
2012-07-23 00:00:00+09:00,288.89043827286315,290.11714926340613,281.53017232960553,285.5897216796875,59000
2012-07-24 00:00:00+09:00,282.1435241699219,283.3702351445737,278.46339124596636,282.1435241699219,77800
2012-07-25 00:00:00+09:00,284.59694700262145,284.59694700262145,274.7832591749448,277.85003662109375,96600
2012-07-26 00:00:00+09:00,279.6900885166266,287.66370946117956,277.8500221448067,287.05035400390625,58500
2012-07-27 00:00:00+09:00,291.9572224934896,294.41064453125,289.50380045572916,294.41064453125,52700
2012-07-30 00:00:00+09:00,298.0907897949219,298.70414532947933,293.7973010530197,298.0907897949219,37600
2012-07-31 00:00:00+09:00,295.02403845668823,302.9976611176798,294.4106828673812,296.8641052246094,59000
2012-08-01 00:00:00+09:00,292.57058832696146,294.4106549202128,285.8236774850399,288.277099609375,126600
2012-08-02 00:00:00+09:00,289.5037699327173,304.22430060726225,286.4369927088538,298.6239318847656,97200
2012-08-03 00:00:00+09:00,295.63736765669205,301.1575674677091,293.7973010530197,298.0907897949219,72500
2012-08-06 00:00:00+09:00,302.9976328758874,309.7445437293991,299.93085521520027,302.38427734375,103900
2012-08-07 00:00:00+09:00,308.5178000546066,328.75853047568415,306.06437818538507,310.9712219238281,232700
2012-08-08 00:00:00+09:00,324.4650851578338,333.66541838537165,324.4650851578338,330.3824462890625,287200
2012-08-09 00:00:00+09:00,331.82530835095577,336.73215209736543,330.5985974143533,333.6653747558594,209400
2012-08-10 00:00:00+09:00,333.66534888102973,334.2787043017669,329.9852163566066,330.59857177734375,141400
2012-08-13 00:00:00+09:00,333.6654381639919,339.7989940125947,329.9853046548302,339.1856384277344,176600
2012-08-14 00:00:00+09:00,338.57226959118344,347.77260300398734,338.57226959118344,339.7989807128906,276700
2012-08-15 00:00:00+09:00,346.5458205272736,347.7725313963967,339.18555531253503,341.63897705078125,172700
2012-08-16 00:00:00+09:00,340.412334911326,346.54589049531387,337.9589126777309,344.09246826171875,143000
2012-08-17 00:00:00+09:00,341.6390607671755,345.31919427633716,338.57228284287413,339.1856384277344,158900
2012-08-20 00:00:00+09:00,339.18556839099034,344.0924120566828,338.5722129327788,341.025634765625,118200
2012-08-21 00:00:00+09:00,341.02562113011135,348.38588633435836,341.02562113011135,345.9324645996094,149300
2012-08-22 00:00:00+09:00,342.2524354924232,344.70585796907136,333.6654568241545,335.5055236816406,116100
2012-08-23 00:00:00+09:00,334.89209396473683,339.798937832352,334.2787384812849,336.1188049316406,120400
2012-08-24 00:00:00+09:00,338.5722899939349,338.5722899939349,329.9853116245235,331.82537841796875,138400
2012-08-27 00:00:00+09:00,334.8921564070443,337.3455787983047,331.21202282015366,331.82537841796875,117600
2012-08-28 00:00:00+09:00,331.82530066398925,333.66536702626644,325.0783906689728,326.91845703125,116300
2012-08-29 00:00:00+09:00,323.8516761838025,325.07838707843814,321.39825439453125,321.39825439453125,115100
2012-08-30 00:00:00+09:00,322.6249171415661,324.46498320891345,318.9447850068714,320.78485107421875,88300
2012-08-31 00:00:00+09:00,318.33137663902596,319.55808714630547,314.6512451171875,314.6512451171875,47300
2012-09-03 00:00:00+09:00,311.5845766772556,322.01161959755746,307.90444388185495,315.26470947265625,91600
2012-09-04 00:00:00+09:00,314.6513639177595,315.2647194029793,308.51780906556144,309.13116455078125,89200
2012-09-05 00:00:00+09:00,308.51788906112733,309.7446003496408,305.45111083984375,305.45111083984375,56900
2012-09-06 00:00:00+09:00,306.67776606871195,308.5178326651242,301.77092181161254,302.38427734375,68100
2012-09-07 00:00:00+09:00,309.74452089735684,310.97123187120775,304.22432151502767,304.8376770019531,123800
2012-09-10 00:00:00+09:00,307.9044445873012,310.9712219238281,305.4510227180797,310.9712219238281,51400
2012-09-11 00:00:00+09:00,310.97133659226284,310.97133659226284,306.06449104445596,308.5179138183594,59500
2012-09-12 00:00:00+09:00,309.7444030880696,320.1714423999452,309.7444030880696,314.6512451171875,65800
2012-09-13 00:00:00+09:00,314.65132815617704,318.33146064923176,310.9711956631224,312.1979064941406,68600
2012-09-14 00:00:00+09:00,317.1046661317465,318.33137663902596,314.0378898635478,314.6512451171875,106900
2012-09-18 00:00:00+09:00,317.1048434593564,325.69182181222095,317.1048434593564,322.0116882324219,72600
2012-09-19 00:00:00+09:00,325.07833856469585,326.91840463204323,317.7180742953065,320.78485107421875,91900
2012-09-20 00:00:00+09:00,320.7849491365735,320.7849491365735,312.8113270739054,313.4246826171875,138500
2012-09-21 00:00:00+09:00,311.58457255363464,317.10477167367935,311.58457255363464,314.0379943847656,60600
2012-09-24 00:00:00+09:00,321.3983061643886,323.2383728027344,317.71817288769716,323.2383728027344,71700
2012-09-25 00:00:00+09:00,324.465039347711,328.1451721191406,320.7849065762814,328.1451721191406,117400
2012-09-26 00:00:00+09:00,328.1452215990974,328.1452215990974,318.1446053217916,321.89483642578125,62300
2012-09-27 00:00:00+09:00,322.5198510365136,326.8951203335206,320.64473562351066,323.7699279785156,70600
2012-09-28 00:00:00+09:00,326.2700858738111,326.2700858738111,315.64443173615825,316.26947021484375,47200
2012-10-01 00:00:00+09:00,312.5191850271838,322.51979894805373,311.2691082870751,320.6446838378906,108400
2012-10-02 00:00:00+09:00,316.26948916527533,319.3946817459599,309.39406548776935,310.01910400390625,80700
2012-10-03 00:00:00+09:00,308.7690690371535,311.8942620436024,304.393798828125,304.393798828125,58900
2012-10-04 00:00:00+09:00,305.64376738202014,317.5194965850025,301.89353710739414,308.1439208984375,58300
2012-10-05 00:00:00+09:00,308.76903192660444,315.0194171882766,308.14399340043724,314.3943786621094,48700
2012-10-09 00:00:00+09:00,310.0190826155182,311.89419803456366,291.2679284250634,292.51800537109375,193100
2012-10-10 00:00:00+09:00,284.39251708984375,291.2679405799279,281.8923630934495,284.39251708984375,126400
2012-10-11 00:00:00+09:00,285.6425936391663,301.89359459019107,285.6425936391663,298.7684020996094,172700
2012-10-12 00:00:00+09:00,297.5182958675336,301.8935649244091,295.6431805574441,296.2682189941406,100200
2012-10-15 00:00:00+09:00,293.7680652473546,300.0184496143196,292.5179883739616,296.2682189941406,58500
2012-10-16 00:00:00+09:00,298.76837044237067,302.5186010336975,296.89325514670725,301.2685241699219,54800
2012-10-17 00:00:00+09:00,305.6438438275681,308.1439979693069,299.3934584732211,306.8939208984375,77300
2012-10-18 00:00:00+09:00,312.5192500216141,314.39436552174374,308.7690190213547,310.6441345214844,89900
2012-10-19 00:00:00+09:00,310.64413312047776,315.0194026010479,308.7690176288049,313.144287109375,50500
2012-10-22 00:00:00+09:00,311.26916238536006,318.76962412958557,310.64412390667457,316.26947021484375,44400
2012-10-23 00:00:00+09:00,318.7696350220464,318.7696350220464,310.6441345214844,310.6441345214844,44200
2012-10-24 00:00:00+09:00,310.0190587835273,314.3943277582948,306.89386665869336,308.76898193359375,73600
2012-10-25 00:00:00+09:00,307.5189499393586,312.5192580684539,306.2688729070848,310.01910400390625,77100
2012-10-26 00:00:00+09:00,311.26919397604894,318.7696564814959,310.64415543392835,313.76934814453125,86900
2012-10-29 00:00:00+09:00,317.5195537934369,318.76963077687566,314.3943613348401,318.14459228515625,72500
2012-10-30 00:00:00+09:00,318.1446275341418,326.27012882676235,315.6444732902586,322.5198974609375,232200
2012-10-31 00:00:00+09:00,320.01974321705427,325.02005170482073,319.39470465608343,322.5198974609375,120300
2012-11-01 00:00:00+09:00,324.39494941070785,327.5201416015625,321.26975721985326,327.5201416015625,82800
2012-11-02 00:00:00+09:00,329.39530069603114,331.2704162597656,326.89514661105176,331.2704162597656,69900
2012-11-05 00:00:00+09:00,326.8951190349242,328.1451959719603,324.39496516085217,326.27008056640625,45400
2012-11-06 00:00:00+09:00,323.1449423846941,329.3953281174735,321.2698266648603,324.39501953125,66700
2012-11-07 00:00:00+09:00,330.64537566842387,331.27041418575544,320.64475939111804,321.89483642578125,83600
2012-11-08 00:00:00+09:00,317.51953919540495,320.64473151032036,314.39434688048954,316.8945007324219,95400
2012-11-09 00:00:00+09:00,314.3943390132874,318.76960814468504,314.3943390132874,317.51953125,53200
2012-11-12 00:00:00+09:00,311.26911279395915,314.39430468948086,308.1439208984375,308.1439208984375,71700
2012-11-13 00:00:00+09:00,305.6438760307046,306.89395323328415,298.76845141651694,304.393798828125,70500
2012-11-14 00:00:00+09:00,301.2685413520877,301.2685413520877,296.2682336118041,297.518310546875,74000
2012-11-15 00:00:00+09:00,301.8935747844417,308.14395935554813,300.0184594131098,307.5189208984375,112400
2012-11-16 00:00:00+09:00,311.89422942516853,318.7696533203125,311.89422942516853,318.7696533203125,89000
2012-11-19 00:00:00+09:00,321.269722207945,323.1448373181081,319.3946070977819,320.6446838378906,58600
2012-11-20 00:00:00+09:00,321.8948686752767,322.5199072552287,318.14463719556477,319.39471435546875,68000
2012-11-21 00:00:00+09:00,323.7699519777761,325.02002901243935,317.51956680445994,321.89483642578125,75600
2012-11-22 00:00:00+09:00,325.02005810452795,325.6450966778059,321.2698266648603,324.39501953125,68900
2012-11-26 00:00:00+09:00,327.5201336960566,331.27036423456104,326.2700568498884,328.1451721191406,75500
2012-11-27 00:00:00+09:00,328.77021965613733,330.02029653695917,323.1448736924392,325.0199890136719,87800
2012-11-28 00:00:00+09:00,326.8950755596161,326.8950755596161,319.39461493492126,320.0196533203125,59500
2012-11-29 00:00:00+09:00,321.8947900886462,325.6450206527858,320.644713233933,323.1448669433594,53500
2012-11-30 00:00:00+09:00,323.7699279785156,326.8951203335206,320.01969715250965,323.7699279785156,78900
2012-12-03 00:00:00+09:00,323.76990537071595,326.27005908014235,321.8947900886462,323.1448669433594,49800
2012-12-04 00:00:00+09:00,324.39501953125,325.02005810452795,321.2698266648603,324.39501953125,81600
2012-12-05 00:00:00+09:00,322.51982631138395,331.27036423456104,322.51982631138395,328.1451721191406,122600
2012-12-06 00:00:00+09:00,331.27039873536035,351.27163035711794,330.02032175900047,349.3965148925781,296200
2012-12-07 00:00:00+09:00,350.021542831206,355.64688905527896,347.52138895384024,355.0218505859375,193900
2012-12-10 00:00:00+09:00,355.02177543232875,355.02177543232875,349.39643039907,351.27154541015625,103100
2012-12-11 00:00:00+09:00,345.02125767299106,348.14645022437685,340.0209495907738,341.2710266113281,125200
2012-12-12 00:00:00+09:00,341.2710266113281,345.02125767299106,340.645988101051,341.2710266113281,51700
2012-12-13 00:00:00+09:00,341.27101725112726,345.6462867030648,341.27101725112726,344.3962097167969,73400
2012-12-14 00:00:00+09:00,347.5213928222656,349.39650825116274,345.02123891706947,347.5213928222656,153100
2012-12-17 00:00:00+09:00,347.5214218139649,352.52173004150393,346.2713447570801,350.0215759277344,48000
2012-12-18 00:00:00+09:00,348.7714697748637,353.146739108957,347.5213928222656,347.5213928222656,101300
2012-12-19 00:00:00+09:00,351.2716484870111,359.39714925272483,349.3965329256925,357.52203369140625,151200
2012-12-20 00:00:00+09:00,357.5220386459008,364.39746246601425,356.27196158769834,361.8973083496094,101000
2012-12-21 00:00:00+09:00,361.2723138492436,364.3975068756211,348.1465031384579,353.7718505859375,146000
2012-12-25 00:00:00+09:00,361.89727374869335,362.52231221803476,353.77177364725463,355.0218505859375,79900
2012-12-26 00:00:00+09:00,359.3971769227488,360.64725405987144,350.0215983943293,350.6466369628906,101600
2012-12-27 00:00:00+09:00,351.2716768052843,361.2722939385308,350.6466382344564,360.022216796875,141000
2012-12-28 00:00:00+09:00,362.5223468787106,363.772423936913,360.0221927623057,361.8973083496094,75900
2013-01-04 00:00:00+09:00,371.8978565961172,375.0230486683535,370.0227413527754,374.39801025390625,121700
2013-01-07 00:00:00+09:00,382.5235638427734,383.14860234578447,373.7730248006185,375.0231018066406,130400
2013-01-08 00:00:00+09:00,377.5232023261425,380.6483943983788,370.6477797672227,374.39801025390625,102300
2013-01-09 00:00:00+09:00,372.52286294500357,381.89843835469327,371.89782458435764,379.3982849121094,89600
2013-01-10 00:00:00+09:00,376.2731087172327,381.89845419639397,375.6480703306592,378.1482238769531,89900
2013-01-11 00:00:00+09:00,383.1485595703125,383.77359800354304,379.39832897092936,383.1485595703125,117800
2013-01-15 00:00:00+09:00,385.6487121582032,387.52382745232734,381.2734431385801,385.6487121582031,162700
2013-01-16 00:00:00+09:00,385.02363015792315,386.8987452398611,375.6480547482335,379.3982849121094,92900
2013-01-17 00:00:00+09:00,380.02333298494983,382.52348649142976,368.1476038291702,373.77294921875,144300
2013-01-18 00:00:00+09:00,380.0233517530488,384.39862060546875,379.3983133455602,384.39862060546875,79400
2013-01-21 00:00:00+09:00,385.64875065196645,390.0240201083097,382.5235581831499,385.0237121582031,76600
2013-01-22 00:00:00+09:00,386.2737068792151,386.8987452398611,374.39797802694153,379.3982849121094,94400
2013-01-23 00:00:00+09:00,376.2731165601718,377.523193359375,374.39800136136694,377.523193359375,81600
2013-01-24 00:00:00+09:00,377.5231465324027,381.8984147869173,375.02299324410865,381.27337646484375,72900
2013-01-25 00:00:00+09:00,393.77427443018496,398.7745826769175,390.64908177597715,397.5245056152344,291600
2013-01-28 00:00:00+09:00,401.899715982425,403.14979285950875,391.2740625272131,392.5241394042969,107800
2013-01-29 00:00:00+09:00,392.5242100894738,397.5245184982569,388.77397878288645,389.3990173339844,75100
2013-01-30 00:00:00+09:00,390.0239603142989,391.8990755081177,376.89815395756773,380.0233459472656,225400
2013-01-31 00:00:00+09:00,381.2734431385801,388.7739043150768,381.2734431385801,385.6487121582031,151100
2013-02-01 00:00:00+09:00,386.27375501887815,393.77421628138063,386.27375501887815,392.5241394042969,108100
2013-02-04 00:00:00+09:00,395.649277144491,399.39950725960466,393.14912373441524,394.3992004394531,107400
2013-02-05 00:00:00+09:00,388.7739837196962,393.1492536329404,381.8985595703125,381.8985595703125,78200
2013-02-06 00:00:00+09:00,388.14882293988165,400.0245518221003,386.27370785321557,398.77447509765625,122800
2013-02-07 00:00:00+09:00,392.5241405780499,397.52444810133716,388.1488714951736,390.02398681640625,134800
2013-02-08 00:00:00+09:00,390.02403041294644,396.274415515718,386.27379935128346,393.7742614746094,89900
2013-02-12 00:00:00+09:00,398.1495310465495,405.0249546595982,393.14922296433224,393.7742614746094,115500
2013-02-13 00:00:00+09:00,396.27433317371805,398.14944831491863,385.6486807069149,388.1488342285156,109500
2013-02-14 00:00:00+09:00,388.7739054693872,391.8990976355399,382.52352113708196,383.1485595703125,127300
2013-02-15 00:00:00+09:00,381.8984621565863,381.8984621565863,368.7726557649524,377.523193359375,129400
2013-02-18 00:00:00+09:00,380.6484427018599,388.1489046270197,380.0234042080966,385.0237121582031,100500
2013-02-19 00:00:00+09:00,387.5238969457431,400.0246678149606,386.8988584022822,396.89947509765625,134700
2013-02-20 00:00:00+09:00,396.2743216487681,402.5247052709884,395.024244924324,398.77447509765625,229700
2013-02-21 00:00:00+09:00,401.27473680028373,402.5248138619669,393.77427443018496,397.5245056152344,137700
2013-02-22 00:00:00+09:00,391.2741074335007,395.0243384951637,385.0237223307292,393.7742614746094,116600
2013-02-25 00:00:00+09:00,398.14958728065375,405.02501186477804,398.14958728065375,401.2747802734375,142200
2013-02-26 00:00:00+09:00,395.02425270739303,400.02455970368914,391.89906083470794,398.1494445800781,117800
2013-02-27 00:00:00+09:00,398.14953914090444,400.0246547098569,391.27411538807877,393.14923095703125,66700
2013-02-28 00:00:00+09:00,394.39923238266994,428.15130615234375,394.39923238266994,428.15130615234375,398400
2013-03-01 00:00:00+09:00,423.7761019158328,423.7761019158328,414.40052443981875,420.6509094238281,163200
2013-03-04 00:00:00+09:00,423.1510989929291,426.2762917476775,413.1504821777344,413.1504821777344,178300
2013-03-05 00:00:00+09:00,420.65090145484635,425.65120934732596,419.40082448172643,421.27593994140625,136700
2013-03-06 00:00:00+09:00,425.0261241303393,426.27620096601675,418.77573995195195,422.5259704589844,100700
2013-03-07 00:00:00+09:00,425.65120398479957,428.15135789954144,416.27562680451763,416.9006652832031,163000
2013-03-08 00:00:00+09:00,418.15070153411324,424.40108571250056,417.5256631162745,422.5259704589844,206800
2013-03-11 00:00:00+09:00,424.4010292417579,437.5268342698535,424.4010292417579,431.9014892578125,148000
2013-03-12 00:00:00+09:00,432.5266107807245,432.5266107807245,417.525687863474,418.1507263183594,215900
2013-03-13 00:00:00+09:00,418.7757647732449,423.1510339574429,416.2756109537031,418.1507263183594,80600
2013-03-14 00:00:00+09:00,417.5257169318234,422.5260249190309,413.1504474430169,420.6509094238281,183800
2013-03-15 00:00:00+09:00,426.2762321068323,436.9018859863281,425.65119364333253,436.9018859863281,191400
2013-03-18 00:00:00+09:00,437.5269041199615,437.5269041199615,429.40140447201935,431.2765197753906,157800
2013-03-19 00:00:00+09:00,432.5266390555246,438.7770240129744,431.9016005597796,437.5269470214844,129500
2013-03-21 00:00:00+09:00,438.7770198864883,451.27778968382415,438.7770198864883,445.02740478515625,256600
2013-03-22 00:00:00+09:00,445.0273398969916,446.27741669445504,435.6517639160156,435.6517639160156,168400
2013-03-25 00:00:00+09:00,441.90212490914877,441.90212490914877,431.27647268361056,435.0267028808594,127000
2013-03-26 00:00:00+09:00,435.6518169938664,437.52693241851716,430.65150919479765,436.27685546875,123000
2013-03-27 00:00:00+09:00,439.46121370395605,442.6457152525354,436.9136124650925,440.0981140136719,67500
2013-03-28 00:00:00+09:00,440.7351474134366,445.8303514297769,435.6399433970963,445.1934509277344,157600
2013-03-29 00:00:00+09:00,448.3779534379471,452.83625695224487,443.9196499236493,445.1934509277344,144100
2013-04-01 00:00:00+09:00,449.01478672465726,449.01478672465726,415.8959655761719,415.8959655761719,218900
2013-04-02 00:00:00+09:00,415.8960969553054,415.8960969553054,399.33668115004053,405.06878662109375,179600
2013-04-03 00:00:00+09:00,407.6164110282875,417.16992066176294,402.52120589043386,416.53302001953125,138800
2013-04-04 00:00:00+09:00,417.16987154542795,438.18759026451056,411.4377664402236,437.5506896972656,149000
2013-04-05 00:00:00+09:00,450.28870104216423,455.3839055801236,434.366186861041,437.5506896972656,210900
2013-04-08 00:00:00+09:00,445.8303387245436,454.74694549903444,436.2768314661605,453.47314453125,197100
2013-04-09 00:00:00+09:00,450.9255702918684,457.29457552197954,439.46136087766837,452.1993713378906,116300
2013-04-10 00:00:00+09:00,449.0148580176199,456.0207636037104,441.37205192370294,447.1041564941406,111700
2013-04-11 00:00:00+09:00,452.83626548012535,464.30047473278677,452.83626548012535,463.66357421875,186800
2013-04-12 00:00:00+09:00,459.20534410663686,464.9374496502703,454.11013917896264,454.7470397949219,103100
2013-04-15 00:00:00+09:00,449.6517475578902,452.1993495270567,436.276837219766,442.0089416503906,158800
2013-04-16 00:00:00+09:00,433.0923996198071,440.09830608424517,426.7233937430453,429.27099609375,230200
2013-04-17 00:00:00+09:00,433.09242120668205,456.65774412528094,433.09242120668205,456.0208435058594,195900
2013-04-18 00:00:00+09:00,455.38386719615744,456.6576682232796,446.46726000630264,449.0148620605469,235700
2013-04-19 00:00:00+09:00,449.0148411440046,457.29454743460326,443.2827367889748,453.47314453125,122700
2013-04-22 00:00:00+09:00,461.1159390536221,468.75874467329544,456.6576357754794,462.3897399902344,100300
2013-04-23 00:00:00+09:00,461.1159390536221,473.2170479514382,459.84213811700994,462.3897399902344,200700
2013-04-24 00:00:00+09:00,466.8481531916438,473.21715937434016,466.8481531916438,471.30645751953125,99300
2013-04-25 00:00:00+09:00,473.21726880754744,482.77078029087613,471.94346727643693,481.4969787597656,134100
2013-04-26 00:00:00+09:00,483.40742204337283,483.40742204337283,459.84210634428877,461.7528076171875,96900
2013-04-30 00:00:00+09:00,468.1218936465202,491.0503129271661,468.1218936465202,485.9551086425781,213400
2013-05-01 00:00:00+09:00,486.5921184458631,487.2290191244571,472.5803035167937,478.9493103027344,145100
2013-05-02 00:00:00+09:00,478.94937569754467,483.4076810564314,475.7648718697684,481.4969787597656,92800
2013-05-07 00:00:00+09:00,490.41352838392,505.69914485302917,490.41352838392,498.6932373046875,174300
2013-05-08 00:00:00+09:00,508.2466540727459,554.1034950417154,508.2466540727459,543.9130859375,406900
2013-05-09 00:00:00+09:00,553.4666389828636,564.9308501470657,534.3596203758603,534.9965209960938,228600
2013-05-10 00:00:00+09:00,544.549897700073,560.4724093287301,541.3653953743416,559.1986083984375,309400
2013-05-13 00:00:00+09:00,560.4723938058679,563.6568960434013,549.6450861982546,552.1926879882812,244400
2013-05-14 00:00:00+09:00,561.7461874977341,563.0199883764138,546.4605769535781,549.0081787109375,271700
2013-05-15 00:00:00+09:00,558.5618042845826,560.4725060096154,539.4547870342548,546.460693359375,324000
2013-05-16 00:00:00+09:00,536.9072178744814,545.8238264750065,518.4371000591077,532.4489135742188,218900
2013-05-17 00:00:00+09:00,534.359577402298,551.5558927656616,532.4488756952576,543.9130859375,181600
2013-05-20 00:00:00+09:00,547.0975887825673,551.5558927656616,543.2761853684865,543.9130859375,184800
2013-05-21 00:00:00+09:00,542.6392744348404,547.0975783327793,531.1750644115692,538.81787109375,155600
2013-05-22 00:00:00+09:00,540.0916722074469,554.1034844581118,538.1809705369017,538.81787109375,159200
2013-05-23 00:00:00+09:00,542.0023374452696,557.9248502961882,520.3477199680203,521.6215209960938,400900
2013-05-24 00:00:00+09:00,519.0738707464099,541.3653866680348,513.3417666522778,527.3535766601562,242500
2013-05-27 00:00:00+09:00,510.157193065734,517.1630970903572,501.8774883093613,508.8833923339844,173700
2013-05-28 00:00:00+09:00,503.78824561804385,513.3417521721154,497.41924124866273,506.9727478027344,132100
2013-05-29 00:00:00+09:00,506.9728622998886,525.4429791424725,502.51455823443735,518.4370727539062,123400
2013-05-30 00:00:00+09:00,501.24076342551774,508.2466699028757,487.86585105965264,491.05035400390625,150100
2013-05-31 00:00:00+09:00,495.5085324442445,520.3476491091874,495.5085324442445,517.1631469726562,243400
2013-06-03 00:00:00+09:00,509.5205489703065,512.7050524013708,498.0563366184746,498.6932373046875,129400
2013-06-04 00:00:00+09:00,491.6873297563458,501.8777407357519,480.8600180907267,498.6932373046875,134400
2013-06-05 00:00:00+09:00,502.5146008300781,519.0740173339843,493.5979919433594,493.5979919433594,199200
2013-06-06 00:00:00+09:00,484.0444950441114,490.4135015578497,466.21127680564416,468.1219787597656,119500
2013-06-07 00:00:00+09:00,458.5683480660337,477.03846208536004,455.38384564890845,467.4849548339844,218700
2013-06-10 00:00:00+09:00,477.0384959345279,484.0444017493207,473.85399329144025,483.4075012207031,112800
2013-06-11 00:00:00+09:00,484.044483657207,484.68138429359806,473.21717283855895,478.3123779296875,118100
2013-06-12 00:00:00+09:00,468.12191900999653,473.21712357064956,461.1160127390986,468.7588195800781,92900
2013-06-13 00:00:00+09:00,460.47911052462416,460.47911052462416,441.3720934904074,452.8363037109375,256200
2013-06-14 00:00:00+09:00,470.6695653434606,473.2171678622344,459.84225463867193,459.8422546386719,327700
2013-06-17 00:00:00+09:00,452.19934323178325,471.30635773453463,447.10413936438283,467.4849548339844,324800
2013-06-18 00:00:00+09:00,468.12191384737605,475.7647206040679,463.6636099059725,466.2112121582031,177600
2013-06-19 00:00:00+09:00,475.7646872137011,497.4193048378856,472.58018462190927,494.23480224609375,238500
2013-06-20 00:00:00+09:00,490.41332578099536,494.23472831954854,481.49671985770453,488.50262451171875,201200
2013-06-21 00:00:00+09:00,471.3063835851925,494.23480224609375,467.4849804750423,494.23480224609375,409700
2013-06-24 00:00:00+09:00,497.4192304350096,497.4192304350096,482.7705207038889,488.50262451171875,265600
2013-06-25 00:00:00+09:00,487.2289868391623,487.2289868391623,470.0326696566037,478.3123779296875,158700
2013-06-26 00:00:00+09:00,490.4134139293923,490.4134139293923,470.0325967271318,471.94329833984375,58400
2013-06-27 00:00:00+09:00,481.4968762966017,494.8717895270629,474.49096936636016,491.6872863769531,205500
2013-06-28 00:00:00+09:00,501.2409361297009,522.2586628035003,498.69333289651314,519.7110595703125,313600
2013-07-01 00:00:00+09:00,519.0739821923055,522.8953857421875,506.9728709510125,522.8953857421875,161200
2013-07-02 00:00:00+09:00,524.1692006771381,530.5382067606998,519.0739958102886,529.9013061523438,106600
2013-07-03 00:00:00+09:00,534.9964467243976,534.9964467243976,523.5322371517319,528.62744140625,82700
2013-07-04 00:00:00+09:00,520.3477199680203,524.8060235662775,513.9787148276529,521.6215209960938,126000
2013-07-05 00:00:00+09:00,529.9011317869929,533.7225341796875,522.8952274003859,533.7225341796875,103800
2013-07-08 00:00:00+09:00,534.3596002523182,534.9965008485665,524.8060913085938,524.8060913085938,63800
2013-07-09 00:00:00+09:00,534.3595120777803,541.3654174804688,530.5381091308594,541.3654174804688,132400
2013-07-10 00:00:00+09:00,545.8237863520525,553.4665931621162,538.817880109494,543.2761840820312,98100
2013-07-11 00:00:00+09:00,543.2761749916889,546.4606777759309,529.264362741024,538.81787109375,66900
2013-07-12 00:00:00+09:00,539.4547598233787,545.8237652522262,532.4488538516465,533.0857543945312,115200
2013-07-16 00:00:00+09:00,538.1809718324555,541.3654746243635,533.7226679237843,539.4547729492188,88600
2013-07-17 00:00:00+09:00,543.2761338219549,550.9189399249601,538.1809297532848,548.371337890625,131000
2013-07-18 00:00:00+09:00,549.0082329802364,554.1034369986144,543.276128459561,545.82373046875,743100
2013-07-19 00:00:00+09:00,543.2762112005571,550.2821177928269,523.5322926223422,526.0798950195312,203900
2013-07-22 00:00:00+09:00,537.544085309222,548.3713950844078,534.9964830091783,546.460693359375,125800
2013-07-23 00:00:00+09:00,545.1867830657079,554.7402897783079,543.9129821706946,552.1926879882812,107500
2013-07-24 00:00:00+09:00,557.9248523315712,557.9248523315712,547.7344440698073,551.5558471679688,88800
2013-07-25 00:00:00+09:00,556.0142516370089,556.0142516370089,538.8179345760705,540.0917358398438,90100
2013-07-26 00:00:00+09:00,540.7285555579654,540.7285555579654,527.9905448263289,530.5381469726562,77800
2013-07-29 00:00:00+09:00,520.9847406714854,522.2585419934205,503.78842282536056,504.4253234863281,128000
2013-07-30 00:00:00+09:00,498.0562096058239,531.1750368430397,496.14550803444604,525.4429321289062,135500
2013-07-31 00:00:00+09:00,519.7109837134185,534.9966008814602,509.5205722680573,511.4312744140625,172300
2013-08-01 00:00:00+09:00,513.9787342977181,531.8119493662882,496.14551922914796,531.175048828125,168500
2013-08-02 00:00:00+09:00,541.3653692349844,549.6450748821077,533.7225640222551,547.0974731445312,168000
2013-08-05 00:00:00+09:00,544.5499199362363,549.0082233743107,536.9071140423944,541.3654174804688,68700
2013-08-06 00:00:00+09:00,544.5498756355586,553.4664817863163,538.1808712421603,549.0081787109375,99600
2013-08-07 00:00:00+09:00,535.6331458859328,536.270046178306,520.9844391613472,522.2582397460938,91600
2013-08-08 00:00:00+09:00,520.9845721111205,547.7343912170705,520.9845721111205,527.3535766601562,178300
2013-08-09 00:00:00+09:00,535.6333785403249,554.1034950417154,529.2643728501903,543.9130859375,267900
2013-08-12 00:00:00+09:00,543.9131589818884,554.7404701091625,541.3655563637062,550.2821655273438,146100
2013-08-13 00:00:00+09:00,552.8297293526786,563.0201391103316,549.0083256935586,561.746337890625,176200
2013-08-14 00:00:00+09:00,562.3831313454691,573.2104396499685,559.1986289029693,568.7521362304688,143900
2013-08-15 00:00:00+09:00,568.1153439891582,568.1153439891582,557.9249342315051,561.746337890625,118500
2013-08-16 00:00:00+09:00,554.7404149519698,561.1094208641623,552.1928125870927,553.4666137695312,71000
2013-08-19 00:00:00+09:00,555.3773317920918,563.0201391103316,552.8297293526786,561.746337890625,128900
2013-08-20 00:00:00+09:00,558.5618172219272,564.9308231195546,551.555910734537,552.8297119140625,126000
2013-08-21 00:00:00+09:00,556.6509967720741,559.8354990419373,545.8236890545395,554.7402954101562,87600
2013-08-22 00:00:00+09:00,552.8297293526786,568.7522445990114,551.5559281329719,561.746337890625,173800
2013-08-23 00:00:00+09:00,563.6569336756763,573.2104410261115,563.0200331856473,569.3890380859375,136900
2013-08-26 00:00:00+09:00,573.2104559629662,582.763963562349,570.6628539364641,576.3949584960938,151000
2013-08-27 00:00:00+09:00,576.3949584960938,582.763963562349,574.4842569762172,576.3949584960938,125700
2013-08-28 00:00:00+09:00,563.6570154501693,563.6570154501693,542.6392962299935,549.6452026367188,177100
2013-08-29 00:00:00+09:00,550.2821095550115,557.2880160424016,548.3714077857232,552.8297119140625,86200
2013-08-30 00:00:00+09:00,558.5617883560506,558.5617883560506,538.1809705369017,538.81787109375,133100
2013-09-02 00:00:00+09:00,533.722549995629,545.1867575134349,529.9011474896937,540.7284545898438,93400
2013-09-03 00:00:00+09:00,550.2820606470923,558.561767578125,549.0082595807796,558.561767578125,64300
2013-09-04 00:00:00+09:00,557.9247874603776,578.9425020564877,554.1033848065393,577.668701171875,149300
2013-09-05 00:00:00+09:00,583.4008802374422,598.6864928200825,581.490178664612,584.0377807617188,174300
2013-09-06 00:00:00+09:00,588.4960736063841,589.1329741189451,571.2997597672365,578.9425659179688,155100
2013-09-09 00:00:00+09:00,595.5019434567156,595.5019434567156,585.3115358681515,591.0436401367188,173400
2013-09-10 00:00:00+09:00,592.954355268336,598.6864596694263,591.680554290316,597.4126586914062,133700
2013-09-11 00:00:00+09:00,598.6864596694263,603.7816635815065,594.2281562463561,597.4126586914062,87600
2013-09-12 00:00:00+09:00,598.6864596694263,599.9602606474463,592.954355268336,597.4126586914062,39600
2013-09-13 00:00:00+09:00,594.2281012079519,601.2340059381635,590.4066986278365,599.960205078125,121700
2013-09-17 00:00:00+09:00,597.4127300496333,605.055536830652,592.3175255289541,602.5079345703125,120600
2013-09-18 00:00:00+09:00,604.4185924669252,617.7935033645074,603.7816919479927,610.78759765625,139500
2013-09-19 00:00:00+09:00,611.4245166366907,619.7042236328125,607.6031134077114,619.7042236328125,101400
2013-09-20 00:00:00+09:00,621.6147400655864,623.52544111087,614.60883623288,619.067138671875,103800
2013-09-24 00:00:00+09:00,620.9780260277969,622.2518271068283,610.1507168560302,620.3411254882812,124100
2013-09-25 00:00:00+09:00,617.7934952022397,617.7934952022397,602.5078829498132,606.9661865234375,123700
2013-09-26 00:00:00+09:00,601.8115670884226,619.85302734375,599.8785534896375,619.85302734375,77100
2013-09-27 00:00:00+09:00,614.0538434362511,619.8528828810845,607.610466275325,614.6981811523438,159300
2013-09-30 00:00:00+09:00,599.2340436662947,613.40947265625,592.146329171317,608.8991088867188,126200
2013-10-01 00:00:00+09:00,609.5435193486575,616.6312346899209,604.388817282284,613.4095458984375,96100
2013-10-02 00:00:00+09:00,617.2755909654492,631.4510220732153,601.8114843024317,606.9661865234375,139100
2013-10-03 00:00:00+09:00,601.8114843024317,617.9199287430749,600.5228087471802,606.9661865234375,115500
2013-10-04 00:00:00+09:00,599.8784893510679,610.8322319063506,588.9247467957853,600.5228271484375,128000
2013-10-07 00:00:00+09:00,596.0124396031199,606.3218439638225,588.280386332593,591.5020751953125,137400
2013-10-08 00:00:00+09:00,582.481436240608,592.7908421917692,579.9040847528177,589.5691528320312,84100
2013-10-09 00:00:00+09:00,590.21334095693,623.7189017972797,584.4143015807157,621.785888671875,192400
2013-10-10 00:00:00+09:00,628.229462594697,641.1162208017677,623.7190972222222,637.89453125,218600
2013-10-11 00:00:00+09:00,639.8275449810607,639.8275449810607,629.5181384154041,637.89453125,153400
2013-10-15 00:00:00+09:00,637.8944791300912,637.8944791300912,625.6520598336551,630.8067626953125,76500
2013-10-16 00:00:00+09:00,629.5181057653695,631.4511193961741,618.5643618574767,620.4973754882812,106200
2013-10-17 00:00:00+09:00,630.1623863381561,643.0491427049895,626.296359428106,639.8274536132812,179000
2013-10-18 00:00:00+09:00,642.4048545993105,642.4048545993105,630.8067729716399,631.4511108398438,69000
2013-10-21 00:00:00+09:00,631.4509694169207,639.8273598275533,630.162293969131,634.0283203125,52400
2013-10-22 00:00:00+09:00,635.3170776367188,639.1831044783215,634.0284020228512,635.3170776367188,41900
2013-10-23 00:00:00+09:00,639.1831745033539,639.8275123808776,623.0747275652654,624.3634033203125,54800
2013-10-24 00:00:00+09:00,615.9869819126245,631.4510902451591,612.7652926766799,630.1624145507812,50300
2013-10-25 00:00:00+09:00,630.8067704204735,630.8067704204735,614.0539859149246,615.9869995117188,58400
2013-10-28 00:00:00+09:00,619.208629513575,627.5850209638107,618.5642917097108,623.718994140625,53600
2013-10-29 00:00:00+09:00,614.053955078125,621.78600907701,611.4766037451633,614.053955078125,69100
2013-10-30 00:00:00+09:00,614.0539683710577,633.3841037867259,614.0539683710577,630.1624145507812,95900
2013-10-31 00:00:00+09:00,630.8067395923284,631.451077426437,616.631307241939,617.9199829101562,69300
2013-11-01 00:00:00+09:00,619.2086688995361,621.7860202789307,610.8322769165038,618.5643310546875,93000
2013-11-05 00:00:00+09:00,624.3633645136262,635.9614455881828,617.2756483013973,633.3840942382812,127100
2013-11-06 00:00:00+09:00,634.0283203125,641.1160352753429,632.0953071408155,634.0283203125,85800
2013-11-07 00:00:00+09:00,631.4510686815399,634.028419982281,606.9662313245007,625.0076904296875,71300
2013-11-08 00:00:00+09:00,620.4971951863412,719.0808617112739,612.7651429098759,673.3328857421875,253300
2013-11-11 00:00:00+09:00,673.3330578519201,676.5547471239388,650.136895093385,668.8226928710938,150400
2013-11-12 00:00:00+09:00,664.3122923093421,692.0188185647269,660.4462653899861,689.4414672851562,189100
2013-11-13 00:00:00+09:00,685.575301846591,692.6630164333508,672.0442103627767,673.3328857421875,82300
2013-11-14 00:00:00+09:00,673.3330293168143,688.1527993400551,666.88965104584,678.4877319335938,74500
2013-11-15 00:00:00+09:00,688.7971138042178,737.7667870026468,670.7556552574282,707.48291015625,350300
2013-11-18 00:00:00+09:00,709.4158701962468,711.9932212232995,693.3074262771677,700.3951416015625,206300
2013-11-19 00:00:00+09:00,695.8848991987363,710.7046702001909,695.8848991987363,704.2612915039062,114300
2013-11-20 00:00:00+09:00,708.1271660240897,713.281867869579,702.3281264479142,706.1941528320312,130900
2013-11-21 00:00:00+09:00,703.6169064543968,728.746081684911,703.6169064543968,720.3696899414062,151800
2013-11-22 00:00:00+09:00,727.457415612453,731.9677804568172,711.9933075746329,717.1480102539062,128900
2013-11-25 00:00:00+09:00,721.658383904265,721.658383904265,700.3952350928,710.060302734375,134200
2013-11-26 00:00:00+09:00,701.6838689112402,711.3489359761332,693.9518152593257,703.6168823242188,148000
2013-11-27 00:00:00+09:00,694.59605890839,704.2611246631449,692.663045757439,693.9517211914062,96500
2013-11-28 00:00:00+09:00,699.1065695409005,713.9263401394634,695.240542428232,710.7046508789062,82400
2013-11-29 00:00:00+09:00,711.9933178009636,726.1687503725665,706.8386150476534,717.7923583984375,143400
2013-12-02 00:00:00+09:00,704.9056102099033,719.0810429563547,704.2612723577919,710.7046508789062,81700
2013-12-03 00:00:00+09:00,710.0603347546091,727.4574572939689,709.415996882781,719.7254028320312,170300
2013-12-04 00:00:00+09:00,719.0810956682478,730.6791778564453,710.7047029767718,721.658447265625,245000
2013-12-05 00:00:00+09:00,731.3234271022062,749.364886096798,719.0810084987331,739.0554809570312,306900
2013-12-06 00:00:00+09:00,740.9885659035074,742.2772416702961,724.8801188186486,739.6998901367188,169300
2013-12-09 00:00:00+09:00,742.921467355275,758.3855742212999,735.1894139222626,740.3441162109375,124100
2013-12-10 00:00:00+09:00,744.210130127383,750.6535078774035,731.9677124023438,731.9677124023438,86700
2013-12-11 00:00:00+09:00,724.8800368536087,740.3441443064856,724.2356990430721,730.6790771484375,115700
2013-12-12 00:00:00+09:00,730.0348218858034,743.5659174370849,723.5914430518599,739.6998901367188,168900
2013-12-13 00:00:00+09:00,737.122467493325,746.7875348118563,731.3234271022062,739.0554809570312,255400
2013-12-16 00:00:00+09:00,731.323333656318,733.900684611935,700.3951221889142,702.9724731445312,203500
2013-12-17 00:00:00+09:00,702.9727475268069,716.5038453252148,701.0397335556058,712.6378173828125,113500
2013-12-18 00:00:00+09:00,708.7716373225719,715.8593536957976,707.482961618349,710.7046508789062,115500
2013-12-19 00:00:00+09:00,723.5913573119018,724.2356951189471,710.06026336395,715.2149658203125,149500
2013-12-20 00:00:00+09:00,715.2149658203125,718.4366548555391,707.4829121357686,715.2149658203125,196300
2013-12-24 00:00:00+09:00,715.2150158436862,721.0140565126891,708.7716373225719,710.7046508789062,217000
2013-12-25 00:00:00+09:00,710.7046702001909,713.9263595483332,701.6839400253924,704.2612915039062,173200
2013-12-26 00:00:00+09:00,707.4828836476835,724.2356659562807,705.5498703043838,721.0139770507812,101100
2013-12-27 00:00:00+09:00,725.5244148173518,730.6791175869245,710.7046443548304,729.3904418945312,100900
2013-12-30 00:00:00+09:00,736.4781808853149,748.7206003401014,733.9008294211494,742.2772216796875,106600
2014-01-06 00:00:00+09:00,743.5659184949152,753.2309867595804,731.9678365773168,747.4319458007812,138600
2014-01-07 00:00:00+09:00,746.1431942070554,746.1431942070554,726.1687218232742,727.4573974609375,112000
2014-01-08 00:00:00+09:00,730.0347934503137,749.3649291992188,730.0347934503137,749.3649291992188,86600
2014-01-09 00:00:00+09:00,750.6535780449875,779.0044427951844,750.6535780449875,766.7620239257812,204000
2014-01-10 00:00:00+09:00,766.7617981208205,782.8702392578125,760.9627593115034,782.8702392578125,215700
2014-01-14 00:00:00+09:00,763.540301903258,771.2723555934175,746.1431811003989,757.096923828125,154000
2014-01-15 00:00:00+09:00,783.514881875517,786.736571356913,768.050772364816,779.0045166015625,145100
2014-01-16 00:00:00+09:00,806.7108133023211,821.5305806393445,773.8495900767473,776.4269409179688,224300
2014-01-17 00:00:00+09:00,779.004258478879,798.9787266450041,767.4061801888708,793.1796875,121900
2014-01-20 00:00:00+09:00,780.9372976202715,794.4683894107217,774.4939205771999,783.5146484375,126900
2014-01-21 00:00:00+09:00,783.5145075563526,798.9786096791753,781.5814947909997,786.0918579101562,158400
2014-01-22 00:00:00+09:00,782.2261266342474,802.844937220982,779.6487753109055,789.3138427734375,116800
2014-01-23 00:00:00+09:00,789.9581540500606,795.1128565234703,762.2516282554825,764.8289794921875,145800
2014-01-24 00:00:00+09:00,751.2978619180792,759.6742531744558,746.143159606463,751.9421997070312,149300
2014-01-27 00:00:00+09:00,719.725361593543,735.1894696313631,717.1480102539062,717.1480102539062,214500
2014-01-28 00:00:00+09:00,719.7253343693163,751.2978870856068,719.7253343693163,730.6790771484375,160400
2014-01-29 00:00:00+09:00,747.4318996547358,772.5610755914037,746.787561810206,771.2723999023438,146100
2014-01-30 00:00:00+09:00,747.4316998618934,748.7203752064829,734.5449464159987,743.565673828125,141700
2014-01-31 00:00:00+09:00,751.9422173653344,757.741257602085,733.9007588509991,741.6328125,132300
2014-02-03 00:00:00+09:00,728.1016677981403,740.3440852212949,704.905508470058,708.127197265625,240700
2014-02-04 00:00:00+09:00,649.4924665178571,691.3744212040284,649.4924665178571,663.0235595703125,289700
2014-02-05 00:00:00+09:00,676.5545813673008,695.2403745669691,652.06974889877,666.2451782226562,244700
2014-02-06 00:00:00+09:00,665.600913100009,681.7093572699027,655.291508831277,670.755615234375,152900
2014-02-07 00:00:00+09:00,674.6216741071429,691.3744568452381,661.0905803571429,676.5546875,221700
2014-02-10 00:00:00+09:00,695.8848436207763,698.4621948934458,670.7556687122483,681.7094116210938,141100
2014-02-12 00:00:00+09:00,684.9311529718012,701.6839375223815,684.2868151044712,688.7971801757812,123400
2014-02-13 00:00:00+09:00,686.2197763482656,697.8178570752784,677.1990468939221,681.7094116210938,141800
2014-02-14 00:00:00+09:00,681.7094289418814,684.9311181145746,644.9821723731789,667.5339965820312,208700
2014-02-17 00:00:00+09:00,667.5339897235009,686.2197867331356,651.42554402554,682.353759765625,147100
2014-02-18 00:00:00+09:00,677.8433661871635,692.0187977994425,670.1113125804658,688.1527709960938,157800
2014-02-19 00:00:00+09:00,681.0650841097881,692.0188271844015,677.1990571422775,682.353759765625,95600
2014-02-20 00:00:00+09:00,675.2660277603658,680.4207302623532,655.2915555651641,658.5132446289062,181200
2014-02-21 00:00:00+09:00,661.7349023391952,693.3074536679396,661.7349023391952,690.7301025390625,213200
2014-02-24 00:00:00+09:00,679.7764267011663,690.7301700698107,667.5340076420931,672.0443725585938,202600
2014-02-25 00:00:00+09:00,680.4207142857143,686.8640922619048,673.9773363095238,676.5546875,134000
2014-02-26 00:00:00+09:00,666.245262320715,681.7093689896677,664.956586764969,675.2659912109375,115200
2014-02-27 00:00:00+09:00,669.4670219312292,679.7764274662625,661.7349677799541,675.910400390625,142000
2014-02-28 00:00:00+09:00,676.5546978370674,681.7094002967784,668.178306340037,677.1990356445312,208800
2014-03-03 00:00:00+09:00,659.1576141446221,670.1113574881789,649.4925464885426,664.3123168945312,180400
2014-03-04 00:00:00+09:00,663.6681111653646,688.7972920735677,657.8690694173177,684.2869262695312,335800
2014-03-05 00:00:00+09:00,686.8641549312707,690.7301820697206,670.7557085210627,680.4207763671875,191500
2014-03-06 00:00:00+09:00,684.2867835854584,688.797148449016,670.1113511571344,682.9981079101562,122000
2014-03-07 00:00:00+09:00,688.7971801757812,695.8848967164114,677.8434364311711,688.7971801757812,131100
2014-03-10 00:00:00+09:00,692.0188495675093,695.8848766600652,684.9311332311568,691.37451171875,136000
2014-03-11 00:00:00+09:00,693.951955347537,699.7509967571265,686.86423806915,697.1736450195312,142300
2014-03-12 00:00:00+09:00,691.3745611143746,691.3745611143746,677.1991274288981,679.1321411132812,159400
2014-03-13 00:00:00+09:00,674.6217246987459,681.7094410040812,671.4000354690479,675.910400390625,101500
2014-03-14 00:00:00+09:00,657.2245356721698,664.9565890330189,648.84814453125,648.84814453125,261200
2014-03-17 00:00:00+09:00,650.7811754767517,654.6472022617621,635.9614061342119,638.5387573242188,105900
2014-03-18 00:00:00+09:00,659.8019119070668,670.1113167806147,651.4255204473092,665.6009521484375,139200
2014-03-19 00:00:00+09:00,672.6886765093719,675.9103655731142,650.781190875925,658.5132446289062,142100
2014-03-20 00:00:00+09:00,669.4670031466466,669.4670031466466,634.672760442201,636.6057739257812,208600
2014-03-24 00:00:00+09:00,643.6934648265335,670.1113147343291,642.4047892212751,657.868896484375,188700
2014-03-25 00:00:00+09:00,663.667910057844,695.2404611188482,663.0235722810888,671.3999633789062,266600
2014-03-26 00:00:00+09:00,677.199208577474,690.0859680175781,677.199208577474,684.2869262695312,183700
2014-03-27 00:00:00+09:00,692.1597726004464,694.1279994419642,677.0700334821429,684.286865234375,184800
2014-03-28 00:00:00+09:00,684.2865432374216,692.1594468988301,675.1014889657783,685.5986938476562,162600
2014-03-31 00:00:00+09:00,685.598999139474,692.8158307093631,673.7896383887462,690.1915283203125,176600
2014-04-01 00:00:00+09:00,694.1278600647722,697.4082374752863,682.3185013869216,694.783935546875,122000
2014-04-02 00:00:00+09:00,696.7522304612163,700.6886837406581,679.6942662503013,680.350341796875,185900
2014-04-03 00:00:00+09:00,682.3185267592921,701.3447164477724,682.3185267592921,692.8157348632812,90500
2014-04-04 00:00:00+09:00,691.5035303712801,698.0642849288824,685.5988512694381,687.5670776367188,92100
2014-04-07 00:00:00+09:00,676.4137388233088,683.6305682384944,671.8212110136452,673.1333618164062,59800
2014-04-08 00:00:00+09:00,672.4774056780553,674.4456322312593,654.7633666992188,654.7633666992188,101800
2014-04-09 00:00:00+09:00,650.1708803576273,652.1391070388311,629.832537985189,642.2979736328125,182400
2014-04-10 00:00:00+09:00,650.1708541217502,661.3241381985107,642.9540232485521,644.2661743164062,103700
2014-04-11 00:00:00+09:00,637.7054704128773,653.4512844971458,629.832563370743,635.7372436523438,92300
2014-04-14 00:00:00+09:00,632.4567594418121,637.7053632546072,624.5838537226194,625.2399291992188,94500
2014-04-15 00:00:00+09:00,627.8642578125,631.8007108395376,624.5838802899686,627.8642578125,113800
2014-04-16 00:00:00+09:00,630.4885376841434,648.2025756835938,629.1763867212211,648.2025756835938,123500
2014-04-17 00:00:00+09:00,652.7950153505899,654.1071661352141,645.5781860351562,645.5781860351562,44900
2014-04-18 00:00:00+09:00,646.8903723255842,650.8268248955167,637.7053163290748,647.5464477539062,68100
2014-04-21 00:00:00+09:00,652.7951300761421,652.7951300761421,642.9539974619289,646.234375,36200
2014-04-22 00:00:00+09:00,646.8905195353063,650.8269730010384,631.80078125,631.80078125,48100
2014-04-23 00:00:00+09:00,631.8007557193642,639.6736623326897,631.8007557193642,638.3615112304688,50500
2014-04-24 00:00:00+09:00,642.953864203559,646.2342410617405,629.8323567708334,637.7052612304688,54900
2014-04-25 00:00:00+09:00,639.0174914138466,643.6100195862255,635.7371141478618,640.9857177734375,54400
2014-04-28 00:00:00+09:00,631.144609451294,632.4567604064941,626.5520811080933,629.8324584960938,73500
2014-04-30 00:00:00+09:00,633.1128272652999,637.7053555459808,629.8324499219563,630.488525390625,67800
2014-05-01 00:00:00+09:00,639.6736809441277,655.4194946289062,637.7054542335304,655.4194946289062,130300
2014-05-02 00:00:00+09:00,654.7633218331332,656.7315482514693,648.2025671053464,648.858642578125,88200
2014-05-07 00:00:00+09:00,646.234375,653.4512055837563,639.0175444162436,646.234375,153300
2014-05-08 00:00:00+09:00,650.1708209838866,662.6362554931641,648.2025944824219,656.0755004882812,103000
2014-05-09 00:00:00+09:00,636.3930582504022,645.5781126993771,593.7481625944474,598.9967651367188,360200
2014-05-12 00:00:00+09:00,598.9968589224467,604.9015377070053,589.155727614849,591.780029296875,194700
2014-05-13 00:00:00+09:00,597.6847534179688,599.6529798287853,578.6585647800752,597.6847534179688,218400
2014-05-14 00:00:00+09:00,590.4678429591908,599.6528982941115,581.2827876242701,589.811767578125,166200
2014-05-15 00:00:00+09:00,585.21930677319,590.46791042138,578.0024767569287,579.970703125,200700
2014-05-16 00:00:00+09:00,573.4097852130269,574.0658604821493,558.9761292923329,564.2247314453125,158700
2014-05-19 00:00:00+09:00,564.2249154659567,573.409972229356,564.2249154659567,568.8174438476562,126300
2014-05-20 00:00:00+09:00,564.2250192727812,574.0661533298646,557.00818763092,570.1296997070312,127100
2014-05-21 00:00:00+09:00,559.6324032514523,565.5370827699319,557.6641767452925,562.9127807617188,95900
2014-05-22 00:00:00+09:00,573.409889777769,585.8753221642422,570.785588222722,584.5631713867188,183000
2014-05-23 00:00:00+09:00,591.1240217860415,596.3726257530651,579.9707383561162,581.93896484375,127600
2014-05-26 00:00:00+09:00,584.5632524092118,597.6847620031335,583.9071769295158,597.0286865234375,182800
2014-05-27 00:00:00+09:00,604.2454809758734,606.8697827390694,595.0604248046875,595.0604248046875,91600
2014-05-28 00:00:00+09:00,597.6848401271808,605.5577469126101,590.4680089072039,591.1240844726562,167000
2014-05-29 00:00:00+09:00,587.1875524520874,594.4043827056885,585.2193260192871,587.8436279296875,76900
2014-05-30 00:00:00+09:00,588.499755859375,593.7483601479759,587.1876047872248,588.499755859375,112400
2014-06-02 00:00:00+09:00,593.7483176723433,598.9969215854691,587.1875627809362,596.3726196289062,154400
2014-06-03 00:00:00+09:00,605.557738858019,607.5259655281967,598.9969832907598,600.9652099609375,142300
2014-06-04 00:00:00+09:00,604.9015502929688,610.1501537662266,602.2772485563398,604.9015502929688,109800
2014-06-05 00:00:00+09:00,605.5575957171684,608.1818973237434,593.0921630859375,593.0921630859375,167200
2014-06-06 00:00:00+09:00,597.0287823203383,603.5895381700125,593.7484043955013,594.4044799804688,188100
2014-06-09 00:00:00+09:00,598.3406898189348,600.9649910900705,595.0603132300153,598.9967651367188,134600
2014-06-10 00:00:00+09:00,598.9969129625257,606.2137432391827,595.7165355640453,597.0286865234375,191100
2014-06-11 00:00:00+09:00,595.0604686506248,600.9651480528912,594.4043931614841,596.3726196289062,172700
2014-06-12 00:00:00+09:00,595.0605990383795,604.2456578989498,593.7484477725836,600.3092041015625,168300
2014-06-13 00:00:00+09:00,595.0604772357689,601.6212322218303,593.7483262385566,595.716552734375,233500
2014-06-16 00:00:00+09:00,595.7164818199142,598.3407835019402,588.4996521943425,591.780029296875,184700
2014-06-17 00:00:00+09:00,591.1240242441321,597.6847792301935,591.1240242441321,595.716552734375,186400
2014-06-18 00:00:00+09:00,595.0605031050371,597.0287296864209,591.1240499422695,593.7483520507812,208700
2014-06-19 00:00:00+09:00,596.3725612388272,610.1501451618363,595.0604103890167,605.5576171875,167400
2014-06-20 00:00:00+09:00,606.2137432391827,608.1819696782709,595.7165355640453,597.0286865234375,234800
2014-06-23 00:00:00+09:00,600.3090552990575,604.2455081206907,596.3726024774244,597.6847534179688,121700
2014-06-24 00:00:00+09:00,597.028539183367,600.9649910900705,594.4042379122313,598.9967651367188,139100
2014-06-25 00:00:00+09:00,601.6211923603328,616.0548523733397,600.965116905196,612.7744750976562,248100
2014-06-26 00:00:00+09:00,609.4942106032754,616.7110419451872,605.5577571440508,613.4306640625,228100
2014-06-27 00:00:00+09:00,612.1183132957369,614.7426147460938,606.8697103950232,614.7426147460938,169200
2014-06-30 00:00:00+09:00,613.4305790492466,625.2399377903016,612.1184280780183,624.5838623046875,118600
2014-07-01 00:00:00+09:00,619.9913509971217,625.8960305304277,613.4305959601152,623.271728515625,201200
2014-07-02 00:00:00+09:00,625.2399216412754,631.1446008592937,623.2716952352692,630.488525390625,165700
2014-07-03 00:00:00+09:00,628.5204644640329,629.1765401054358,622.6157836914062,622.6157836914062,106600
2014-07-04 00:00:00+09:00,626.5521766290238,633.112932405244,623.9278743185358,631.80078125,76800
2014-07-07 00:00:00+09:00,631.8005202851765,637.0491227382205,631.8005202851765,633.1126708984375,76900
2014-07-08 00:00:00+09:00,635.0811334749164,641.641888986021,629.8325290660329,638.3615112304688,143800
2014-07-09 00:00:00+09:00,631.8006935477629,634.4249954939634,625.2399386822617,629.1763916015625,97100
2014-07-10 00:00:00+09:00,629.1763614760732,631.1445878414833,611.4623241873829,612.7744750976562,138200
2014-07-11 00:00:00+09:00,611.462367128633,612.1184426298439,598.9969326056244,609.494140625,267000
2014-07-14 00:00:00+09:00,612.7744240618766,618.6791026663273,609.4940470594041,616.7108764648438,85200
2014-07-15 00:00:00+09:00,624.5838257613456,624.5838257613456,614.742694052921,618.0230712890625,83800
2014-07-16 00:00:00+09:00,616.7108408338614,618.6790669216291,613.4304640209153,614.7426147460938,64500
2014-07-17 00:00:00+09:00,613.430567729115,614.0866432026221,610.1501903615796,611.4623413085938,98300
2014-07-18 00:00:00+09:00,601.6211646380688,608.1819188871208,598.996862938448,605.5576171875,64100
2014-07-22 00:00:00+09:00,604.9016899429865,611.4624457992011,604.9016899429865,608.1820678710938,91300
2014-07-23 00:00:00+09:00,612.1185045778309,618.6792602539062,611.4624290102234,618.6792602539062,79900
2014-07-24 00:00:00+09:00,616.7109470488406,621.3034753779276,610.1501922930019,620.6473999023438,131200
2014-07-25 00:00:00+09:00,623.2717292809562,629.1764088215126,619.9913517584248,627.8642578125,139400
2014-07-28 00:00:00+09:00,626.5521766290238,632.456856827622,625.8961010514018,631.80078125,121600
2014-07-29 00:00:00+09:00,633.1129414917992,641.641924123295,629.8325635566086,640.3297729492188,144100
2014-07-30 00:00:00+09:00,637.7052612304688,642.2977888319227,635.7370351155599,637.7052612304688,127400
2014-07-31 00:00:00+09:00,642.9540232485521,646.2344009181876,637.7054189771353,644.2661743164062,154500
2014-08-01 00:00:00+09:00,634.425048828125,639.67365316176,631.1446711196032,634.425048828125,166200
2014-08-04 00:00:00+09:00,635.0810984817978,644.9222312062058,635.0810984817978,636.3932495117188,142600
2014-08-05 00:00:00+09:00,636.393310293354,641.6419149143302,631.144705672378,631.80078125,78800
2014-08-06 00:00:00+09:00,635.081097080119,649.5147583773944,619.991360269331,627.2081909179688,230300
2014-08-07 00:00:00+09:00,627.208075050416,646.8903368197805,626.5519996581038,645.5781860351562,283900
2014-08-08 00:00:00+09:00,642.9539680480957,645.5782699584961,627.2081565856934,629.8324584960938,296500
2014-08-11 00:00:00+09:00,638.3614276055706,655.4193896998613,633.1128238842505,654.1072387695312,210800
2014-08-12 00:00:00+09:00,654.7633871618723,681.0064086914062,654.7633871618723,681.0064086914062,264800
2014-08-13 00:00:00+09:00,681.6623985348767,688.8792285482392,674.4455685215142,687.5670776367188,306700
2014-08-14 00:00:00+09:00,687.5670765227245,689.5353028868163,681.6623974304492,682.9745483398438,230500
2014-08-15 00:00:00+09:00,682.3186211531607,692.8158307093631,681.0064699586354,690.1915283203125,131400
2014-08-18 00:00:00+09:00,687.5671198193171,688.2231953153279,679.0381383711767,679.6942138671875,117200
2014-08-19 00:00:00+09:00,684.9426185425389,692.8155222039475,683.6304679323042,685.5986938476562,78900
2014-08-20 00:00:00+09:00,688.2232497563209,705.2812140019495,686.2550231125946,694.1279296875,147100
2014-08-21 00:00:00+09:00,694.1279473721926,697.4083251953125,690.8475695490725,697.4083251953125,102700
2014-08-22 00:00:00+09:00,695.4400187600351,697.4082452282238,688.2231883766761,689.5353393554688,68700
2014-08-25 00:00:00+09:00,696.7522318791351,698.0643829749528,689.5354008521385,694.1279296875,45100
2014-08-26 00:00:00+09:00,694.1278223780889,694.1278223780889,682.3184643414107,683.630615234375,86400
2014-08-27 00:00:00+09:00,685.5989293523319,690.1914580656968,682.974627230409,686.2550048828125,58800
2014-08-28 00:00:00+09:00,686.25492561333,687.5670765227245,681.006321975752,682.9745483398438,82400
2014-08-29 00:00:00+09:00,677.069876686532,680.3502539960597,673.1334239150987,677.7259521484375,78100
2014-09-01 00:00:00+09:00,677.7259458003153,689.5353040039995,677.7259458003153,687.5670776367188,76000
2014-09-02 00:00:00+09:00,687.5670765227245,690.8474537962109,682.3184728851465,682.9745483398438,66100
2014-09-03 00:00:00+09:00,688.2232483557589,688.8793239023324,677.0699640640067,680.350341796875,86700
2014-09-04 00:00:00+09:00,681.6624049198708,682.974555843682,675.7577257627208,677.7259521484375,53800
2014-09-05 00:00:00+09:00,680.3502885319865,680.3502885319865,674.4456090751033,675.1016845703125,48600
2014-09-08 00:00:00+09:00,681.0064173434487,684.9428706228906,677.0699640640067,680.350341796875,45700
2014-09-09 00:00:00+09:00,676.413818359375,680.3502712305255,675.1016674023248,676.413818359375,46300
2014-09-10 00:00:00+09:00,671.8212571976967,684.2866906808571,669.8530308582503,683.630615234375,41900
2014-09-11 00:00:00+09:00,688.2232221750113,692.1596753047063,682.3185424804688,682.3185424804688,51000
2014-09-12 00:00:00+09:00,685.5989374590747,685.5989374590747,673.7895777707844,681.0064086914062,119400
2014-09-16 00:00:00+09:00,684.9428033153329,696.7521619931834,680.3502749406133,694.783935546875,98000
2014-09-17 00:00:00+09:00,696.7522489331358,703.3130045728075,680.3503598339565,688.2232666015625,95900
2014-09-18 00:00:00+09:00,696.0960097295068,702.0006884171274,690.1913310418861,700.6885375976562,109100
2014-09-19 00:00:00+09:00,704.6251488470263,715.1223577683971,700.6886955015121,711.8419799804688,169400
2014-09-22 00:00:00+09:00,711.8420760219126,711.8420760219126,703.3130926225717,709.2177734375,35300
2014-09-24 00:00:00+09:00,705.9372386472344,707.2493896484375,701.3447101430238,707.2493896484375,66600
2014-09-25 00:00:00+09:00,716.4344243564726,729.555933960071,709.8736695546735,727.5877075195312,112500
2014-09-26 00:00:00+09:00,718.2766723632812,722.932169313784,706.9704654834889,718.2766723632812,72700
2014-09-29 00:00:00+09:00,724.2624839224467,736.2337646484375,721.602199316671,736.2337646484375,113200
2014-09-30 00:00:00+09:00,740.2240717685061,748.2049242943121,722.2671535854427,734.9035034179688,127500
2014-10-01 00:00:00+09:00,742.8844015715842,742.8844015715842,711.6260605922964,714.951416015625,135800
2014-10-02 00:00:00+09:00,702.3149639423077,702.9800349308894,691.0087571364182,691.673828125,99200
2014-10-03 00:00:00+09:00,691.673796229587,700.9847896403699,689.0135123979347,692.3388671875,91200
2014-10-06 00:00:00+09:00,701.6499663350249,710.2958900908119,692.3389715211005,700.31982421875,99700
2014-10-07 00:00:00+09:00,704.9752688111867,708.3006238527489,696.329345703125,696.329345703125,73200
2014-10-08 00:00:00+09:00,685.0230181217194,685.0230181217194,677.0421674251556,681.0325927734375,113200
2014-10-09 00:00:00+09:00,678.3724833432699,681.6978386537761,670.3916305980549,671.0567016601562,83200
2014-10-10 00:00:00+09:00,658.4202909276553,663.7408589351514,653.099722920159,657.0901489257812,101800
2014-10-14 00:00:00+09:00,637.138004299074,652.4346369701374,634.4777203562804,649.7743530273438,135000
2014-10-15 00:00:00+09:00,647.7792180121307,655.7600708007812,635.1428677634342,655.7600708007812,91400
2014-10-16 00:00:00+09:00,645.1189485143442,653.7648725665983,639.7983798668032,649.109375,116600
2014-10-17 00:00:00+09:00,645.7840216757144,651.769661423481,619.8462494353921,621.1763916015625,148000
2014-10-20 00:00:00+09:00,640.4633359555845,649.1092584555041,628.4920586480035,646.448974609375,86200
2014-10-21 00:00:00+09:00,648.4442186857525,651.1045026598479,631.1523728541324,631.8174438476562,79000
2014-10-22 00:00:00+09:00,641.793593109631,650.4395171618852,637.1380955430327,649.109375,72400
2014-10-23 00:00:00+09:00,643.7887659548259,661.7456840134831,641.1284817979877,653.7648315429688,94900
2014-10-24 00:00:00+09:00,653.0996842246979,658.4202519169561,645.7839036478427,646.448974609375,95300
2014-10-27 00:00:00+09:00,658.4203721242933,663.740940787924,649.7744480458936,661.7457275390625,80800
2014-10-28 00:00:00+09:00,661.0806393265483,661.0806393265483,651.1045733407351,655.7600708007812,29500
2014-10-29 00:00:00+09:00,665.7361619401686,676.3772993937577,661.7457353950726,671.7218017578125,75900
2014-10-30 00:00:00+09:00,667.731248362765,683.6929515108789,667.731248362765,674.3819580078125,122600
2014-10-31 00:00:00+09:00,686.353292213296,708.3006358596514,680.3676530370172,704.9752807617188,151400
2014-11-04 00:00:00+09:00,730.9129127611953,731.5779836554276,694.9990844726562,694.9990844726562,196200
2014-11-05 00:00:00+09:00,694.9994206737018,723.5974829597967,694.9994206737018,719.6070556640625,141000
2014-11-06 00:00:00+09:00,719.6068640393463,723.5972902724665,681.6978148247042,695.664306640625,90000
2014-11-07 00:00:00+09:00,714.2862505147259,714.2862505147259,683.6929846640021,687.6834106445312,138900
2014-11-10 00:00:00+09:00,685.0230948775287,696.3293012978374,679.7025271503246,688.3484497070312,68600
2014-11-11 00:00:00+09:00,681.6978499380809,687.0184185229635,679.0375656456397,679.70263671875,152600
2014-11-12 00:00:00+09:00,679.7026019457327,684.3580992193336,667.7313232421875,667.7313232421875,120200
2014-11-13 00:00:00+09:00,665.0710072683457,671.7217173410293,659.0853682029307,668.3963623046875,133700
2014-11-14 00:00:00+09:00,675.0470373365614,676.3771792820522,663.0757598271446,670.3915405273438,164300
2014-11-17 00:00:00+09:00,674.3819748198915,675.0470458009762,665.0709810847056,666.401123046875,102600
2014-11-18 00:00:00+09:00,675.047119140625,677.707403353987,672.3868349272628,675.047119140625,98300
2014-11-19 00:00:00+09:00,675.0472051030522,677.7074896551825,664.4060668945312,664.4060668945312,94400
2014-11-20 00:00:00+09:00,664.405910103621,673.0518328577222,663.7408391225363,666.401123046875,67400
2014-11-21 00:00:00+09:00,665.7360354692507,678.372383794841,661.7456096822223,674.3819580078125,148500
2014-11-25 00:00:00+09:00,688.3486906104976,697.6596873917023,685.0233346172101,689.6788330078125,142200
2014-11-26 00:00:00+09:00,687.0182307958603,689.0134434700012,680.3675218820572,681.0325927734375,68600
2014-11-27 00:00:00+09:00,679.037583757155,684.3581524839495,671.7218017578125,671.7218017578125,82800
2014-11-28 00:00:00+09:00,678.3724975585938,689.0136347751991,673.0519289502911,678.3724975585938,110000
2014-12-01 00:00:00+09:00,678.3725084893816,687.6835037039418,677.042366315873,687.0184326171875,75500
2014-12-02 00:00:00+09:00,685.6881658434291,692.3388755024343,681.6977400480262,688.3484497070312,104700
2014-12-03 00:00:00+09:00,690.3437730564253,699.654768068747,687.6834887671905,693.6691284179688,109900
2014-12-04 00:00:00+09:00,700.9848889862229,723.5973047599721,698.9896758297157,716.9465942382812,144300
2014-12-05 00:00:00+09:00,716.946585454624,723.5972958948339,714.2863012785401,720.93701171875,132300
2014-12-08 00:00:00+09:00,730.9131759366122,741.5543140758168,726.2576780007103,731.5782470703125,171500
2014-12-09 00:00:00+09:00,724.9274872161529,733.5734113756116,724.9274872161529,726.2576293945312,77400
2014-12-10 00:00:00+09:00,723.5973340477294,730.2480448386093,714.2863389404976,717.6116943359375,85200
2014-12-11 00:00:00+09:00,700.3199018058131,709.6308976512844,696.9945461467161,706.3055419921875,73400
2014-12-12 00:00:00+09:00,706.3053964779077,710.9608934415097,700.9848285195054,702.9800415039062,174700
2014-12-15 00:00:00+09:00,697.6596069335938,702.9801759092551,694.3342513238055,697.6596069335938,80700
2014-12-16 00:00:00+09:00,685.0231939642823,690.3437624610923,670.3916305980549,671.0567016601562,104100
2014-12-17 00:00:00+09:00,675.0470289723172,683.0278805463741,674.3819580078125,674.3819580078125,97800
2014-12-18 00:00:00+09:00,689.6786170741918,689.6786170741918,675.0470552847684,676.377197265625,101000
2014-12-19 00:00:00+09:00,690.343761266242,700.319827180494,686.3533349005412,698.9896850585938,99900
2014-12-22 00:00:00+09:00,698.9896155351046,704.3101834935069,694.9991895663028,702.9800415039062,43400
2014-12-24 00:00:00+09:00,717.611676545672,738.2288794862798,696.9944736050642,725.592529296875,173700
2014-12-25 00:00:00+09:00,740.8891430393795,744.2144982594845,712.956159190498,720.93701171875,78800
2014-12-26 00:00:00+09:00,727.5878129950316,729.5830263761881,716.9466749621976,721.6021728515625,40100
2014-12-29 00:00:00+09:00,721.6021728515625,728.2528841220839,716.2816038351455,721.6021728515625,54600
2014-12-30 00:00:00+09:00,727.5877395169188,730.2480237564687,722.9322420977063,726.9226684570312,31400
2015-01-05 00:00:00+09:00,720.9368842629825,734.2383027918198,717.6115296307732,723.59716796875,57300
2015-01-06 00:00:00+09:00,708.3006238527489,712.956120910936,695.6642746948125,696.329345703125,101600
2015-01-07 00:00:00+09:00,685.6882468313264,696.9944545870321,683.6930336979666,693.0040283203125,57300
2015-01-08 00:00:00+09:00,694.3342513238055,699.6548202994668,690.3438245920594,697.6596069335938,75500
2015-01-09 00:00:00+09:00,694.9990844726562,700.3196516265139,691.0086591072629,694.9990844726562,78200
2015-01-13 00:00:00+09:00,681.6977220204374,689.0135024518762,677.0422253822491,682.36279296875,80100
2015-01-14 00:00:00+09:00,679.0374547593457,681.0326676528599,671.7216741497934,674.3819580078125,57800
2015-01-15 00:00:00+09:00,679.0374904898711,687.0183424838754,675.7121354923693,686.353271484375,51100
2015-01-16 00:00:00+09:00,675.0471250569902,675.0471250569902,664.405988110279,672.3868408203125,79400
2015-01-19 00:00:00+09:00,676.3772263442603,679.7025814393648,673.0518712491557,677.0422973632812,40400
2015-01-20 00:00:00+09:00,678.3724739928963,689.678681892778,676.3772608340937,689.0136108398438,39400
2015-01-21 00:00:00+09:00,687.0184041220404,687.0184041220404,669.7265565836346,672.3868408203125,74300
2015-01-22 00:00:00+09:00,672.3867160386653,674.3819288459017,665.7360066812106,673.7168579101562,62200
2015-01-23 00:00:00+09:00,682.362938008646,687.0184356363853,675.0471560221985,685.6882934570312,60800
2015-01-26 00:00:00+09:00,677.0422515127702,693.0039548883169,677.0422515127702,684.3580322265625,49200
2015-01-27 00:00:00+09:00,688.3485365049022,705.6403837987451,687.683465455139,704.3102416992188,101300
2015-01-28 00:00:00+09:00,700.3198179340538,720.9370205512957,696.9944626732084,716.9465942382812,92600
2015-01-29 00:00:00+09:00,708.300667997798,714.9513784954298,703.6451706494556,704.3102416992188,61100
2015-01-30 00:00:00+09:00,714.9515284309775,722.9323827018349,712.9563148632632,718.9419555664062,76800
2015-02-02 00:00:00+09:00,720.2718673406863,720.2718673406863,709.6307317197712,712.291015625,66600
2015-02-03 00:00:00+09:00,710.2957830511527,710.2957830511527,689.6785833558478,692.3388671875,87100
2015-02-04 00:00:00+09:00,705.6403058619281,718.941725388072,701.649880004085,712.291015625,145900
2015-02-05 00:00:00+09:00,712.2910648915628,712.2910648915628,695.6642893338699,703.6451416015625,54200
2015-02-06 00:00:00+09:00,708.9659162087714,719.6070556640625,701.6501328332588,719.6070556640625,84600
2015-02-09 00:00:00+09:00,723.5972958948339,723.5972958948339,714.951372322561,720.93701171875,80200
2015-02-10 00:00:00+09:00,716.2815581849563,718.9418425236191,707.6356340843023,714.951416015625,51200
2015-02-12 00:00:00+09:00,724.9276253917081,730.9132663353093,719.6070556640625,719.6070556640625,92800
2015-02-13 00:00:00+09:00,726.9227343978168,726.9227343978168,710.2959563923773,711.6260986328125,80000
2015-02-16 00:00:00+09:00,721.602199316671,740.8892627085451,720.937128165227,736.2337646484375,99900
2015-02-17 00:00:00+09:00,736.2335566406249,752.8603307291667,735.5684856770832,748.204833984375,91300
2015-02-18 00:00:00+09:00,751.5302329621194,758.1809429883328,748.2048779490126,756.1857299804688,89600
2015-02-19 00:00:00+09:00,758.1812709935283,762.8367700259447,752.1956293804216,759.5114135742188,68300
2015-02-20 00:00:00+09:00,761.50633601034,768.1570463685089,759.5111229028893,766.826904296875,64900
2015-02-23 00:00:00+09:00,764.8317207410498,770.1522892331615,749.5350863262288,753.5255126953125,58300
2015-02-24 00:00:00+09:00,756.851128412838,762.8367700259447,755.5209858321475,759.5114135742188,58700
2015-02-25 00:00:00+09:00,764.8317718505859,771.4824829101562,764.1667007446289,771.4824829101562,50600
2015-02-26 00:00:00+09:00,771.4825282952725,782.1236666165865,766.1619591346154,778.1332397460938,99500
2015-02-27 00:00:00+09:00,778.1331939697266,778.7982650756836,765.496842956543,771.4824829101562,55900
2015-03-02 00:00:00+09:00,765.4968551529779,774.8078507847256,765.4968551529779,766.1619262695312,35100
2015-03-03 00:00:00+09:00,766.1618245793787,772.8125348621859,760.8412563531331,770.8173217773438,45800
2015-03-04 00:00:00+09:00,776.8029432744565,776.8029432744565,762.8364519998302,764.8316650390625,26800
2015-03-05 00:00:00+09:00,765.4967828203022,772.147493357403,755.520717014651,757.5159301757812,46100
2015-03-06 00:00:00+09:00,758.1809549082881,770.1522331436821,758.1809549082881,764.8316650390625,38700
2015-03-09 00:00:00+09:00,764.8316707910667,764.8316707910667,760.1761736645124,762.17138671875,18400
2015-03-10 00:00:00+09:00,766.8269482592602,770.1523036289882,758.8460953719132,760.84130859375,25400
2015-03-11 00:00:00+09:00,757.5158838952105,770.1522331436821,757.5158838952105,764.8316650390625,50100
2015-03-12 00:00:00+09:00,769.4873529393275,776.803135897264,764.8318546933679,774.8079223632812,51500
2015-03-13 00:00:00+09:00,784.783951196915,791.4346626477363,775.4729551657651,778.1332397460938,151500
2015-03-16 00:00:00+09:00,775.4727615330539,786.1138971973154,773.4775485960049,783.45361328125,51500
2015-03-17 00:00:00+09:00,790.7693717611495,796.7550104035804,788.7741588803392,794.0947265625,77600
2015-03-18 00:00:00+09:00,795.4251004185733,802.0758119605346,786.1141042598274,799.41552734375,68300
2015-03-19 00:00:00+09:00,798.085205078125,807.3961991373698,791.4344950358072,798.085205078125,112600
2015-03-20 00:00:00+09:00,807.3965549285006,829.3439077395718,806.0664123338902,827.3486938476562,139700
2015-03-23 00:00:00+09:00,827.3484677488699,849.9608856776975,824.0231121711012,845.970458984375,175300
2015-03-24 00:00:00+09:00,834.664341936329,849.9609792785885,834.664341936329,845.3054809570312,110800
2015-03-25 00:00:00+09:00,847.3004876448646,855.2813399617706,834.6641381430966,841.9799194335938,88100
2015-03-26 00:00:00+09:00,853.2862212049159,853.2862212049159,827.3484483078063,841.31494140625,117000
2015-03-27 00:00:00+09:00,846.7123776270339,846.7123776270339,812.3041455481664,816.3521728515625,89900
2015-03-30 00:00:00+09:00,809.6054191494068,812.9787750625293,794.0879819490432,810.2800903320312,141200
2015-03-31 00:00:00+09:00,819.7254520983051,828.49617710018,808.2560424804688,808.2560424804688,81100
2015-04-01 00:00:00+09:00,802.1840401859606,818.3761486506057,792.7386435815843,796.1119995117188,112900
2015-04-02 00:00:00+09:00,789.3652836706716,814.3281174277784,789.3652836706716,810.2800903320312,108400
2015-04-03 00:00:00+09:00,811.6292230346274,812.3038940429688,800.1598158928248,812.3038940429688,64900
2015-04-06 00:00:00+09:00,808.2559964740695,810.9546809364203,798.1359297402539,805.5573120117188,87800
2015-04-07 00:00:00+09:00,813.6533813476562,817.0267369917178,807.5813411883454,813.6533813476562,93400
2015-04-08 00:00:00+09:00,817.7012128969973,831.1946322517332,817.0265419292605,827.1466064453125,74100
2015-04-09 00:00:00+09:00,837.266910491252,837.266910491252,822.4241449547432,833.8935546875,131500
2015-04-10 00:00:00+09:00,837.2666015624999,841.3146270333904,828.495879708904,837.2666015625,87000
2015-04-13 00:00:00+09:00,837.9414937386501,838.6161648286168,825.1227430292827,835.91748046875,71800
2015-04-14 00:00:00+09:00,835.2427536132813,846.7121613769532,831.8693983886719,843.3388061523438,94300
2015-04-15 00:00:00+09:00,837.2667468094768,842.6641150403195,830.5200365209234,838.6160888671875,71300
2015-04-16 00:00:00+09:00,842.6641893174913,850.760242377387,831.8694519042969,850.0855712890625,83400
2015-04-17 00:00:00+09:00,849.410853975138,852.7842092331807,840.6401303042271,847.3868408203125,48100
2015-04-20 00:00:00+09:00,829.8456848593686,837.2670690329077,825.1229858398438,825.1229858398438,67000
2015-04-21 00:00:00+09:00,839.2909618214974,856.8324127920431,838.6162906303225,854.1337280273438,116400
2015-04-22 00:00:00+09:00,864.9281462296196,864.9281462296196,852.7840692934783,853.458740234375,40800
2015-04-23 00:00:00+09:00,856.1575664304338,862.9042769618005,845.3628295802471,858.1815795898438,92900
2015-04-24 00:00:00+09:00,864.9284057617188,889.2165669219543,860.8803789016795,864.9284057617188,130300
2015-04-27 00:00:00+09:00,859.5309665256076,863.5789930555554,848.0615580240885,850.0855712890625,61200
2015-04-28 00:00:00+09:00,849.4108982011734,869.6510308032665,849.4108982011734,864.253662109375,66900
2015-04-30 00:00:00+09:00,862.2296007052005,862.9042717542656,848.7361797238984,850.7601928710938,144400
2015-05-01 00:00:00+09:00,844.6883505105783,858.8564458466183,843.339008097622,848.0617065429688,60400
2015-05-07 00:00:00+09:00,844.0134823804427,865.602955950526,844.0134823804427,850.7601928710938,104100
2015-05-08 00:00:00+09:00,851.4348586914062,856.8322270507813,839.9654509277344,843.3388061523438,86900
2015-05-11 00:00:00+09:00,862.9042358398438,874.3736431965892,848.0614733781733,862.9042358398438,137800
2015-05-12 00:00:00+09:00,854.1336674682808,868.976432621758,853.4589963249409,864.9284057617188,105800
2015-05-13 00:00:00+09:00,856.8322374835705,868.9763164400305,856.8322374835705,858.1815795898438,57100
2015-05-14 00:00:00+09:00,856.832249020369,876.3977098247711,856.832249020369,858.8562622070312,76900
2015-05-15 00:00:00+09:00,862.9042769618005,873.0243427588505,856.8322374835705,858.1815795898438,59000
2015-05-18 00:00:00+09:00,850.7600997352447,861.5548353385468,840.6400351071491,845.3627319335938,174300
2015-05-19 00:00:00+09:00,846.7122957851346,858.8563765214951,846.7122957851346,854.808349609375,129200
2015-05-20 00:00:00+09:00,860.2057303539962,863.5790861593059,850.0856629380668,855.4830322265625,92700
2015-05-21 00:00:00+09:00,862.2296421514935,876.397734862903,862.2296421514935,871.0003662109375,121600
2015-05-22 00:00:00+09:00,869.651126990685,877.072509765625,862.2297442157452,877.072509765625,113700
2015-05-25 00:00:00+09:00,877.0725663190174,893.2646752356761,877.0725663190174,891.2406616210938,114400
2015-05-26 00:00:00+09:00,897.3124276304209,900.6857826215127,866.2775617123762,868.3015747070312,172800
2015-05-27 00:00:00+09:00,877.0725668253114,885.1686212883142,875.0485532095606,880.4459228515625,129500
2015-05-28 00:00:00+09:00,880.4457681910495,887.1924790584138,858.8562934154835,864.253662109375,220600
2015-05-29 00:00:00+09:00,868.9763839521988,887.8671749076814,868.9763839521988,876.3977661132812,139500
2015-06-01 00:00:00+09:00,876.3976461444787,901.3604736328125,876.3976461444787,901.3604736328125,126700
2015-06-02 00:00:00+09:00,909.4565846037622,944.5394795588035,909.4565846037622,929.6967163085938,353900
2015-06-03 00:00:00+09:00,924.2994199756956,945.8888954787776,924.2994199756956,930.3714599609375,126600
2015-06-04 00:00:00+09:00,927.6726457494251,932.3953428550585,906.0831732665293,912.1552124023438,202100
2015-06-05 00:00:00+09:00,917.5529146742547,947.23845014901,917.5529146742547,939.1423950195312,175800
2015-06-08 00:00:00+09:00,944.539623053926,949.9369923285199,930.3715287081171,934.4195556640625,83900
2015-06-09 00:00:00+09:00,926.998048543587,959.3822598464197,923.624693199542,937.7927856445312,177700
2015-06-10 00:00:00+09:00,929.696842068577,939.816909289933,919.5767748472209,926.323486328125,119300
2015-06-11 00:00:00+09:00,937.1181112966229,949.2621904926915,936.4434402301747,941.1661376953125,94300
2015-06-12 00:00:00+09:00,937.7929922591808,946.5637180860651,925.6489103450331,928.3475952148438,231600
2015-06-15 00:00:00+09:00,924.2992906739727,931.0460008248775,908.7818573268913,912.1552124023438,111100
2015-06-16 00:00:00+09:00,917.552734375,926.9981301700368,907.4326674517463,917.552734375,132200
2015-06-17 00:00:00+09:00,917.5526386617998,926.3233624137141,911.4805991412438,915.5286254882812,124900
2015-06-18 00:00:00+09:00,914.1793512855535,915.5286935014732,902.7099424502367,908.781982421875,93100
2015-06-19 00:00:00+09:00,924.9742391275804,946.5637180860651,922.9502254752225,928.3475952148438,266300
2015-06-22 00:00:00+09:00,920.9260268491045,934.4194484879192,920.2513557671638,931.7207641601562,100500
2015-06-23 00:00:00+09:00,942.5156592668806,949.2623712158203,931.0462489536831,944.5396728515625,122400
2015-06-24 00:00:00+09:00,951.286447337597,952.6357898160901,933.7449951171875,933.7449951171875,176200
2015-06-25 00:00:00+09:00,933.7447108804745,940.4914212192062,924.29931640625,924.29931640625,104100
2015-06-26 00:00:00+09:00,924.9741167853861,933.744841452206,914.1793787339154,917.552734375,104800
2015-06-29 00:00:00+09:00,890.5659864606899,904.0594104979732,886.517959249505,894.614013671875,130100
2015-06-30 00:00:00+09:00,893.9393685236183,906.0834505111089,877.7472592069641,903.384765625,163900
2015-07-01 00:00:00+09:00,908.1072271978101,910.8059113796759,901.3605167431458,907.4325561523438,47600
2015-07-02 00:00:00+09:00,910.8060760723436,918.9021300818755,910.1314049048825,913.5047607421875,66000
2015-07-03 00:00:00+09:00,914.1792111057468,914.1792111057468,900.6857910156251,900.685791015625,69100
2015-07-06 00:00:00+09:00,888.5416403405102,901.3603883788319,885.8429565429688,885.8429565429688,98700
2015-07-07 00:00:00+09:00,899.3365497123905,907.4326026730422,884.4937859511957,885.16845703125,125100
2015-07-08 00:00:00+09:00,885.1682161977092,885.8428870942014,846.7119750976562,846.7119750976562,201200
2015-07-09 00:00:00+09:00,814.3282130041788,844.0137485238009,805.5574866006541,841.3150634765625,141000
2015-07-10 00:00:00+09:00,842.6642110711308,853.4589487629947,834.5681578022328,840.6401977539062,99400
2015-07-13 00:00:00+09:00,846.7122694601225,868.9764167845719,846.7122694601225,856.8323364257812,82100
2015-07-14 00:00:00+09:00,879.096412465171,884.4937810758552,868.3016752438028,877.7470703125,88900
2015-07-15 00:00:00+09:00,883.1444040072166,886.5177592555253,871.0003251133053,875.7230224609375,71100
2015-07-16 00:00:00+09:00,885.8432919822076,893.939346440537,875.7232239092958,891.2406616210938,62300
2015-07-17 00:00:00+09:00,888.5419196966571,894.613960150165,883.819221566151,887.8672485351562,40400
2015-07-21 00:00:00+09:00,895.288509884396,906.0832470043284,893.2644966744087,898.661865234375,74300
2015-07-22 00:00:00+09:00,890.5658256716845,895.963194312119,885.16845703125,885.16845703125,123200
2015-07-23 00:00:00+09:00,889.8911446037379,900.6858817634496,881.7950917339541,895.2885131835938,50400
2015-07-24 00:00:00+09:00,902.0353006029885,902.7099717328337,888.5418780060852,892.5899047851562,63800
2015-07-27 00:00:00+09:00,892.5900391744912,893.93938163734,879.7712857774275,882.469970703125,78000
2015-07-28 00:00:00+09:00,875.0484845108663,877.0724979677149,854.8083499423806,865.6030883789062,78700
2015-07-29 00:00:00+09:00,873.0242716945598,878.4216396803067,852.1094707497906,868.3015747070312,90600
2015-07-30 00:00:00+09:00,877.0723710148972,883.8190815611656,864.928292031614,868.976318359375,101500
2015-07-31 00:00:00+09:00,880.4457268480984,895.2884900593307,877.0723715728184,893.9391479492188,83300
2015-08-03 00:00:00+09:00,889.8914341915696,889.8914341915696,876.398008350909,887.1927490234375,55500
2015-08-04 00:00:00+09:00,887.8673055967898,895.2886888502585,879.7712511384605,891.2406616210938,119200
2015-08-05 00:00:00+09:00,891.2406730247878,903.3847548676691,885.1686321033471,891.9153442382812,66200
2015-08-06 00:00:00+09:00,903.38458726671,920.2513644748263,900.6859029134114,910.8059692382812,97000
2015-08-07 00:00:00+09:00,900.6858784443623,925.648708034206,893.9391677444045,923.6246948242188,122400
2015-08-10 00:00:00+09:00,942.5155429211878,966.8037029391999,929.022120688959,962.7556762695312,228700
2015-08-11 00:00:00+09:00,964.7797074909727,975.5744454768857,933.7448357814728,945.888916015625,136000
2015-08-12 00:00:00+09:00,939.8168171434451,951.2862255364375,929.6967509143341,931.7207641601562,120700
2015-08-13 00:00:00+09:00,929.6969536675347,972.8759123284361,929.6969536675347,965.4545288085938,156700
2015-08-14 00:00:00+09:00,967.4783705386369,973.550410521097,959.3823172286902,966.1290283203125,85200
2015-08-17 00:00:00+09:00,968.827898429468,985.0200081525231,968.827898429468,984.3453369140625,126900
2015-08-18 00:00:00+09:00,978.9478988279906,983.6705971683049,967.4784885729418,980.2972412109375,129200
2015-08-19 00:00:00+09:00,974.2250653334066,989.742500584562,952.6355902013644,958.032958984375,221900
2015-08-20 00:00:00+09:00,957.3583251256575,973.550432104527,945.2142448915054,945.888916015625,113600
2015-08-21 00:00:00+09:00,918.2273429688953,935.7687911079043,906.7579345703125,906.7579345703125,143400
2015-08-24 00:00:00+09:00,866.9521019924209,883.8188744047249,846.7119750976562,846.7119750976562,220700
2015-08-25 00:00:00+09:00,809.6054573472686,843.3390180700715,800.8347315593398,808.9307861328125,193100
2015-08-26 00:00:00+09:00,809.6052644280272,827.8213828776578,802.183882837437,819.0506591796875,166900
2015-08-27 00:00:00+09:00,830.5202293768768,850.7603649425196,823.7735175216625,828.4962158203125,134700
2015-08-28 00:00:00+09:00,857.5070088704427,883.8191830214635,848.0616130213584,878.4218139648438,141200
2015-08-31 00:00:00+09:00,871.0002755367395,896.6377739646218,865.602907446659,890.5657348632812,184300
2015-09-01 00:00:00+09:00,883.1443188476562,893.2643836167279,856.8321504480698,860.2055053710938,106100
2015-09-02 00:00:00+09:00,836.5921721783379,875.7230963608731,830.520132218979,851.4349365234375,156700
2015-09-03 00:00:00+09:00,856.8323364257814,882.4698394054503,853.4589807705617,856.8323364257812,80300
2015-09-04 00:00:00+09:00,863.5790106275304,863.5790106275304,823.7734156064175,833.2188110351562,158300
2015-09-07 00:00:00+09:00,838.6161165977721,887.1924322816334,835.9174323931131,886.5177612304688,201500
2015-09-08 00:00:00+09:00,879.7711746586236,883.1445303896767,860.8803825647268,861.5550537109375,119200
2015-09-09 00:00:00+09:00,877.0725624234068,895.288684873739,868.3018367991727,894.614013671875,121900
2015-09-10 00:00:00+09:00,874.3737099366523,907.4325924882695,874.3737099366523,895.2885131835938,138500
2015-09-11 00:00:00+09:00,875.0484930022759,912.8300778967458,869.6511237316374,902.0353393554688,173500
2015-09-14 00:00:00+09:00,898.6619835613196,909.4567221025967,890.5659296553617,902.0353393554688,125500
2015-09-15 00:00:00+09:00,906.757824491558,909.456508493021,874.3736164740023,879.0963134765625,99900
2015-09-16 00:00:00+09:00,886.5177357991536,889.216419926396,866.9522758766457,874.3736572265625,61800
2015-09-17 00:00:00+09:00,886.5177087957209,891.2404058745414,880.4456696943804,890.5657348632812,55200
2015-09-18 00:00:00+09:00,881.1205940568128,889.8913197250658,866.2778275413075,880.4459228515625,91400
2015-09-24 00:00:00+09:00,866.9523032806205,876.3976980245338,858.1815795898438,858.1815795898438,113300
2015-09-25 00:00:00+09:00,862.2296324384973,862.2296324384973,829.8454208915115,856.1575927734375,186300
2015-09-28 00:00:00+09:00,855.4743029087339,878.0227469949864,847.958154879983,872.5564575195312,92000
2015-09-29 00:00:00+09:00,856.8408383559236,856.8408383559236,824.0431029164623,827.4595336914062,137600
2015-09-30 00:00:00+09:00,839.7590045499649,858.2077377662781,828.1431354878416,850.00830078125,113700
2015-10-01 00:00:00+09:00,862.307260233079,872.5565541344231,841.808672430391,865.0404052734375,74900
2015-10-02 00:00:00+09:00,875.289635455119,886.2222148206786,867.7734871412968,882.1224975585938,107600
2015-10-05 00:00:00+09:00,890.3221630441064,891.0054494317075,871.8734305788794,877.3397216796875,87900
2015-10-06 00:00:00+09:00,894.4216332355529,903.3043538100848,879.3893368786528,895.1049194335938,77900
2015-10-07 00:00:00+09:00,897.8380579336729,917.653357537993,894.4216269674108,910.8204956054688,100500
2015-10-08 00:00:00+09:00,915.6037905133509,927.9029459083063,903.3046351183954,906.0377807617188,142200
2015-10-09 00:00:00+09:00,901.9378989483835,929.9526367187499,901.9378989483835,929.95263671875,91800
2015-10-13 00:00:00+09:00,923.1197601656193,940.885203366438,916.9701836730281,925.8529052734375,73700
2015-10-14 00:00:00+09:00,915.6035342771961,917.6533929360256,899.8879512261695,903.3043823242188,61800
2015-10-15 00:00:00+09:00,897.8381872640765,916.9702034310432,894.4217558056897,913.5537719726562,114200
2015-10-16 00:00:00+09:00,921.7532074727849,929.269356681236,910.8206268059467,913.5537719726562,67700
2015-10-19 00:00:00+09:00,908.7706298828125,912.8703470101034,895.1049061251763,908.7706298828125,59500
2015-10-20 00:00:00+09:00,906.0377807617189,912.8706448700274,901.2547758859029,906.0377807617188,30200
2015-10-21 00:00:00+09:00,906.037409753258,940.20171630504,900.5711207049728,938.8351440429688,104800
2015-10-22 00:00:00+09:00,940.2019271960678,955.9175117349556,937.46878205887,947.0347900390625,105500
2015-10-23 00:00:00+09:00,970.2663670229107,988.7150937198253,960.0170744135138,972.99951171875,172200
2015-10-26 00:00:00+09:00,977.0993850318973,985.2988204307663,963.4336593671155,964.8002319335938,68100
2015-10-27 00:00:00+09:00,964.8001187331384,964.8001187331384,948.4012498594874,949.767822265625,46000
2015-10-28 00:00:00+09:00,946.3515377112749,959.3339775787941,940.2019609319236,957.2841186523438,46300
2015-10-29 00:00:00+09:00,962.066946002493,966.8499492851757,950.451080887406,959.3338012695312,53400
2015-10-30 00:00:00+09:00,956.6009131898271,971.6332132542386,946.3516176913646,963.4337768554688,60800
2015-11-02 00:00:00+09:00,951.8175805326458,955.9172973188597,938.151857911933,938.8351440429688,57000
2015-11-04 00:00:00+09:00,954.5507054716285,962.7501388758228,947.0345581844502,950.4509887695312,51500
2015-11-05 00:00:00+09:00,957.9672289030505,970.2663802013778,948.4012223376848,959.3338012695312,58600
2015-11-06 00:00:00+09:00,970.2665221995064,970.2665221995064,954.5509376850074,964.8002319335938,50500
2015-11-09 00:00:00+09:00,958.6506108935238,979.8324846908861,957.967324641996,969.5831909179688,110300
2015-11-10 00:00:00+09:00,949.0845012749566,952.5009321650751,916.9700509078414,922.4363403320312,152200
2015-11-11 00:00:00+09:00,921.0698729042069,946.3514643711621,906.7208615310702,935.4188842773438,147000
2015-11-12 00:00:00+09:00,935.4187922294865,944.3015126816291,923.8029270228383,926.5360717773438,63800
2015-11-13 00:00:00+09:00,915.6033068252631,926.5358836231767,908.0871602766974,925.1693115234375,56800
2015-11-16 00:00:00+09:00,907.4042823966828,926.5363003990225,900.5714188244185,921.7532958984375,65500
2015-11-17 00:00:00+09:00,932.685640254729,936.102071171413,921.7530613213403,924.4862060546875,94600
2015-11-18 00:00:00+09:00,932.6856208432563,932.6856208432563,917.6533251227056,919.0198974609375,49700
2015-11-19 00:00:00+09:00,922.4364060621996,934.0522719163162,919.7032611553486,923.802978515625,68700
2015-11-20 00:00:00+09:00,910.8206358816444,916.2869262695312,901.9379140013283,916.2869262695312,78200
2015-11-24 00:00:00+09:00,914.2369596825412,924.4862529525248,912.8703872465433,920.3865356445312,67700
2015-11-25 00:00:00+09:00,920.3863588498673,920.3863588498673,870.5064745172464,905.3540649414062,159400
2015-11-26 00:00:00+09:00,911.5038030996764,919.019951401098,903.9876547982547,916.9700927734375,57400
2015-11-27 00:00:00+09:00,916.9700269101271,920.3864577108354,908.0873068282854,915.6034545898438,73900
2015-11-30 00:00:00+09:00,911.5036838745674,912.1869699944134,897.1546753578014,900.5711059570312,69500
2015-12-01 00:00:00+09:00,903.9877683997065,919.7033531867006,903.9877683997065,914.9203491210938,61900
2015-12-02 00:00:00+09:00,909.4540174254678,911.5038762175612,901.2545822570938,902.6211547851562,74100
2015-12-03 00:00:00+09:00,902.6208855041923,908.0871739856711,892.3715946014196,895.7880249023438,83800
2015-12-04 00:00:00+09:00,888.2723038813035,888.2723038813035,869.1402850284754,877.3397216796875,106400
2015-12-07 00:00:00+09:00,888.2718559348714,891.6882861500055,872.5562769452545,873.2395629882812,67400
2015-12-08 00:00:00+09:00,873.2397024972099,877.3394194103423,860.9405517578125,860.9405517578125,83500
2015-12-09 00:00:00+09:00,854.1080192737641,862.3074562587922,849.325014365831,850.00830078125,83800
2015-12-10 00:00:00+09:00,832.2425886026175,841.1253091706257,824.0431542321484,824.7264404296875,165900
2015-12-11 00:00:00+09:00,804.2279117514639,833.6092203371164,804.2279117514639,824.043212890625,160700
2015-12-14 00:00:00+09:00,806.9609584478684,834.9756911289545,805.5943861219617,830.1926879882812,80900
2015-12-15 00:00:00+09:00,824.0431542321484,849.3247435410948,822.6765818370701,824.7264404296875,112500
2015-12-16 00:00:00+09:00,832.2426826795723,842.4919768012419,829.5095375804605,834.2925415039062,75000
2015-12-17 00:00:00+09:00,862.3071941813282,865.0403390123308,844.5417527798112,845.9083251953125,85500
2015-12-18 00:00:00+09:00,847.274873714882,864.3570284268756,833.6091499452871,839.075439453125,87900
2015-12-21 00:00:00+09:00,826.7765502929688,832.2428415345752,813.1108221889527,826.7765502929688,95100
2015-12-22 00:00:00+09:00,824.043166056718,831.5593143375006,824.043166056718,828.1428833007812,41100
2015-12-24 00:00:00+09:00,837.0254315992996,853.4242971979797,828.1427127333478,831.5591430664062,85200
2015-12-25 00:00:00+09:00,831.5591430664062,831.5591430664062,831.5591430664062,831.5591430664062,0
2015-12-28 00:00:00+09:00,815.1605810426707,833.6093117117001,815.1605810426707,832.926025390625,37400
2015-12-29 00:00:00+09:00,827.4596787561266,837.0256866030181,822.6766748326806,834.2925415039062,35500
2015-12-30 00:00:00+09:00,837.0255224291535,845.2249561182555,832.9258055846026,839.7586669921875,39700
2016-01-04 00:00:00+09:00,823.3597949340617,843.8583790403039,820.6266503865628,821.3099365234375,98000
2016-01-05 00:00:00+09:00,817.2104447203466,824.7265942955337,807.6444361701084,815.8438720703125,66400
2016-01-06 00:00:00+09:00,815.1603489898577,827.4594992679947,785.7790455476415,800.8113403320312,135300
2016-01-07 00:00:00+09:00,795.345264448294,801.4948412352653,773.4801025390625,773.4801025390625,96700
2016-01-08 00:00:00+09:00,770.0635423550467,787.8289834386592,768.013683768476,771.4301147460938,70400
2016-01-12 00:00:00+09:00,757.0810723820958,760.497503214145,743.4153490538991,744.7819213867188,99600
2016-01-13 00:00:00+09:00,757.7642927387686,781.6793064861599,752.9812899892904,777.57958984375,100500
2016-01-14 00:00:00+09:00,751.6147999515724,754.3479446786691,731.7995006801219,749.56494140625,139600
2016-01-15 00:00:00+09:00,758.4477736923722,767.3304953662467,740.6823303446229,746.1486206054688,106000
2016-01-18 00:00:00+09:00,725.650005086263,772.1134705720125,725.650005086263,737.9491577148438,66200
2016-01-19 00:00:00+09:00,737.2658898409675,750.2483290504007,734.5327447442447,743.4154663085938,109100
2016-01-20 00:00:00+09:00,741.365541566093,749.5649761271927,724.2833862304688,724.2833862304688,99000
2016-01-21 00:00:00+09:00,708.5678525874636,731.1162991982508,698.3185586734694,703.1015625,191200
2016-01-22 00:00:00+09:00,723.600210588212,741.3656548519452,708.5679115958224,739.3157958984375,107500
2016-01-25 00:00:00+09:00,759.8142113972652,767.3303591718785,743.4153435253819,760.4974975585938,133700
2016-01-26 00:00:00+09:00,739.9990024673206,748.1984373977065,733.1661400253324,733.8494262695312,60500
2016-01-27 00:00:00+09:00,754.3480545617174,767.3304939065296,753.6647682804114,763.9140625,60200
2016-01-28 00:00:00+09:00,759.8142770809977,773.4800014889294,757.7644184198081,761.8641357421875,66600
2016-01-29 00:00:00+09:00,761.8641382006965,783.0460111013437,752.9814173068767,780.3128662109375,94600
2016-02-01 00:00:00+09:00,798.7615089745925,798.7615089745925,785.7790721306941,791.245361328125,79000
2016-02-02 00:00:00+09:00,782.3627551850819,802.8613426571801,772.1134614490328,789.1956176757812,65600
2016-02-03 00:00:00+09:00,772.1134122442253,772.1134122442253,748.1983950508201,757.0811157226562,78900
2016-02-04 00:00:00+09:00,744.7819213867188,755.0312138828663,737.9490597226204,744.7819213867188,80500
2016-02-05 00:00:00+09:00,734.5326680369558,745.465247282157,728.3830922115301,738.6323852539062,107200
2016-02-08 00:00:00+09:00,723.600118633598,754.3479990287934,719.500401247572,747.51513671875,59200
2016-02-09 00:00:00+09:00,716.7673186256687,735.2160484663675,707.8845968505174,730.4330444335938,142900
2016-02-10 00:00:00+09:00,732.4828935599285,772.1134978756709,732.4828935599285,763.9140625,370800
2016-02-12 00:00:00+09:00,750.9315725730283,780.9961669253606,748.1984276319072,748.8817138671875,256700
2016-02-15 00:00:00+09:00,769.3801601143622,820.6266183813046,765.2804434530068,812.4271850585938,205200
2016-02-16 00:00:00+09:00,812.4272142817886,851.3745239656084,810.3773558773769,837.7088012695312,166800
2016-02-17 00:00:00+09:00,837.0257204874573,849.3248739313547,810.3775546923464,826.0931396484375,177900
2016-02-18 00:00:00+09:00,843.8584014111368,850.6912629610246,821.3099582965073,827.4595336914062,242900
2016-02-19 00:00:00+09:00,827.4595672763389,827.4595672763389,793.2952581402391,802.177978515625,200800
2016-02-22 00:00:00+09:00,802.8614318949893,828.1430259206187,802.8614318949893,815.8438720703125,181500
2016-02-23 00:00:00+09:00,815.8437971635299,819.943514737216,802.1780719179096,811.7440795898438,151300
2016-02-24 00:00:00+09:00,802.8611987117207,826.0929270148683,797.3949096992154,800.8113403320312,158800
2016-02-25 00:00:00+09:00,806.9609204959246,839.7586547751831,806.9609204959246,836.3422241210938,92100
2016-02-26 00:00:00+09:00,834.2924216227283,840.4419972120851,793.2952510270169,800.1281127929688,208600
2016-02-29 00:00:00+09:00,811.0608036832989,828.1429604584316,796.7117919921875,796.7117919921875,178100
2016-03-01 00:00:00+09:00,796.7118188243239,799.4449640003936,775.5299437097835,786.4625244140625,126900
2016-03-02 00:00:00+09:00,797.3949847132322,810.3774223392403,797.3949847132322,804.9111328125,238600
2016-03-03 00:00:00+09:00,802.1780535164526,812.4273472155555,800.128194776632,806.2777709960938,139100
2016-03-04 00:00:00+09:00,807.6442113381615,839.075373539139,804.2277806641422,837.7088012695312,175500
2016-03-07 00:00:00+09:00,837.7089419372658,851.3746669280857,833.6092244400197,843.1752319335938,87600
2016-03-08 00:00:00+09:00,831.5593500664893,832.2426363031915,795.3451795212766,802.861328125,202000
2016-03-09 00:00:00+09:00,788.5123741196463,791.9288055499741,772.7967895401387,783.7293701171875,133900
2016-03-10 00:00:00+09:00,789.1957123585237,806.2778706346822,787.829139696431,799.4450073242188,128300
2016-03-11 00:00:00+09:00,789.8789010775291,813.7939197087692,785.7791835978879,806.2777709960938,166600
2016-03-14 00:00:00+09:00,810.377453193056,817.2103153616315,800.1281599401927,813.7938842773438,154300
2016-03-15 00:00:00+09:00,805.5944190033425,813.1105671026104,798.7615570949173,804.9111328125,138400
2016-03-16 00:00:00+09:00,796.0283153793059,804.2277486707666,791.9285987335755,794.6617431640625,124800
2016-03-17 00:00:00+09:00,797.3948389340754,815.8435627140411,789.8786922089041,798.078125,121800
2016-03-18 00:00:00+09:00,792.61213284603,808.3277182386668,788.512414917516,796.028564453125,126100
2016-03-22 00:00:00+09:00,803.5447025693696,804.2279888810782,782.3628269064016,792.6121215820312,182000
2016-03-23 00:00:00+09:00,790.5622073428731,792.6120661346005,767.3304743699624,776.2131958007812,251700
2016-03-24 00:00:00+09:00,768.013735631469,773.480025564789,748.1984346231837,750.9315795898438,347300
2016-03-25 00:00:00+09:00,755.0313110351564,759.131028561139,739.3157271855557,755.0313110351562,277600
2016-03-28 00:00:00+09:00,761.180751953125,786.4623388671874,759.1308935546874,768.6968994140625,158500
2016-03-29 00:00:00+09:00,761.740514767138,781.9144644732997,761.740514767138,781.2188110351562,142900
2016-03-30 00:00:00+09:00,777.0447695892636,780.5230362391709,760.3490896697092,772.870849609375,174700
2016-03-31 00:00:00+09:00,772.1753832089005,785.392799678242,772.1753832089005,776.3493041992188,142800
2016-04-01 00:00:00+09:00,775.6535845083615,777.0448913864034,723.4795765817901,732.5230712890625,320800
2016-04-04 00:00:00+09:00,736.0012921420011,754.0882804177024,724.1751844232733,734.6099853515625,148100
2016-04-05 00:00:00+09:00,733.91440370141,772.1753441787348,711.6534928782394,713.0447998046875,114700
2016-04-06 00:00:00+09:00,708.8708258869634,718.6099736420346,697.0447178986627,699.8273315429688,125300
2016-04-07 00:00:00+09:00,698.4360770769817,720.0013344369283,697.0447701505335,713.0447998046875,123200
2016-04-08 00:00:00+09:00,701.9141541995948,732.522898287585,697.0445812765054,722.7837524414062,90700
2016-04-11 00:00:00+09:00,722.088248048775,729.7404356485212,704.0012591766476,715.1317138671875,115100
2016-04-12 00:00:00+09:00,716.5229632363936,736.696910744991,716.5229632363936,726.957763671875,117500
2016-04-13 00:00:00+09:00,738.0881499670502,749.2186027469492,723.4794306934328,740.1751098632812,96900
2016-04-14 00:00:00+09:00,757.5665123110912,763.827392578125,741.5664849620048,763.827392578125,131700
2016-04-15 00:00:00+09:00,756.1753801302673,772.8710646961609,756.1753801302673,768.6971435546875,111100
2016-04-18 00:00:00+09:00,734.6099884232293,755.4795903670711,734.6099884232293,746.4360961914062,103200
2016-04-19 00:00:00+09:00,767.3058723228564,774.2624078833538,761.0449903184088,768.0015258789062,76200
2016-04-20 00:00:00+09:00,768.0013127561475,779.8274199272114,758.262165674095,763.827392578125,139400
2016-04-21 00:00:00+09:00,779.1317645666221,784.0013380951634,768.0013107870989,780.5230712890625,109400
2016-04-22 00:00:00+09:00,775.6534516696041,791.6534780269143,770.7838784304228,790.9578247070312,75000
2016-04-25 00:00:00+09:00,795.8274557931082,795.8274557931082,772.870894568307,779.1317749023438,65900
2016-04-26 00:00:00+09:00,777.0448205336085,784.0013542895047,765.9143665241745,774.26220703125,53900
2016-04-27 00:00:00+09:00,775.653564453125,785.3927123476037,764.5231097165779,775.653564453125,93100
2016-04-28 00:00:00+09:00,781.2188234117297,792.3492785983616,739.4796164618598,751.3057250976562,106200
2016-05-02 00:00:00+09:00,713.0447749964758,737.3926453622091,713.0447749964758,732.5230712890625,137500
2016-05-06 00:00:00+09:00,727.6534469125387,742.9578215129936,723.4795265669601,731.1317138671875,101200
2016-05-09 00:00:00+09:00,738.7839777039849,765.9144627609109,731.8274430740038,733.21875,86000
2016-05-10 00:00:00+09:00,741.5664061367622,755.4794719179397,732.5229133789968,749.9142456054688,90900
2016-05-11 00:00:00+09:00,791.6537467845972,791.6537467845972,752.697147645812,768.0015258789062,130900
2016-05-12 00:00:00+09:00,753.392627364848,763.1317749023438,748.5230535961001,763.1317749023438,51400
2016-05-13 00:00:00+09:00,760.3492220189241,763.131835823202,741.5665788400486,742.9578857421875,72600
2016-05-16 00:00:00+09:00,745.7404680589502,751.3056954325244,740.1752406853759,747.1317749023438,59400
2016-05-17 00:00:00+09:00,756.1752112342283,759.6534780752321,740.1751837656108,758.9578247070312,113900
2016-05-18 00:00:00+09:00,756.175220402883,765.9143676757812,749.2186866365272,765.9143676757812,68300
2016-05-19 00:00:00+09:00,773.5664573179473,777.7403770516772,753.3925119382526,758.2620849609375,43000
2016-05-20 00:00:00+09:00,754.7839193675375,763.1317599504042,749.2186923122929,761.0447998046875,42300
2016-05-23 00:00:00+09:00,756.1753182130701,757.5666251463049,748.5231300802792,756.8709716796875,45100
2016-05-24 00:00:00+09:00,755.4795670262475,767.3056744290525,748.5230332598916,765.9143676757812,109700
2016-05-25 00:00:00+09:00,784.6970076650942,790.2622346698113,769.3926334021226,774.26220703125,85200
2016-05-26 00:00:00+09:00,784.0014819860032,790.2623633860688,776.3492936081451,777.7406005859375,45900
2016-05-27 00:00:00+09:00,782.6101830665101,786.0884505468057,774.9579946098597,784.6971435546875,46700
2016-05-30 00:00:00+09:00,789.5666311648216,789.5666311648216,777.044869613309,784.0014038085938,33700
2016-05-31 00:00:00+09:00,780.5231278982136,790.2622756616495,774.2622471931478,777.0448608398438,94400
2016-06-01 00:00:00+09:00,769.3927212419181,792.3492852572738,769.3927212419181,786.7840576171875,75500
2016-06-02 00:00:00+09:00,777.0448170125919,779.8274305023416,761.0447894465314,762.4360961914062,80800
2016-06-03 00:00:00+09:00,757.5666569905449,771.4797269077266,747.1318545526585,752.6970825195312,57400
2016-06-06 00:00:00+09:00,740.1751822916666,740.1751822916666,724.1751548549107,730.43603515625,85300
2016-06-07 00:00:00+09:00,731.13170804058,740.1752020505966,726.2621343428787,736.0012817382812,132600
2016-06-08 00:00:00+09:00,736.0012316941301,736.0012316941301,722.0881649324264,726.2620849609375,77400
2016-06-09 00:00:00+09:00,728.3490040130035,733.2185771057361,723.4794309202709,731.8272705078125,71000
2016-06-10 00:00:00+09:00,733.2187204142563,739.4796013286095,719.3056517156936,729.0447998046875,103900
2016-06-13 00:00:00+09:00,730.4359914295709,730.4359914295709,697.7402851465329,699.131591796875,89700
2016-06-14 00:00:00+09:00,695.6533720999053,703.3055591930042,683.131611402107,688.6968383789062,79000
2016-06-15 00:00:00+09:00,688.6968326855567,703.3055533788867,686.6098725865096,693.56640625,77300
2016-06-16 00:00:00+09:00,692.1752592005922,698.4361409421051,671.3056533955491,672.6969604492188,93800
2016-06-17 00:00:00+09:00,679.6534957175663,687.3056845127488,671.3056533955491,672.6969604492188,51600
2016-06-20 00:00:00+09:00,682.4360393655712,692.175187735722,681.7403859105603,685.914306640625,84100
2016-06-21 00:00:00+09:00,683.1317138671875,690.0882486316191,671.3056047676537,683.1317138671875,110200
2016-06-22 00:00:00+09:00,678.2620596445072,681.044673222536,667.8272587268995,677.56640625,86400
2016-06-23 00:00:00+09:00,667.1315938972751,688.0011953747708,667.1315938972751,687.3055419921875,106700
2016-06-24 00:00:00+09:00,693.5664483756976,697.7403688273066,628.1750279671564,630.9576416015625,175200
2016-06-27 00:00:00+09:00,642.0881138279985,649.0446481056583,627.479391844913,644.8707275390625,78900
2016-06-28 00:00:00+09:00,627.4793334293886,646.2619742304901,624.0010666143698,636.5228271484375,85500
2016-06-29 00:00:00+09:00,646.9576860616763,657.3924874497678,640.0011518029486,653.2185668945312,63800
2016-06-30 00:00:00+09:00,653.2184657864556,660.8706522866164,640.0010527407233,642.0880126953125,109100
2016-07-01 00:00:00+09:00,648.3490137763201,655.3055482588987,643.4794396385151,650.4359741210938,65000
2016-07-04 00:00:00+09:00,642.088088626738,649.7402760318237,639.3054750248887,644.175048828125,55000
2016-07-05 00:00:00+09:00,646.9576312544009,649.7402447221617,637.2184841172378,648.3489379882812,94100
2016-07-06 00:00:00+09:00,639.305419921875,643.4793399648905,631.6532331763466,639.305419921875,82300
2016-07-07 00:00:00+09:00,640.0011849170398,650.4359868450351,637.9142245314408,640.6968383789062,89000
2016-07-08 00:00:00+09:00,646.2619280615127,650.4358479413502,630.2619018554688,630.2619018554688,64700
2016-07-11 00:00:00+09:00,630.2619018554688,630.2619018554688,630.2619018554688,630.2619018554688,0
2016-07-12 00:00:00+09:00,671.3055691829018,683.8273310951216,662.2620744685207,663.6533813476562,87400
2016-07-13 00:00:00+09:00,682.4358929499815,682.4358929499815,673.3923999751091,676.8706665039062,64900
2016-07-14 00:00:00+09:00,667.827215044596,669.2185217426055,656.0011081115146,662.9576416015625,133100
2016-07-15 00:00:00+09:00,673.3925545062624,713.7404554994062,672.6969010408634,704.6969604492188,183100
2016-07-19 00:00:00+09:00,714.436066540635,720.0012939333566,700.522998058831,710.2621459960938,73800
2016-07-20 00:00:00+09:00,708.8707679308521,711.6533813476562,695.6533542010325,711.6533813476562,60500
2016-07-21 00:00:00+09:00,722.7839076297174,724.8708679019879,700.522998058831,710.2621459960938,104800
2016-07-22 00:00:00+09:00,701.9142343888418,712.3490347018572,701.9142343888418,711.6533813476562,41900
2016-07-25 00:00:00+09:00,715.131642521238,722.7838293575546,710.2620690799454,716.52294921875,70700
2016-07-26 00:00:00+09:00,716.5230373872977,717.9143442560108,705.3925824375921,708.870849609375,67600
2016-07-27 00:00:00+09:00,719.3055515800855,729.0446983132782,715.8272848896596,726.2620849609375,108000
2016-07-28 00:00:00+09:00,720.696949982689,726.2621773956828,710.95780200995,722.0882568359375,90100
2016-07-29 00:00:00+09:00,720.0011698897325,720.0011698897325,700.5228773709765,718.60986328125,58500
2016-08-01 00:00:00+09:00,703.3055523361039,706.0881657973744,692.1750984910221,701.9142456054688,48100
2016-08-02 00:00:00+09:00,693.5663651955068,704.0011650730721,693.5663651955068,699.131591796875,51600
2016-08-03 00:00:00+09:00,692.1751961459117,699.131730780544,690.7838892189852,692.870849609375,81600
2016-08-04 00:00:00+09:00,693.5664568376972,701.2186444256757,686.6099226668075,694.957763671875,70400
2016-08-05 00:00:00+09:00,694.9577502739138,700.5229775033346,682.4359890077172,684.52294921875,72200
2016-08-08 00:00:00+09:00,698.4360307573198,698.4360307573198,687.3055760838964,694.957763671875,78600
2016-08-09 00:00:00+09:00,684.5230039101917,694.2621523398083,684.5230039101917,689.392578125,61600
2016-08-10 00:00:00+09:00,690.0882273706897,690.0882273706897,678.2621186355066,685.914306640625,70800
2016-08-12 00:00:00+09:00,691.4794681716281,695.653388502644,676.8707470130727,682.4359741210938,67100
2016-08-15 00:00:00+09:00,677.5664076458144,678.2620610417547,667.1316067067105,669.2185668945312,57300
2016-08-16 00:00:00+09:00,669.2185804578993,674.0881543281752,651.131591796875,651.131591796875,67800
2016-08-17 00:00:00+09:00,640.6967645179885,660.870712586416,637.9141509913089,658.7837524414062,85900
2016-08-18 00:00:00+09:00,643.4793712536581,646.9576381252995,634.4358773873904,635.1315307617188,122800
2016-08-19 00:00:00+09:00,635.1316292457867,651.1316593363159,632.349015316999,646.2620849609375,107500
2016-08-22 00:00:00+09:00,646.2619675956906,653.2185011543095,642.7837008163812,649.740234375,70700
2016-08-23 00:00:00+09:00,646.9576275934938,646.9576275934938,633.7402136964224,636.5228271484375,92300
2016-08-24 00:00:00+09:00,645.5664711448285,656.6969275438773,642.0882035201258,649.0447387695312,105500
2016-08-25 00:00:00+09:00,649.044545877277,649.7401991954733,640.0010527407233,642.0880126953125,96100
2016-08-26 00:00:00+09:00,641.3923593771161,646.9575859226876,639.3053994225268,642.0880126953125,86700
2016-08-29 00:00:00+09:00,653.9141787697168,659.4794058230761,651.1315652430372,658.7837524414062,67500
2016-08-30 00:00:00+09:00,653.9141695883637,657.3924364478763,651.1315561007538,651.8272094726562,70500
2016-08-31 00:00:00+09:00,660.1751722252887,674.7838957413384,658.7838652237602,672.0012817382812,98100
2016-09-01 00:00:00+09:00,665.0446420189231,669.9142157575553,662.2620284539904,665.7402954101562,91400
2016-09-02 00:00:00+09:00,664.3489840852112,664.3489840852112,654.609836674538,662.2620239257812,84000
2016-09-05 00:00:00+09:00,680.3491237474525,681.0447772482167,671.305628237517,672.0012817382812,89800
2016-09-06 00:00:00+09:00,673.3925740686657,674.0882275542738,662.2621182989357,669.914306640625,72000
2016-09-07 00:00:00+09:00,668.5229063510409,682.4359741210938,667.1315995740356,682.4359741210938,83600
2016-09-08 00:00:00+09:00,683.8273885840043,683.8273885840043,674.783893109343,680.34912109375,58900
2016-09-09 00:00:00+09:00,685.2186615112795,694.9578099997647,683.827354584353,692.870849609375,121300
2016-09-12 00:00:00+09:00,683.8273885840043,685.9143490781569,672.6969326151903,680.34912109375,91600
2016-09-13 00:00:00+09:00,680.3489744828772,684.5228945717292,671.3054809570312,671.3054809570312,84800
2016-09-14 00:00:00+09:00,666.4360162674752,670.6099370374177,658.0881747275904,660.8707885742188,133300
2016-09-15 00:00:00+09:00,656.6966959635417,665.0445353190105,648.348856608073,659.4793090820312,138300
2016-09-16 00:00:00+09:00,665.7402895852243,671.3055166663964,660.1750625040521,670.60986328125,101400
2016-09-20 00:00:00+09:00,664.3489815758877,684.5229297075115,664.3489815758877,678.9577026367188,196000
2016-09-21 00:00:00+09:00,681.0447426256517,705.3926139146179,674.0882079716614,704.6969604492188,110500
2016-09-23 00:00:00+09:00,706.783819162692,706.783819162692,697.0446720482455,701.9142456054688,76000
2016-09-26 00:00:00+09:00,701.9143361058728,710.2621775660022,701.9143361058728,706.0882568359375,63500
2016-09-27 00:00:00+09:00,700.5229716929355,717.914306640625,690.7838241222294,717.914306640625,137600
2016-09-28 00:00:00+09:00,715.7903163313514,721.4543346603829,712.9583071668357,720.038330078125,68300
2016-09-29 00:00:00+09:00,724.2863159179688,740.5703679865056,724.2863159179688,732.0743408203125,72300
2016-09-30 00:00:00+09:00,727.8263769815134,731.3663885427076,719.3303492346474,730.6583862304688,124500
2016-10-03 00:00:00+09:00,734.9062829696197,736.3222873684051,725.7022543775147,731.3662719726562,69100
2016-10-04 00:00:00+09:00,738.4464315730239,762.5185108381081,738.4464315730239,756.8544921875,205700
2016-10-05 00:00:00+09:00,760.3944089500161,761.1024111929863,750.4823775484331,752.6063842773438,146900
2016-10-06 00:00:00+09:00,754.730291307587,755.4382934570312,749.7742762614771,755.4382934570312,67800
2016-10-07 00:00:00+09:00,750.4824380146503,760.3944702148438,750.4824380146503,760.3944702148438,48300
2016-10-11 00:00:00+09:00,753.3144914215686,763.2265242034314,751.8984867384454,758.2705078125,65700
2016-10-12 00:00:00+09:00,757.5625649838262,771.014610530268,757.5625649838262,766.05859375,113200
2016-10-13 00:00:00+09:00,764.6425334898719,767.4745428731677,758.9785147232803,766.7665405273438,92900
2016-10-14 00:00:00+09:00,765.350536744986,765.350536744986,750.4824874650187,758.978515625,83500
2016-10-17 00:00:00+09:00,763.2263855540424,773.1384165352637,763.2263855540424,771.722412109375,44200
2016-10-18 00:00:00+09:00,769.5984608043324,778.802490234375,764.6424449573863,778.802490234375,52600
2016-10-19 00:00:00+09:00,779.5105590820312,783.0505707036572,773.1385381631045,779.5105590820312,42800
2016-10-20 00:00:00+09:00,780.9263702117645,785.8823852539062,775.2623530207453,785.8823852539062,39100
2016-10-21 00:00:00+09:00,791.5464808214707,792.9624852594341,785.174460850636,788.0064697265625,54200
2016-10-24 00:00:00+09:00,785.1746096807217,792.2546332125587,784.466607327538,791.546630859375,41400
2016-10-25 00:00:00+09:00,796.5025356837682,797.9185401916504,790.130515398298,792.9625244140625,66300
2016-10-26 00:00:00+09:00,792.9625630822982,799.3345836784952,792.9625630822982,797.9185791015625,86900
2016-10-27 00:00:00+09:00,792.9625355113636,797.2105490944601,791.5465309836648,794.3785400390625,66400
2016-10-28 00:00:00+09:00,796.5026122513817,814.2026703014124,796.5026122513817,810.6626586914062,120900
2016-10-31 00:00:00+09:00,810.6626476911944,811.3706500035884,800.7506153176776,809.2466430664062,83800
2016-11-01 00:00:00+09:00,807.1225918275524,811.37060546875,802.8745781863547,811.37060546875,78100
2016-11-02 00:00:00+09:00,800.0426545237978,802.166661571206,778.8025840497146,783.0505981445312,129900
2016-11-04 00:00:00+09:00,785.8825855289742,787.298590187585,768.8905296256451,780.2185668945312,106900
2016-11-07 00:00:00+09:00,792.9624852594341,800.0425074492504,783.7584564126727,788.0064697265625,95500
2016-11-08 00:00:00+09:00,792.2544404953351,807.1224862955157,784.4664165047643,805.7064819335938,57300
2016-11-09 00:00:00+09:00,785.8825128728693,795.0865423029119,725.7023204456675,732.0743408203125,199400
2016-11-10 00:00:00+09:00,809.9545843431813,818.4506114516762,792.2545278671502,817.0346069335938,174200
2016-11-11 00:00:00+09:00,814.2025808194129,828.3626257032288,790.130504516926,799.3345336914062,143400
2016-11-14 00:00:00+09:00,803.5826294473756,817.74267578125,795.7946039637445,817.74267578125,120400
2016-11-15 00:00:00+09:00,815.618726534894,818.4507360020291,797.2106649985162,801.4586791992188,56700
2016-11-16 00:00:00+09:00,814.9106726234136,815.6186749454148,802.1666308273915,810.6626586914062,84300
2016-11-17 00:00:00+09:00,804.9986346584934,813.4946624649155,802.166625389686,809.9546508789062,125800
2016-11-18 00:00:00+09:00,825.5305617669484,825.5305617669484,807.8305068405558,823.4065551757812,72300
2016-11-21 00:00:00+09:00,829.0706674866757,836.8586925441936,828.3626652087196,835.4426879882812,55600
2016-11-22 00:00:00+09:00,835.4426162758227,842.5226384476517,832.610607407091,841.8146362304688,70000
2016-11-24 00:00:00+09:00,845.3548583984375,846.062860792406,837.5668320647835,845.3548583984375,38800
2016-11-25 00:00:00+09:00,846.7707460824134,855.9747759311354,840.3987254179137,853.8507690429688,110000
2016-11-28 00:00:00+09:00,856.682662777633,872.2587111917718,851.7266473731344,870.1347045898438,86900
2016-11-29 00:00:00+09:00,858.0987659435492,863.7627842006024,851.7267454043645,859.5147705078125,74800
2016-11-30 00:00:00+09:00,859.5149266043412,859.5149266043412,851.0188976757975,855.9749145507812,42000
2016-12-01 00:00:00+09:00,868.0109239607543,883.5869764298707,860.2228977261962,875.7989501953125,97100
2016-12-02 00:00:00+09:00,874.3828014116991,879.338817290146,868.7187832649026,872.966796875,52500
2016-12-05 00:00:00+09:00,870.8428399762325,874.3828515208513,863.7628168869949,871.5508422851562,66700
2016-12-06 00:00:00+09:00,877.9228851689018,882.1708991293965,870.8428619014106,874.3828735351562,89100
2016-12-07 00:00:00+09:00,880.7547495376662,881.4627517479054,868.010709753359,879.3387451171875,103500
2016-12-08 00:00:00+09:00,889.9588731180027,899.8709051177258,881.4628456896685,899.1629028320312,155800
2016-12-09 00:00:00+09:00,899.1630140238381,899.1630140238381,888.5429784251313,897.7470092773438,165300
2016-12-12 00:00:00+09:00,906.9507275791796,917.5707595180459,894.9146913817978,904.8267211914062,95100
2016-12-13 00:00:00+09:00,900.5788248192449,911.9068603515625,893.4988026115465,911.9068603515625,63100
2016-12-14 00:00:00+09:00,910.491057507911,910.491057507911,892.7909980695769,898.4550170898438,53800
2016-12-15 00:00:00+09:00,892.0827811104912,905.5348230478716,887.1267656598773,901.9948120117188,65000
2016-12-16 00:00:00+09:00,912.6147845197744,923.2348169230302,908.3667715584721,909.7827758789062,91000
2016-12-19 00:00:00+09:00,909.7829538541615,910.4909561528807,897.7469147759352,901.2869262695312,88200
2016-12-20 00:00:00+09:00,899.8710513500957,918.2791137695312,897.7470441478532,918.2791137695312,118100
2016-12-21 00:00:00+09:00,913.3228871253991,918.9869050300528,906.242864744582,914.7388916015625,90200
2016-12-22 00:00:00+09:00,915.4469381948617,923.2349631911057,906.2429086538461,920.4029541015625,114500
2016-12-26 00:00:00+09:00,923.9431600966212,924.6511625181512,916.8631358813215,921.8191528320312,67600
2016-12-27 00:00:00+09:00,918.9870757126228,934.5631278433451,909.7830449081049,928.8991088867188,91300
2016-12-28 00:00:00+09:00,929.6069779956614,930.3149802637464,921.1109507786409,927.4829711914062,50600
2016-12-29 00:00:00+09:00,920.4030652626637,923.2350746942411,911.1990346100371,918.987060546875,72100
2016-12-30 00:00:00+09:00,907.6588525883074,918.2788859649256,897.746821436797,912.6148681640625,77400
2017-01-04 00:00:00+09:00,916.1547867730754,973.502961215594,916.1547867730754,962.1749267578125,181700
2017-01-05 00:00:00+09:00,953.6788927637889,953.6788927637889,920.4027918284525,945.890869140625,170100
2017-01-06 00:00:00+09:00,922.5272851748158,931.7313179509268,916.155262483662,931.0233154296875,92300
2017-01-10 00:00:00+09:00,929.6068585155086,953.6789325364739,929.6068585155086,950.846923828125,133200
2017-01-11 00:00:00+09:00,948.7230279678688,948.7230279678688,934.5629827743186,941.6430053710938,73400
2017-01-12 00:00:00+09:00,941.6428206923154,941.6428206923154,920.4027570676767,933.8547973632812,85800
2017-01-13 00:00:00+09:00,924.6510224151034,935.2710571289062,911.9069807585399,935.2710571289062,107600
2017-01-16 00:00:00+09:00,927.4830722882481,931.7310863597972,909.783013656793,916.863037109375,77400
2017-01-17 00:00:00+09:00,909.7831313385225,916.1551532700763,899.871097222772,908.3671264648438,95600
2017-01-18 00:00:00+09:00,899.8711205365889,906.9511450884111,885.7110714329448,903.4111328125,65800
2017-01-19 00:00:00+09:00,910.490922288161,921.1109563739483,910.490922288161,920.4029541015625,34600
2017-01-20 00:00:00+09:00,911.19889149968,919.6949184600501,905.5348735261001,916.1549072265625,66300
2017-01-23 00:00:00+09:00,906.9511215911651,915.447150833237,905.5351167174865,908.3671264648438,35600
2017-01-24 00:00:00+09:00,907.6590066210183,919.6950464904078,906.2430019305019,916.863037109375,78000
2017-01-25 00:00:00+09:00,925.3589030229834,926.7749074652527,917.5708785905023,919.6948852539062,39500
2017-01-26 00:00:00+09:00,931.0230432433851,937.3950640716668,928.8990363006245,935.2710571289062,57000
2017-01-27 00:00:00+09:00,943.767158647863,945.1831633870195,927.4831041475622,928.8991088867188,52300
2017-01-30 00:00:00+09:00,925.3590643562914,926.0670667008638,917.5710385659935,924.6510620117188,45200
2017-01-31 00:00:00+09:00,914.7388748393862,917.5708837398176,905.5348459129837,912.6148681640625,43200
2017-02-01 00:00:00+09:00,897.0390750660616,942.351230396944,885.003033806296,938.8112182617188,141600
2017-02-02 00:00:00+09:00,947.3072400071105,947.3072400071105,916.8631358813215,921.8191528320312,53900
2017-02-03 00:00:00+09:00,922.526955314811,935.9789984084268,920.4029485105558,927.4829711914062,58300
2017-02-06 00:00:00+09:00,938.1031056652489,938.1031056652489,927.4830705067744,932.4390869140625,31800
2017-02-07 00:00:00+09:00,923.2349575828961,933.1469893360867,923.2349575828961,927.4829711914062,35700
2017-02-08 00:00:00+09:00,931.0229387033298,945.1829833984375,926.7749252947975,945.1829833984375,43400
2017-02-09 00:00:00+09:00,923.9431707955262,950.8472631252043,923.2351683657978,947.3072509765625,112300
2017-02-10 00:00:00+09:00,956.5110897818647,1017.3992864667207,956.5110897818647,1016.6912841796875,220100
2017-02-13 00:00:00+09:00,1021.6474580211443,1041.4715251206537,1006.0714053001012,1037.2235107421875,213300
2017-02-14 00:00:00+09:00,1047.843356148916,1060.5873969669435,1028.727294921875,1028.727294921875,173200
2017-02-15 00:00:00+09:00,1040.0553635567405,1065.5434459856328,1035.807349818592,1064.12744140625,233600
2017-02-16 00:00:00+09:00,1064.1273180995738,1064.1273180995738,1040.7632452470882,1048.55126953125,198700
2017-02-17 00:00:00+09:00,1048.5514681914976,1058.4635009765625,1037.9314330646425,1058.4635009765625,144400
2017-02-20 00:00:00+09:00,1058.4634668033382,1069.79150390625,1043.5954181057662,1069.79150390625,107500
2017-02-21 00:00:00+09:00,1069.7914206764915,1090.323486328125,1064.8354048295453,1090.323486328125,170300
2017-02-22 00:00:00+09:00,1090.3235084652283,1093.155517578125,1081.1194788483142,1093.155517578125,173400
2017-02-23 00:00:00+09:00,1093.1552669270832,1093.1552669270832,1056.3391569010416,1062.003173828125,162800
2017-02-24 00:00:00+09:00,1061.2951914675323,1061.2951914675323,1047.1351488862442,1049.2591552734375,80800
2017-02-27 00:00:00+09:00,1038.639404296875,1045.719427502716,1028.0193694881134,1038.639404296875,98700
2017-02-28 00:00:00+09:00,1047.1354487205037,1054.9234743702168,1040.763427734375,1040.763427734375,127500
2017-03-01 00:00:00+09:00,1043.595194389609,1057.0472355655947,1040.0551835538236,1056.3392333984375,96900
2017-03-02 00:00:00+09:00,1071.2076557463474,1076.163672659913,1052.0915905083095,1057.047607421875,75300
2017-03-03 00:00:00+09:00,1052.0914799004495,1058.4635009765625,1047.8434658497074,1058.4635009765625,66900
2017-03-06 00:00:00+09:00,1051.3835934558547,1058.4636176542106,1046.4275765170055,1057.755615234375,46800
2017-03-07 00:00:00+09:00,1052.0912203954947,1059.171242067066,1050.6752160611804,1056.3392333984375,54600
2017-03-08 00:00:00+09:00,1055.631330920804,1059.1713420908939,1045.7192996445522,1053.50732421875,72200
2017-03-09 00:00:00+09:00,1059.1714592877859,1059.1714592877859,1042.1794037911902,1052.7994384765625,84000
2017-03-10 00:00:00+09:00,1062.0035672108597,1071.2075981266871,1058.4635553201567,1065.5435791015625,116500
2017-03-13 00:00:00+09:00,1066.2513872799186,1073.331409771817,1060.5873692863997,1071.9154052734375,101300
2017-03-14 00:00:00+09:00,1070.4995007243376,1078.9955285078643,1062.7114752561051,1069.08349609375,100800
2017-03-15 00:00:00+09:00,1061.2954662248603,1062.0034685372184,1048.5514246024136,1052.7994384765625,112600
2017-03-16 00:00:00+09:00,1047.8435760109678,1059.8796170867695,1046.4275711785206,1057.047607421875,77500
2017-03-17 00:00:00+09:00,1046.4276326357951,1047.8436375514052,1032.9755859375,1032.9755859375,116500
2017-03-21 00:00:00+09:00,1042.1793599983098,1080.4114832591174,1035.807339454842,1047.1353759765625,146600
2017-03-22 00:00:00+09:00,1026.6033051973986,1028.0193097562917,1002.5312276962184,1007.4872436523438,135600
2017-03-23 00:00:00+09:00,1002.5310725371603,1006.7790855563856,992.6190421589681,1003.2390747070312,133700
2017-03-24 00:00:00+09:00,1007.4871271969228,1010.3191359873568,996.8670942327949,1008.1951293945312,100000
2017-03-27 00:00:00+09:00,986.955172251506,1001.1152177644401,981.9991563219792,998.9912109375,123600
2017-03-28 00:00:00+09:00,1006.0711401672787,1018.107177734375,1000.4071224886452,1018.107177734375,123000
2017-03-29 00:00:00+09:00,1027.4543680044321,1028.1733703613281,1004.446292583759,1009.4793090820312,82300
2017-03-30 00:00:00+09:00,1004.4462323775816,1010.1982508879759,997.2562092395889,998.6942138671875,71300
2017-03-31 00:00:00+09:00,1007.3221965837585,1007.3221965837585,975.6860961914062,975.6860961914062,103700
2017-04-03 00:00:00+09:00,980.0002441406249,986.4712655619496,970.6532131987115,980.000244140625,79500
2017-04-04 00:00:00+09:00,974.9671593758687,977.1241663656383,963.4631220970974,969.9341430664062,64300
2017-04-05 00:00:00+09:00,966.3391840277778,978.5622243019387,964.1821769205729,970.6531982421875,52300
2017-04-06 00:00:00+09:00,959.8680295900667,963.463040936846,944.7689819335938,944.7689819335938,68600
2017-04-07 00:00:00+09:00,949.0831970489364,965.6202527550921,947.6451922049229,959.1492309570312,85100
2017-04-10 00:00:00+09:00,964.1820272867959,975.6860634065489,962.7440227718267,967.7770385742188,45300
2017-04-11 00:00:00+09:00,956.9921463835026,964.901172386672,951.9591298360311,960.587158203125,47400
2017-04-12 00:00:00+09:00,948.3638916015624,951.9589025629027,941.1738696788819,948.3638916015625,42900
2017-04-13 00:00:00+09:00,933.2649780744752,935.421984957544,921.7609413647743,931.1079711914062,71900
2017-04-14 00:00:00+09:00,930.3889770507812,940.4550092599859,926.0749632468363,930.3889770507812,65000
2017-04-17 00:00:00+09:00,923.1989540442064,933.9839885540686,919.603942540919,930.3889770507812,40500
2017-04-18 00:00:00+09:00,933.9840251654961,941.8930507827558,928.2320065347617,932.5460205078125,57300
2017-04-19 00:00:00+09:00,929.6699948916535,939.0170250027064,918.165957831896,933.9840087890625,114800
2017-04-20 00:00:00+09:00,934.703161162042,942.6121879103362,933.2651562987157,936.8601684570312,60800
2017-04-21 00:00:00+09:00,948.3640257867777,956.2730510207841,944.7690143167747,952.6780395507812,47000
2017-04-24 00:00:00+09:00,967.7770960136482,969.2151006139657,951.2400431099975,951.9590454101562,77900
2017-04-25 00:00:00+09:00,956.273178483746,980.7192597382177,956.273178483746,973.5292358398438,97100
2017-04-26 00:00:00+09:00,985.0328448499704,987.9088531561017,979.2808282377079,984.3138427734375,76700
2017-04-27 00:00:00+09:00,983.5949675094249,995.0990022171375,978.5619523248007,989.3469848632812,141900
2017-04-28 00:00:00+09:00,990.0661010742188,995.8181190906267,986.4710898139638,990.0661010742188,109800
2017-05-01 00:00:00+09:00,994.380368736169,1008.0414150167093,992.2233614287152,1005.1654052734375,58300
2017-05-02 00:00:00+09:00,1005.1651936213626,1019.5452393097942,1003.7271890525194,1013.07421875,82300
2017-05-08 00:00:00+09:00,1029.6112550985724,1058.3713460231136,1020.9832278212101,1057.65234375,145500
2017-05-09 00:00:00+09:00,1057.6523848887891,1057.6523848887891,1039.677327361787,1043.2723388671875,76800
2017-05-10 00:00:00+09:00,1039.6774080716646,1049.024438711313,1038.9584057147686,1046.867431640625,80200
2017-05-11 00:00:00+09:00,1042.5535308062908,1049.0245527216402,1036.8015113259803,1047.5865478515625,66600
2017-05-12 00:00:00+09:00,1049.0241003673138,1066.9991534921821,1041.1150769923718,1066.2801513671875,124000
2017-05-15 00:00:00+09:00,1056.9333577529355,1062.685376026421,1048.3053303427075,1056.21435546875,95300
2017-05-16 00:00:00+09:00,1056.9333414768867,1060.5283528424543,1046.867309653297,1057.65234375,77000
2017-05-17 00:00:00+09:00,1046.8671618009869,1046.8671618009869,1033.2061205412213,1038.2391357421875,55700
2017-05-18 00:00:00+09:00,1016.669340931681,1021.7023574709467,1008.7603149414061,1008.7603149414062,66400
2017-05-19 00:00:00+09:00,1008.7602294227307,1013.0742432335193,1003.0082110083459,1010.917236328125,58000
2017-05-22 00:00:00+09:00,1013.7932739257811,1020.2642948231797,1010.1982623161153,1013.7932739257812,56500
2017-05-23 00:00:00+09:00,1015.950292813576,1021.7023114565403,1015.2312904832054,1018.1072998046875,70900
2017-05-24 00:00:00+09:00,1023.8592816978503,1027.4542932206657,1014.51225173853,1015.9502563476562,73700
2017-05-25 00:00:00+09:00,1016.669217947676,1026.016247532768,1010.9171997414657,1019.5452270507812,53600
2017-05-26 00:00:00+09:00,1016.6693266157671,1016.6693266157671,988.6282348632814,988.6282348632812,73300
2017-05-29 00:00:00+09:00,987.9092170614504,988.6282194028342,979.2811889648438,979.2811889648438,60300
2017-05-30 00:00:00+09:00,977.1241047878768,985.0331299186101,971.3720865109798,980.7191162109375,52600
2017-05-31 00:00:00+09:00,979.2812018214731,982.8762135755901,971.3721759624157,972.8101806640625,79900
2017-06-01 00:00:00+09:00,979.2812253176511,987.9092537345467,977.1242182134272,981.438232421875,65700
2017-06-02 00:00:00+09:00,990.0662168900453,1019.5453126725375,990.0662168900453,1017.3883056640625,95900
2017-06-05 00:00:00+09:00,1003.7273476995907,1010.1983692821811,997.2563261170002,1004.4463500976562,84400
2017-06-06 00:00:00+09:00,1009.4791909451937,1009.4791909451937,992.942138671875,992.942138671875,60800
2017-06-07 00:00:00+09:00,997.9755333073292,1003.7275536722129,992.942515488056,997.2565307617188,65900
2017-06-08 00:00:00+09:00,1005.165259423194,1009.4792734121348,996.5372314453125,996.5372314453125,76700
2017-06-09 00:00:00+09:00,992.2231768259121,1005.1652182627719,988.6281653156733,1000.1322021484375,100700
2017-06-12 00:00:00+09:00,996.5373760436227,1014.5124369390704,996.5373760436227,1005.1654052734375,74600
2017-06-13 00:00:00+09:00,1002.2892855130709,1013.7933232234075,1000.1322784423828,1009.4793090820312,57900
2017-06-14 00:00:00+09:00,1015.2312339459575,1022.4212568492574,1001.5701904296875,1001.5701904296875,81800
2017-06-15 00:00:00+09:00,1003.0083206176758,1018.1073706054688,1002.2893182373047,1006.6033325195312,98800
2017-06-16 00:00:00+09:00,1017.3882657057947,1024.5782887849875,999.4132080078125,999.4132080078125,189100
2017-06-19 00:00:00+09:00,1005.165303127645,1011.6363243924152,1003.0082960393881,1008.7603149414062,81300
2017-06-20 00:00:00+09:00,1020.2640401289553,1036.0820872627376,1020.2640401289553,1031.049072265625,88500
2017-06-21 00:00:00+09:00,1024.578320005405,1042.5533782511138,1023.8593176755766,1028.892333984375,66200
2017-06-22 00:00:00+09:00,1027.454418264781,1038.239454145797,1027.454418264781,1031.7684326171875,67600
2017-06-23 00:00:00+09:00,1040.396619822881,1056.2146748581977,1036.0826048132492,1049.74365234375,74800
2017-06-26 00:00:00+09:00,1049.7433106795602,1063.4043537637463,1049.7433106795602,1058.371337890625,60500
2017-06-27 00:00:00+09:00,1061.2471603805955,1069.8751860747466,1059.0901539570577,1064.1231689453125,66300
2017-06-28 00:00:00+09:00,1064.1234450976694,1077.7844893252745,1064.1234450976694,1072.032470703125,61200
2017-06-29 00:00:00+09:00,1078.503499078592,1094.3215503984115,1078.503499078592,1082.0985107421875,98400
2017-06-30 00:00:00+09:00,1075.6274987932336,1082.0985198421236,1067.7184730668127,1070.594482421875,82100
2017-07-03 00:00:00+09:00,1082.0986636521634,1097.1977147728912,1079.9416563492023,1090.0076904296875,76600
2017-07-04 00:00:00+09:00,1100.0734279110989,1100.0734279110989,1071.313338292508,1072.7513427734375,96400
2017-07-05 00:00:00+09:00,1068.4375164515245,1074.189535382623,1060.5284904212645,1066.99951171875,91000
2017-07-06 00:00:00+09:00,1066.9994300117135,1079.941471615629,1064.1234207663988,1074.189453125,76000
2017-07-07 00:00:00+09:00,1058.3712571693657,1075.627310275388,1058.3712571693657,1065.561279296875,86500
2017-07-10 00:00:00+09:00,1078.5035164125504,1082.0985281339256,1068.4374835927,1069.87548828125,74200
2017-07-11 00:00:00+09:00,1068.437539656532,1078.5035730045747,1064.8425277465167,1075.6275634765625,76600
2017-07-12 00:00:00+09:00,1077.0655682405686,1085.6935968246053,1072.7515539485503,1075.6275634765625,51400
2017-07-13 00:00:00+09:00,1087.8505302275587,1092.1645442271392,1067.718464896183,1071.3134765625,59900
2017-07-14 00:00:00+09:00,1072.0324055555266,1082.8174398166486,1065.5613849988533,1077.784423828125,52500
2017-07-17 00:00:00+09:00,1077.784423828125,1077.784423828125,1077.784423828125,1077.784423828125,0
2017-07-18 00:00:00+09:00,1077.7844975618707,1078.5034998951342,1061.247443896812,1071.3134765625,58900
2017-07-19 00:00:00+09:00,1071.3132739257812,1086.4123200683593,1069.1562673339843,1078.5032958984375,63100
2017-07-20 00:00:00+09:00,1087.1313326469506,1100.073372321319,1081.379315013898,1099.3543701171875,72300
2017-07-21 00:00:00+09:00,1101.5116364198282,1109.420662529892,1096.4786198043328,1108.70166015625,62900
2017-07-24 00:00:00+09:00,1107.9825915254341,1125.2386474609375,1105.8255845334963,1125.2386474609375,133200
2017-07-25 00:00:00+09:00,1125.238880959128,1126.67688591882,1100.0737941645148,1105.1068115234375,72800
2017-07-26 00:00:00+09:00,1116.6105797705713,1121.643595906047,1105.1065428894835,1107.2635498046875,77900
2017-07-27 00:00:00+09:00,1105.1065424977392,1120.9245932036274,1104.387540192926,1118.048583984375,87400
2017-07-28 00:00:00+09:00,1120.2058908336833,1123.8009033203125,1109.4208533737954,1123.8009033203125,70100
2017-07-31 00:00:00+09:00,1124.5196129444175,1127.3956221846847,1110.858569053149,1117.32958984375,101100
2017-08-01 00:00:00+09:00,1119.4866929381858,1136.7427498620884,1119.4866929381858,1130.271728515625,83000
2017-08-02 00:00:00+09:00,1131.7097663100885,1133.8667734885703,1120.2057280248525,1127.395751953125,67200
2017-08-03 00:00:00+09:00,1127.3956050993065,1140.337646484375,1124.5195959026246,1140.337646484375,61400
2017-08-04 00:00:00+09:00,1140.3377752685547,1150.40380859375,1131.7097467041017,1150.40380859375,47300
2017-08-07 00:00:00+09:00,1153.2797676853602,1169.0978193618428,1153.2797676853602,1165.5028076171875,55900
2017-08-08 00:00:00+09:00,1165.5027101437004,1169.8167238764963,1141.7756346133226,1152.5606689453125,138700
2017-08-09 00:00:00+09:00,1138.1806485191419,1139.618653128768,1116.6105793747488,1118.048583984375,92100
2017-08-10 00:00:00+09:00,1115.1724862780923,1139.6185627019836,1115.1724862780923,1136.7425537109375,99400
2017-08-11 00:00:00+09:00,1136.7425537109375,1136.7425537109375,1136.7425537109375,1136.7425537109375,0
2017-08-14 00:00:00+09:00,1110.1395018256364,1115.8915199698106,1101.511474609375,1101.511474609375,62900
2017-08-15 00:00:00+09:00,1116.610686266314,1124.519712376378,1106.5446530353233,1108.70166015625,63100
2017-08-16 00:00:00+09:00,1108.701481266896,1120.205517388991,1107.2634767516342,1113.7344970703125,45400
2017-08-17 00:00:00+09:00,1113.7345782934162,1120.9246013940838,1109.4205644330157,1117.32958984375,42600
2017-08-18 00:00:00+09:00,1102.9498040838992,1114.4538437614365,1097.1977842451304,1105.1068115234375,71600
2017-08-21 00:00:00+09:00,1105.8256770256623,1107.2636818072301,1095.0406411639035,1095.7596435546875,32800
2017-08-22 00:00:00+09:00,1090.7266928640079,1098.635719641532,1085.6936758237653,1090.0076904296875,61800
2017-08-23 00:00:00+09:00,1100.073420924727,1107.9824455196108,1092.1643963298434,1095.0404052734375,55700
2017-08-24 00:00:00+09:00,1094.321451929157,1106.5444904855274,1094.321451929157,1101.511474609375,52100
2017-08-25 00:00:00+09:00,1105.8255528826817,1119.4865967739502,1097.9165274719473,1117.32958984375,59700
2017-08-28 00:00:00+09:00,1117.3295492063532,1124.5195720455188,1100.792496676272,1110.1395263671875,86000
2017-08-29 00:00:00+09:00,1100.7925447659268,1117.329598018452,1100.0735424505997,1116.610595703125,66700
2017-08-30 00:00:00+09:00,1120.2055260255763,1134.5855712890625,1110.8584966043102,1134.5855712890625,64800
2017-08-31 00:00:00+09:00,1140.337589394457,1143.9326007103284,1125.2385418677964,1134.5855712890625,73700
2017-09-01 00:00:00+09:00,1142.4947181792659,1148.9657392388085,1128.114671380282,1145.3707275390625,67000
2017-09-04 00:00:00+09:00,1145.3705134657885,1148.2465222880503,1120.205436270997,1120.9244384765625,80100
2017-09-05 00:00:00+09:00,1125.2385660807292,1130.990584309896,1110.8585205078125,1121.6435546875,92300
2017-09-06 00:00:00+09:00,1113.0156729813946,1121.6437014541186,1102.9496397632165,1119.4866943359375,53700
2017-09-07 00:00:00+09:00,1126.6765706380208,1143.213623046875,1122.3625569661458,1143.213623046875,59500
2017-09-08 00:00:00+09:00,1133.147738002942,1133.8667403747713,1125.9577142846492,1130.271728515625,99400
2017-09-11 00:00:00+09:00,1143.2138258596199,1165.5029004518515,1143.2138258596199,1146.808837890625,76900
2017-09-12 00:00:00+09:00,1161.9078300561798,1161.9078300561798,1141.7757636938202,1151.841796875,61100
2017-09-13 00:00:00+09:00,1156.8747492150414,1165.5027771768691,1132.4286699898635,1136.023681640625,152600
2017-09-14 00:00:00+09:00,1130.9906522653398,1136.023668518269,1081.3794920578964,1083.5364990234375,209900
2017-09-15 00:00:00+09:00,1033.206355343723,1053.3384207227239,1030.3303460038658,1038.9583740234375,402500
2017-09-18 00:00:00+09:00,1038.9583740234375,1038.9583740234375,1038.9583740234375,1038.9583740234375,0
2017-09-19 00:00:00+09:00,1044.710431531011,1057.6524740413745,1043.991429169324,1056.9334716796875,205800
2017-09-20 00:00:00+09:00,1055.4953940136186,1059.8094078856088,1047.5863685816364,1052.619384765625,132100
2017-09-21 00:00:00+09:00,1054.0574951171875,1059.0905118060145,1053.3384927330694,1054.0574951171875,136900
2017-09-22 00:00:00+09:00,1060.5281343672295,1072.75117049214,1055.4951194922664,1066.2801513671875,258500
2017-09-25 00:00:00+09:00,1078.5035564998122,1079.941561241812,1061.9665019668153,1077.0655517578125,285700
2017-09-26 00:00:00+09:00,1079.9412922309605,1082.0982988066548,1072.0322681200814,1079.2222900390625,339900
2017-09-27 00:00:00+09:00,1092.3391066206261,1095.982666015625,1078.4935809196309,1095.982666015625,203300
2017-09-28 00:00:00+09:00,1093.7968330306753,1095.2542571919419,1079.9513034986414,1089.424560546875,85100
2017-09-29 00:00:00+09:00,1088.6957211914064,1093.7967051595053,1087.9670091959636,1093.0679931640625,97900
2017-10-02 00:00:00+09:00,1087.9669984921402,1087.9669984921402,1066.8343508322125,1083.5947265625,187100
2017-10-03 00:00:00+09:00,1083.5947477814334,1085.7808837890625,1076.3076277560035,1085.7808837890625,83300
2017-10-04 00:00:00+09:00,1090.8817830756059,1095.2540547512597,1082.1372397242985,1093.796630859375,74000
2017-10-05 00:00:00+09:00,1088.6957317992344,1090.8818678068635,1082.1373237763476,1085.7808837890625,94400
2017-10-06 00:00:00+09:00,1086.5097122243417,1092.3394088694085,1082.8661518211748,1089.424560546875,55900
2017-10-09 00:00:00+09:00,1089.424560546875,1089.424560546875,1089.424560546875,1089.424560546875,0
2017-10-10 00:00:00+09:00,1090.1531247468406,1125.8600118541901,1087.9669888014926,1124.402587890625,181400
2017-10-11 00:00:00+09:00,1121.4875704397953,1126.5885535412108,1114.929163595118,1123.6737060546875,67800
2017-10-12 00:00:00+09:00,1122.9451587292576,1142.620382146318,1121.4877347724382,1128.046142578125,120200
2017-10-13 00:00:00+09:00,1122.9451061130799,1135.3332091655927,1111.2857150048326,1130.9609375,96400
2017-10-16 00:00:00+09:00,1123.6740397976012,1136.7908573827872,1120.0304793572718,1128.7750244140625,106700
2017-10-17 00:00:00+09:00,1130.2321298513104,1136.790536794355,1125.8598585559475,1129.50341796875,95400
2017-10-18 00:00:00+09:00,1122.2162122470666,1141.1627197265625,1118.5726531163943,1141.1627197265625,94300
2017-10-19 00:00:00+09:00,1134.6046353853667,1145.5353158804087,1133.147211319361,1136.790771484375,92000
2017-10-20 00:00:00+09:00,1128.7748759753217,1149.1788117579613,1124.4026040218987,1146.99267578125,90400
2017-10-23 00:00:00+09:00,1149.90756081181,1157.9233929847694,1139.7055925916798,1155.008544921875,89300
2017-10-24 00:00:00+09:00,1138.248090301648,1163.0242971327978,1134.6045304735378,1159.3807373046875,156200
2017-10-25 00:00:00+09:00,1154.2795843160377,1166.6676859153893,1148.4498894457547,1158.65185546875,180700
2017-10-26 00:00:00+09:00,1150.6362777586214,1171.76892630517,1150.6362777586214,1168.1253662109375,76400
2017-10-27 00:00:00+09:00,1168.125129676174,1182.699367101953,1165.9389940623073,1181.241943359375,103100
2017-10-30 00:00:00+09:00,1182.6993271824206,1197.2735641162765,1179.7844797956493,1193.6300048828125,194800
2017-10-31 00:00:00+09:00,1195.0877474515119,1200.9174437805436,1185.6144909168354,1192.901611328125,88300
2017-11-01 00:00:00+09:00,1189.2577935835352,1204.5607431333233,1184.1568104002724,1203.83203125,112800
2017-11-02 00:00:00+09:00,1198.7311433102518,1210.3905343698043,1187.071752250699,1205.28955078125,116100
2017-11-03 00:00:00+09:00,1205.28955078125,1205.28955078125,1205.28955078125,1205.28955078125,0
2017-11-06 00:00:00+09:00,1205.289593432323,1211.1192891683922,1198.731185729245,1209.661865234375,81900
2017-11-07 00:00:00+09:00,1210.3905989351647,1228.6083984375,1210.3905989351647,1228.6083984375,96200
2017-11-08 00:00:00+09:00,1217.677866158746,1227.8798351151925,1210.3907454755697,1227.151123046875,181400
2017-11-09 00:00:00+09:00,1237.3528724697626,1244.639991860044,1211.8479546037781,1225.6934814453125,191000
2017-11-10 00:00:00+09:00,1205.2895000941126,1231.5231288748791,1205.2895000941126,1224.9647216796875,125300
2017-11-13 00:00:00+09:00,1223.5075373830239,1229.337233808911,1211.1194324780142,1211.84814453125,164500
2017-11-14 00:00:00+09:00,1213.3054165073208,1216.948976316652,1130.2322528545674,1146.263916015625,478900
2017-11-15 00:00:00+09:00,1175.412707542095,1195.0879357526571,1160.83846442316,1182.6998291015625,373100
2017-11-16 00:00:00+09:00,1183.4282394731874,1218.4064140388973,1183.4282394731874,1206.018310546875,266700
2017-11-17 00:00:00+09:00,1224.2363129392195,1243.9115393971713,1210.3907832095497,1218.4066162109375,270700
2017-11-20 00:00:00+09:00,1205.2897513827331,1220.5927046953311,1200.917479007705,1217.6778564453125,91200
2017-11-21 00:00:00+09:00,1217.677656393612,1243.9112863338694,1211.8479608513328,1238.810302734375,173200
2017-11-22 00:00:00+09:00,1246.0973691268705,1255.570623979882,1232.2518428032388,1241.72509765625,123600
2017-11-23 00:00:00+09:00,1241.72509765625,1241.72509765625,1241.72509765625,1241.72509765625,0
2017-11-24 00:00:00+09:00,1236.6242995764376,1236.6242995764376,1208.9332427797938,1231.5233154296875,156600
2017-11-27 00:00:00+09:00,1233.7095203602328,1240.2679289150126,1225.6936876821687,1234.438232421875,131100
2017-11-28 00:00:00+09:00,1235.1667380235062,1251.9271126397546,1233.7093141438324,1242.453857421875,128200
2017-11-29 00:00:00+09:00,1251.198496982817,1272.3311448642974,1249.0123609950776,1260.6717529296875,215600
2017-11-30 00:00:00+09:00,1257.7568470284198,1270.8736623508482,1248.283591517777,1267.2301025390625,207300
2017-12-01 00:00:00+09:00,1262.1290924755888,1285.4478747846065,1254.8419730040207,1268.6875,204100
2017-12-04 00:00:00+09:00,1267.9588352489636,1283.9904986831461,1252.6558837890625,1252.6558837890625,145800
2017-12-05 00:00:00+09:00,1250.4697324759406,1270.1449555393733,1243.1826128228174,1263.5865478515625,142400
2017-12-06 00:00:00+09:00,1255.5707634157368,1264.3153073280926,1229.3371316786697,1230.7945556640625,228000
2017-12-07 00:00:00+09:00,1227.8797288538435,1241.725256953679,1219.1351847907895,1232.980712890625,159200
2017-12-08 00:00:00+09:00,1225.6936917884327,1249.741189903188,1225.6936917884327,1247.5550537109375,152100
2017-12-11 00:00:00+09:00,1247.5549314960774,1248.2836434887738,1225.6935717151882,1230.7945556640625,96100
2017-12-12 00:00:00+09:00,1230.7947311989985,1233.709579585497,1220.5927618462538,1227.8798828125,104100
2017-12-13 00:00:00+09:00,1227.1511132578732,1227.879825320378,1214.7630081952939,1217.6778564453125,95300
2017-12-14 00:00:00+09:00,1219.1351375388085,1235.1668010330427,1214.7628656767445,1232.251953125,68600
2017-12-15 00:00:00+09:00,1222.0501613616943,1226.4224338531494,1201.6462230682373,1212.576904296875,186700
2017-12-18 00:00:00+09:00,1214.762659905566,1228.6081851234458,1209.6616769305576,1223.5072021484375,94600
2017-12-19 00:00:00+09:00,1224.23591400201,1232.9804562448815,1212.576524344848,1223.5072021484375,90500
2017-12-20 00:00:00+09:00,1220.5927128671692,1246.826347292971,1215.4917283954856,1243.9114990234375,77800
2017-12-21 00:00:00+09:00,1237.352984922152,1240.9965449484246,1227.151016848589,1232.980712890625,95700
2017-12-22 00:00:00+09:00,1231.5233420421728,1238.8104624092862,1228.6084938953272,1230.06591796875,59000
2017-12-25 00:00:00+09:00,1251.1983525092612,1251.1983525092612,1228.608283244388,1241.72509765625,52400
2017-12-26 00:00:00+09:00,1241.7252140791816,1241.7252140791816,1224.2361265569396,1228.6083984375,51700
2017-12-27 00:00:00+09:00,1227.87977638853,1236.62432079011,1224.96492825467,1233.70947265625,35700
2017-12-28 00:00:00+09:00,1238.0814903559435,1250.4695923783397,1234.4379309375918,1240.996337890625,50400
2017-12-29 00:00:00+09:00,1244.6399404348304,1251.1983476151074,1240.9963808902319,1245.36865234375,46600
2018-01-01 00:00:00+09:00,1245.36865234375,1245.36865234375,1245.36865234375,1245.36865234375,0
2018-01-02 00:00:00+09:00,1245.36865234375,1245.36865234375,1245.36865234375,1245.36865234375,0
2018-01-03 00:00:00+09:00,1245.36865234375,1245.36865234375,1245.36865234375,1245.36865234375,0
2018-01-04 00:00:00+09:00,1251.1985283466001,1273.059888771992,1243.1826961906231,1272.3311767578125,89400
2018-01-05 00:00:00+09:00,1274.51718679813,1294.9211211779743,1267.230067376757,1292.7349853515625,145800
2018-01-08 00:00:00+09:00,1292.7349853515625,1292.7349853515625,1292.7349853515625,1292.7349853515625,0
2018-01-09 00:00:00+09:00,1297.107204098267,1302.936899397585,1281.0755420251423,1295.6497802734375,125800
2018-01-10 00:00:00+09:00,1291.2776621942935,1294.1925101902175,1253.3846382472827,1257.0281982421875,158600
2018-01-11 00:00:00+09:00,1251.9272298269773,1283.261846173054,1251.9272298269773,1279.6182861328125,115900
2018-01-12 00:00:00+09:00,1275.2458960921674,1278.160743854664,1258.4855214578133,1259.2142333984375,88100
2018-01-15 00:00:00+09:00,1265.0442127859121,1265.7729248900514,1248.283834390707,1250.469970703125,66100
2018-01-16 00:00:00+09:00,1249.0125911324217,1251.1987275229685,1229.3373636175002,1238.0819091796875,106700
2018-01-17 00:00:00+09:00,1235.1669022257295,1238.8104624092862,1223.5075096383478,1230.06591796875,79400
2018-01-18 00:00:00+09:00,1231.5231268023408,1236.6241101677945,1204.5607861563724,1208.204345703125,113800
2018-01-19 00:00:00+09:00,1210.390792493509,1229.3373070057494,1210.390792493509,1227.8798828125,62700
2018-01-22 00:00:00+09:00,1222.049916772215,1230.0657480688724,1215.491509347677,1229.3370361328125,74300
2018-01-23 00:00:00+09:00,1228.608329201425,1231.5231769575375,1214.7628023598904,1225.6934814453125,74200
2018-01-24 00:00:00+09:00,1220.592306907754,1224.9645778578713,1214.7626123075975,1222.7784423828125,54000
2018-01-25 00:00:00+09:00,1223.5072378102504,1223.5072378102504,1207.4755765643747,1214.7626953125,112900
2018-01-26 00:00:00+09:00,1207.475946346058,1230.0660213833107,1198.7314011703472,1211.1195068359375,170800
2018-01-29 00:00:00+09:00,1216.9492013631307,1236.6244279719956,1203.1036715272626,1227.8798828125,81200
2018-01-30 00:00:00+09:00,1220.5925395610454,1221.3212515249625,1203.8321643909535,1213.305419921875,150200
2018-01-31 00:00:00+09:00,1219.8638379791353,1225.6935337400869,1203.103462666399,1206.018310546875,157800
2018-02-01 00:00:00+09:00,1199.4599399781212,1232.251979649455,1199.4599399781212,1230.7945556640625,106000
2018-02-02 00:00:00+09:00,1223.507325868349,1244.6399717588683,1223.507325868349,1240.2677001953125,90400
2018-02-05 00:00:00+09:00,1225.69359283808,1235.895560911643,1211.11935273299,1232.980712890625,181100
2018-02-06 00:00:00+09:00,1195.8166241020745,1199.4601848092716,1142.6206377769975,1167.3968505859375,253800
2018-02-07 00:00:00+09:00,1165.2105782045671,1216.9491342098981,1141.8917923993474,1144.806640625,201200
2018-02-08 00:00:00+09:00,1153.551067950067,1169.5827315602385,1145.5352361449811,1157.92333984375,146300
2018-02-09 00:00:00+09:00,1123.673823074903,1136.0619261827328,1111.2857199670734,1127.3173828125,136000
2018-02-12 00:00:00+09:00,1127.3173828125,1127.3173828125,1127.3173828125,1127.3173828125,0
2018-02-13 00:00:00+09:00,1142.6203155920184,1142.6203155920184,1095.9827516903035,1104.727294921875,205200
2018-02-14 00:00:00+09:00,1103.2701171547953,1109.0998139429316,1085.7810267903865,1087.9671630859375,141100
2018-02-15 00:00:00+09:00,1087.9668542908207,1090.152989965886,1072.663904565364,1081.408447265625,137100
2018-02-16 00:00:00+09:00,1085.7806997096284,1109.0994798376205,1084.323275951629,1095.982666015625,83900
2018-02-19 00:00:00+09:00,1118.5727871194492,1130.9608896478078,1110.5569560716876,1130.232177734375,57700
2018-02-20 00:00:00+09:00,1127.3173628699346,1143.3490254317564,1114.9292599812538,1141.8916015625,132900
2018-02-21 00:00:00+09:00,1141.8917129506926,1152.8223930363724,1130.2323208593007,1149.1788330078125,114900
2018-02-22 00:00:00+09:00,1134.6045348301043,1144.0777904195656,1127.3174151459034,1138.976806640625,55800
2018-02-23 00:00:00+09:00,1149.1788638275448,1183.428329014542,1149.1788638275448,1177.5986328125,100100
2018-02-26 00:00:00+09:00,1176.8699364121912,1189.2580410060039,1170.31152809782,1183.4283447265625,97200
2018-02-27 00:00:00+09:00,1194.3589235574245,1194.3589235574245,1179.0559721268535,1185.6143798828125,51500
2018-02-28 00:00:00+09:00,1181.970851719232,1192.172819613233,1178.3272917570891,1180.513427734375,107300
2018-03-01 00:00:00+09:00,1171.0400754157279,1177.5984828076018,1153.5509890373971,1162.2955322265625,103100
2018-03-02 00:00:00+09:00,1136.79069158093,1142.620387435191,1117.844180054581,1124.402587890625,109600
2018-03-05 00:00:00+09:00,1117.115359284157,1120.0302069274294,1090.8817304947052,1096.71142578125,102800
2018-03-06 00:00:00+09:00,1093.067951240112,1122.9451419073418,1090.1531033701385,1105.4560546875,93400
2018-03-07 00:00:00+09:00,1096.711626691981,1119.301700065703,1094.5254905590402,1109.0997314453125,79400
2018-03-08 00:00:00+09:00,1112.7432386204155,1116.3867986682885,1092.3393023523265,1095.254150390625,47100
2018-03-09 00:00:00+09:00,1153.5508957542932,1153.5508957542932,1124.4024208141973,1140.43408203125,200400
2018-03-12 00:00:00+09:00,1149.1788330078125,1149.9075450135244,1135.3333048992847,1149.1788330078125,59300
2018-03-13 00:00:00+09:00,1141.8915965927163,1146.2638681814567,1126.5886460321246,1145.53515625,61300
2018-03-14 00:00:00+09:00,1134.604804753188,1145.5354868799047,1133.147380469626,1137.5196533203125,52500
2018-03-15 00:00:00+09:00,1133.1471108932642,1141.8916545143054,1117.8441595564418,1138.976806640625,38400
2018-03-16 00:00:00+09:00,1136.0619261827328,1137.5193500777716,1122.2163991798643,1127.3173828125,88600
2018-03-19 00:00:00+09:00,1117.11552626151,1128.774918577351,1103.9987099061889,1117.84423828125,43600
2018-03-20 00:00:00+09:00,1109.8282441582548,1130.9608896478078,1102.541125023926,1130.232177734375,72900
2018-03-21 00:00:00+09:00,1130.232177734375,1130.232177734375,1130.232177734375,1130.232177734375,0
2018-03-22 00:00:00+09:00,1125.1316868632762,1133.876233652369,1113.4722911444858,1126.589111328125,59700
2018-03-23 00:00:00+09:00,1124.4027929268236,1124.4027929268236,1098.8978689135774,1103.2701416015625,130100
2018-03-26 00:00:00+09:00,1094.5253962466593,1107.6422119140625,1090.1531243575248,1107.6422119140625,110300
2018-03-27 00:00:00+09:00,1118.572943768098,1171.7689208984375,1116.3868077216457,1171.7689208984375,157500
2018-03-28 00:00:00+09:00,1153.321664120237,1162.1763410040776,1142.9912077557562,1160.7005615234375,74400
2018-03-29 00:00:00+09:00,1176.1962804312657,1176.1962804312657,1150.3701387655856,1168.8173828125,51600
2018-03-30 00:00:00+09:00,1180.623694693688,1196.8572704957264,1169.5553475559348,1192.429931640625,61500
2018-04-02 00:00:00+09:00,1200.5467742148992,1204.9741132716229,1191.6920961014519,1197.59521484375,57300
2018-04-03 00:00:00+09:00,1180.6236696981423,1196.857245156492,1171.7689921754063,1191.6920166015625,76800
2018-04-04 00:00:00+09:00,1195.3812667808818,1202.7601634894056,1185.7887010598006,1189.4781494140625,87900
2018-04-05 00:00:00+09:00,1202.0223850376933,1207.9255029507083,1188.7403697334094,1199.8087158203125,72500
2018-04-06 00:00:00+09:00,1197.5951222231813,1212.3529179375766,1190.9541141517034,1202.0224609375,75100
2018-04-09 00:00:00+09:00,1200.5465135013355,1206.4496309616986,1186.5266095329735,1204.2359619140625,42500
2018-04-10 00:00:00+09:00,1197.595276325505,1215.3046334615567,1192.430047160823,1210.139404296875,50100
2018-04-11 00:00:00+09:00,1205.712065012862,1216.7804132228944,1203.4983953708556,1210.139404296875,42300
2018-04-12 00:00:00+09:00,1210.877286684001,1216.042515816718,1198.3331587902608,1202.760498046875,74900
2018-04-13 00:00:00+09:00,1212.3528513865429,1231.537984762106,1211.6149616413288,1228.58642578125,73000
2018-04-16 00:00:00+09:00,1226.3728863980875,1237.4412337482509,1207.9256408144822,1235.9654541015625,76800
2018-04-17 00:00:00+09:00,1227.8485526117151,1239.65478869452,1220.469655059962,1221.9454345703125,82700
2018-04-18 00:00:00+09:00,1221.945570022267,1221.945570022267,1196.8573155652882,1211.6151123046875,110700
2018-04-19 00:00:00+09:00,1224.159011565391,1247.7714819512212,1220.469563067605,1226.3726806640625,125500
2018-04-20 00:00:00+09:00,1225.6350192071168,1226.3729090440868,1210.8772224677175,1211.6151123046875,58000
2018-04-23 00:00:00+09:00,1219.7318326210961,1221.9455020087933,1210.8771550703077,1216.7802734375,31600
2018-04-24 00:00:00+09:00,1218.993942825197,1223.4212816005913,1203.4982571113173,1216.7802734375,76300
2018-04-25 00:00:00+09:00,1211.6149616413288,1228.58642578125,1210.139182150901,1228.58642578125,42100
2018-04-26 00:00:00+09:00,1228.5863959810833,1235.9652932542429,1221.9453884352395,1224.1590576171875,70600
2018-04-27 00:00:00+09:00,1238.9167734055293,1239.6546630859375,1225.63475915818,1239.6546630859375,81100
2018-04-30 00:00:00+09:00,1239.6546630859375,1239.6546630859375,1239.6546630859375,1239.6546630859375,0
2018-05-01 00:00:00+09:00,1228.5863178798131,1241.1304424467542,1221.9453107561385,1239.6546630859375,38100
2018-05-02 00:00:00+09:00,1239.654695256092,1239.654695256092,1223.4211218658336,1226.3726806640625,47400
2018-05-03 00:00:00+09:00,1226.3726806640625,1226.3726806640625,1226.3726806640625,1226.3726806640625,0
2018-05-04 00:00:00+09:00,1226.3726806640625,1226.3726806640625,1226.3726806640625,1226.3726806640625,0
2018-05-07 00:00:00+09:00,1227.1106882319798,1227.1106882319798,1213.090782593731,1222.683349609375,39700
2018-05-08 00:00:00+09:00,1224.8967185983236,1240.3923999781819,1222.6830498297725,1235.2271728515625,73600
2018-05-09 00:00:00+09:00,1245.557780529204,1250.723008292062,1233.0136559622629,1239.6546630859375,60400
2018-05-10 00:00:00+09:00,1249.9851534779716,1250.7230431789621,1231.5379109532082,1247.771484375,108500
2018-05-11 00:00:00+09:00,1244.819874727992,1244.819874727992,1178.4098043512765,1189.4781494140625,175000
2018-05-14 00:00:00+09:00,1193.1678466796875,1196.1194059788334,1178.4100501839587,1193.1678466796875,85400
2018-05-15 00:00:00+09:00,1195.3813982303868,1203.4981855023216,1187.264610958452,1196.857177734375,103400
2018-05-16 00:00:00+09:00,1198.333012008901,1205.7119098660987,1192.429893723143,1202.0224609375,89600
2018-05-17 00:00:00+09:00,1199.8086033007335,1210.1390586797067,1197.5949342909537,1207.1875,77300
2018-05-18 00:00:00+09:00,1209.40116900978,1217.517955378973,1195.3812652811737,1207.1875,98200
2018-05-21 00:00:00+09:00,1208.6636245355373,1213.828853700219,1197.595276325505,1210.139404296875,70200
2018-05-22 00:00:00+09:00,1214.56659137407,1231.5380565026262,1213.8287015858718,1227.1107177734375,76100
2018-05-23 00:00:00+09:00,1227.1106628565396,1246.2957964910977,1220.469655059962,1221.9454345703125,85200
2018-05-24 00:00:00+09:00,1217.5179971230996,1218.993776513552,1196.8570856567683,1201.284423828125,69800
2018-05-25 00:00:00+09:00,1197.594935793439,1200.5464944768485,1186.526590730653,1189.4781494140625,69200
2018-05-28 00:00:00+09:00,1186.526783894604,1190.2162328495,1179.885775775791,1188.0025634765625,56600
2018-05-29 00:00:00+09:00,1192.4296777708591,1199.0706846396326,1180.6234433374843,1185.05078125,51800
2018-05-30 00:00:00+09:00,1166.6039211506745,1166.6039211506745,1154.0597929662588,1157.0113525390625,69500
2018-05-31 00:00:00+09:00,1162.17626953125,1172.5067252604167,1152.5837034970239,1162.17626953125,102600
2018-06-01 00:00:00+09:00,1157.7488448731085,1178.4097547879887,1148.1562795554855,1170.29296875,97700
2018-06-04 00:00:00+09:00,1185.7887402283766,1204.2359826090294,1185.0508505331504,1201.284423828125,104000
2018-06-05 00:00:00+09:00,1207.9254495565174,1218.9937951541642,1195.381324545851,1216.042236328125,111600
2018-06-06 00:00:00+09:00,1217.5180157411446,1221.9453539802032,1204.2360010239684,1216.042236328125,100000
2018-06-07 00:00:00+09:00,1221.2076077458394,1242.6064117486364,1219.7318281594394,1234.4896240234375,94000
2018-06-08 00:00:00+09:00,1221.9454180743244,1234.4895437429618,1216.0423001126126,1228.58642578125,176700
2018-06-11 00:00:00+09:00,1227.8484646820636,1239.654699919391,1221.2074573610669,1230.0621337890625,65000
2018-06-12 00:00:00+09:00,1230.8000861499245,1240.392652768599,1221.20751953125,1221.20751953125,67900
2018-06-13 00:00:00+09:00,1222.683243686713,1227.1105819257718,1214.5664569151054,1216.042236328125,52100
2018-06-14 00:00:00+09:00,1207.9255621455484,1207.9255621455484,1185.788868886925,1187.2646484375,100800
2018-06-15 00:00:00+09:00,1197.5950497973724,1198.3329395384676,1181.3614754932798,1182.099365234375,93400
2018-06-18 00:00:00+09:00,1190.2161568224467,1190.2161568224467,1173.2446927140052,1185.788818359375,51500
2018-06-19 00:00:00+09:00,1180.6235051364492,1191.6918504971034,1176.1961669921875,1176.1961669921875,87600
2018-06-20 00:00:00+09:00,1173.244619635087,1173.244619635087,1148.8942596049249,1165.86572265625,65700
2018-06-21 00:00:00+09:00,1159.9625768649194,1173.9824807837701,1142.9911142263106,1143.72900390625,80800
2018-06-22 00:00:00+09:00,1143.7289880895707,1156.2731124750692,1131.184863704072,1150.3699951171875,131500
2018-06-25 00:00:00+09:00,1150.3701676251683,1161.438514330991,1126.0198048723585,1130.4471435546875,62000
2018-06-26 00:00:00+09:00,1123.8061976571325,1143.7292228289925,1115.6894096241526,1142.9913330078125,76800
2018-06-27 00:00:00+09:00,1154.05935159994,1165.8655853758985,1144.466786656974,1154.7972412109375,73500
2018-06-28 00:00:00+09:00,1154.0595012818176,1159.224729228731,1133.3985894941634,1137.825927734375,80800
2018-06-29 00:00:00+09:00,1137.8259485291876,1142.2532868503129,1124.5439335658118,1134.8743896484375,75900
2018-07-02 00:00:00+09:00,1134.1365583972818,1154.0595818694526,1119.3787632327108,1122.330322265625,84200
2018-07-03 00:00:00+09:00,1126.7575798967541,1134.136476949123,1106.0966681501209,1116.4271240234375,88300
2018-07-04 00:00:00+09:00,1113.4755921873734,1145.2048502815132,1113.4755921873734,1138.5638427734375,102800
2018-07-05 00:00:00+09:00,1134.1366094237321,1141.515507338005,1120.854593178041,1123.80615234375,68000
2018-07-06 00:00:00+09:00,1113.4757950638507,1132.6609313605109,1113.4757950638507,1126.7578125,63000
2018-07-09 00:00:00+09:00,1128.9711899923082,1148.1563213255108,1123.8059623256768,1146.6805419921875,38800
2018-07-10 00:00:00+09:00,1154.0596582772005,1177.672132103844,1154.0596582772005,1167.3416748046875,74100
2018-07-11 00:00:00+09:00,1167.3413543604536,1173.2444711966632,1159.2245687106654,1165.127685546875,80100
2018-07-12 00:00:00+09:00,1173.9825232048395,1185.788758510482,1164.3899570190047,1176.93408203125,82800
2018-07-13 00:00:00+09:00,1189.47842657309,1202.0225539004737,1183.5753078307916,1197.59521484375,76700
2018-07-16 00:00:00+09:00,1197.59521484375,1197.59521484375,1197.59521484375,1197.59521484375,0
2018-07-17 00:00:00+09:00,1199.070852159878,1231.5380013875915,1199.070852159878,1221.9454345703125,103300
2018-07-18 00:00:00+09:00,1232.2758145110215,1235.2273733481738,1218.2559100345488,1219.731689453125,52900
2018-07-19 00:00:00+09:00,1223.4211218658336,1233.7515776596344,1210.8769969733612,1226.3726806640625,68000
2018-07-20 00:00:00+09:00,1220.4695559040042,1225.634783770587,1195.381306266316,1201.284423828125,55200
2018-07-23 00:00:00+09:00,1190.215989025063,1195.381216503783,1165.865630911097,1170.29296875,125800
2018-07-24 00:00:00+09:00,1190.954126808001,1203.498253298544,1176.9342207303357,1191.6920166015625,149800
2018-07-25 00:00:00+09:00,1192.4300397814418,1213.0909563123084,1192.4300397814418,1202.760498046875,121100
2018-07-26 00:00:00+09:00,1224.1590277088533,1230.8000350924456,1207.9254541045163,1219.731689453125,149200
2018-07-27 00:00:00+09:00,1228.5863543843966,1242.606258728723,1224.8969058727316,1230.0621337890625,107100
2018-07-30 00:00:00+09:00,1217.5183031035633,1228.5866513135957,1206.449954893531,1210.139404296875,126500
2018-07-31 00:00:00+09:00,1197.5951595596266,1219.7318538213572,1188.7404818549344,1213.8287353515625,112200
2018-08-01 00:00:00+09:00,1216.042270616712,1230.8000651630311,1204.9739247069724,1224.1590576171875,112200
2018-08-02 00:00:00+09:00,1229.3242301294358,1241.1304652327199,1216.7801053321966,1218.9937744140625,111600
2018-08-03 00:00:00+09:00,1229.3243575432823,1234.4895859363214,1217.518121216336,1222.683349609375,113500
2018-08-06 00:00:00+09:00,1238.1789017140538,1245.5577986253415,1215.3043212890625,1215.3043212890625,130500
2018-08-07 00:00:00+09:00,1198.332878832547,1229.3242463885613,1198.332878832547,1212.352783203125,152200
2018-08-08 00:00:00+09:00,1218.2560034251283,1263.2672791422287,1216.78022389342,1258.10205078125,232900
2018-08-09 00:00:00+09:00,1245.5578106465007,1254.412487025504,1227.8484578884936,1244.08203125,183200
2018-08-10 00:00:00+09:00,1244.8198398594634,1249.9850674107474,1226.3725986048776,1238.1788330078125,150000
2018-08-13 00:00:00+09:00,1217.51801814939,1223.4211358131447,1194.643437202341,1198.3328857421875,79800
2018-08-14 00:00:00+09:00,1202.7600304805871,1217.517822265625,1198.332692945076,1217.517822265625,52700
2018-08-15 00:00:00+09:00,1210.877232013921,1218.2561304417939,1189.47842657309,1197.59521484375,67200
2018-08-16 00:00:00+09:00,1178.409928636527,1178.409928636527,1157.749015673582,1171.7689208984375,76600
2018-08-17 00:00:00+09:00,1164.390115576357,1175.458462682596,1160.700666540944,1167.3416748046875,49700
2018-08-20 00:00:00+09:00,1159.9629121118662,1162.176581791469,1144.4672243546465,1157.0113525390625,57100
2018-08-21 00:00:00+09:00,1156.2731726128611,1163.6520696939897,1150.3700549479581,1159.2247314453125,67100
2018-08-22 00:00:00+09:00,1155.5352850341797,1181.3614248657225,1154.0595056152342,1180.62353515625,55800
2018-08-23 00:00:00+09:00,1193.1678173555342,1199.0709358087465,1184.3131396757158,1188.740478515625,43600
2018-08-24 00:00:00+09:00,1203.4982746486558,1203.4982746486558,1182.0994702557612,1188.740478515625,46600
2018-08-27 00:00:00+09:00,1202.7602170548348,1219.731680240271,1199.8086582399762,1212.352783203125,80700
2018-08-28 00:00:00+09:00,1218.9938295259758,1238.178962436191,1218.9938295259758,1224.1590576171875,83700
2018-08-29 00:00:00+09:00,1226.3728279852394,1234.4896156554184,1224.8970484088434,1227.1107177734375,66900
2018-08-30 00:00:00+09:00,1238.9166207991477,1249.2470750523867,1230.061945724943,1235.2271728515625,87400
2018-08-31 00:00:00+09:00,1221.9454975390393,1246.2958607146359,1221.2076077458394,1234.4896240234375,105100
2018-09-03 00:00:00+09:00,1229.3243321220657,1235.2274501634681,1211.6149779978582,1221.9454345703125,112900
2018-09-04 00:00:00+09:00,1223.4210312001026,1233.0135965834568,1213.090576171875,1213.090576171875,121600
2018-09-05 00:00:00+09:00,1217.5178835243532,1230.062007172786,1208.6632080078125,1208.6632080078125,135900
2018-09-06 00:00:00+09:00,1200.54663950944,1216.7802142292971,1199.0708599894529,1207.925537109375,106500
2018-09-07 00:00:00+09:00,1202.0221352409537,1208.6631415130032,1190.2159018684213,1196.1190185546875,68000
2018-09-10 00:00:00+09:00,1188.0025676337557,1199.070914537176,1183.5752288723877,1191.6920166015625,145600
2018-09-11 00:00:00+09:00,1209.401346010494,1213.8286846780127,1186.5267628949814,1190.9541015625,146700
2018-09-12 00:00:00+09:00,1190.9540597184225,1200.5466264943452,1182.8372724464878,1196.857177734375,154300
2018-09-13 00:00:00+09:00,1196.1193426517418,1227.110713651972,1196.1193426517418,1202.0224609375,166100
2018-09-14 00:00:00+09:00,1210.1391186760468,1218.9937951541642,1207.1875598500076,1216.042236328125,197200
2018-09-17 00:00:00+09:00,1216.042236328125,1216.042236328125,1216.042236328125,1216.042236328125,0
2018-09-18 00:00:00+09:00,1218.9938133477592,1238.9168357208764,1217.5180339127135,1230.800048828125,222100
2018-09-19 00:00:00+09:00,1239.6548891789146,1272.8599308533496,1232.27599102904,1267.6947021484375,279100
2018-09-20 00:00:00+09:00,1275.8114901132994,1288.3556169680862,1261.0536938135506,1267.6947021484375,301700
2018-09-21 00:00:00+09:00,1286.8796730324075,1303.1132468894677,1278.024996383102,1294.9964599609375,386600
2018-09-24 00:00:00+09:00,1294.9964599609375,1294.9964599609375,1294.9964599609375,1294.9964599609375,0
2018-09-25 00:00:00+09:00,1303.1132031031407,1318.60888671875,1292.7827473594014,1318.60888671875,423100
2018-09-26 00:00:00+09:00,1305.923014139214,1324.5790571983457,1302.1918055273877,1322.34033203125,203700
2018-09-27 00:00:00+09:00,1320.1012411326549,1320.1012411326549,1288.0128559609736,1293.9827880859375,117500
2018-09-28 00:00:00+09:00,1311.1464980703527,1311.1464980703527,1290.9979747647753,1303.68408203125,113300
2018-10-01 00:00:00+09:00,1300.699114029432,1320.1013957074383,1293.9829396024297,1317.8626708984375,168900
2018-10-02 00:00:00+09:00,1338.7575828654885,1350.6974498252698,1324.5789908507481,1331.295166015625,223900
2018-10-03 00:00:00+09:00,1323.0863690091967,1342.4886507882372,1310.4002616921316,1314.1314697265625,163300
2018-10-04 00:00:00+09:00,1320.8476890512063,1323.0864139479033,1304.4303731420953,1316.3702392578125,116100
2018-10-05 00:00:00+09:00,1296.9679917461094,1310.400341488014,1294.7292667891254,1297.7142333984375,130300
2018-10-08 00:00:00+09:00,1297.7142333984375,1297.7142333984375,1297.7142333984375,1297.7142333984375,0
2018-10-09 00:00:00+09:00,1290.998035100641,1298.460451488506,1273.0882357697649,1284.2818603515625,175200
2018-10-10 00:00:00+09:00,1283.5356187127759,1302.937901321225,1271.5957524921919,1284.2818603515625,207700
2018-10-11 00:00:00+09:00,1246.9699889954525,1272.3422089989506,1243.2387801714087,1249.9549560546875,231000
2018-10-12 00:00:00+09:00,1252.193610958047,1265.6259619695159,1242.492468560875,1248.46240234375,241200
2018-10-15 00:00:00+09:00,1231.2986561949824,1232.0448978047975,1211.1501327299736,1218.612548828125,116800
2018-10-16 00:00:00+09:00,1208.911376953125,1214.8813096788194,1196.2252699110243,1208.911376953125,93400
2018-10-17 00:00:00+09:00,1219.3588608861332,1225.3287941095662,1202.1953028687642,1220.1051025390625,113700
2018-10-18 00:00:00+09:00,1213.3889677301418,1224.5825928937038,1211.1502426974291,1211.896484375,161500
2018-10-19 00:00:00+09:00,1199.2102824755739,1203.6877321923464,1186.5241749447184,1196.9715576171875,189000
2018-10-22 00:00:00+09:00,1184.2854550129402,1212.642636670465,1180.5542469001082,1207.4189453125,189000
2018-10-23 00:00:00+09:00,1199.21027407098,1202.9414821421403,1161.898193359375,1161.898193359375,135800
2018-10-24 00:00:00+09:00,1171.599262242396,1181.3004026303904,1158.9131555811728,1174.584228515625,162100
2018-10-25 00:00:00+09:00,1138.764727977996,1141.0034528691717,1120.8549288485913,1122.347412109375,150900
2018-10-26 00:00:00+09:00,1119.3623377913136,1120.1085793498412,1091.005158567267,1100.706298828125,168200
2018-10-29 00:00:00+09:00,1098.4677217605156,1119.3624882070471,1098.4677217605156,1099.960205078125,121000
2018-10-30 00:00:00+09:00,1096.9752796193495,1120.8550135974579,1093.24407118527,1116.3775634765625,141900
2018-10-31 00:00:00+09:00,1114.8850841395902,1129.0636762404283,1111.900117381519,1126.824951171875,134500
2018-11-01 00:00:00+09:00,1120.1088776765046,1152.1972732395222,1118.6163941619457,1148.466064453125,120000
2018-11-02 00:00:00+09:00,1167.1219201906763,1182.792994566638,1155.1820539994674,1182.0467529296875,141400
2018-11-05 00:00:00+09:00,1192.4940252214278,1203.6876487372735,1185.7778511119204,1188.7628173828125,154000
2018-11-06 00:00:00+09:00,1205.1801743618278,1240.999770875368,1192.4940672632822,1219.3587646484375,214500
2018-11-07 00:00:00+09:00,1223.836361694336,1231.2987785339355,1191.0017276000976,1193.9866943359375,147200
2018-11-08 00:00:00+09:00,1214.8813993071572,1223.0900574105838,1210.4039494325607,1213.388916015625,85100
2018-11-09 00:00:00+09:00,1216.3738825986893,1236.522407034373,1209.6577077867946,1213.388916015625,107800
2018-11-12 00:00:00+09:00,1207.4190343095752,1217.8664177955666,1196.225409146013,1211.896484375,60000
2018-11-13 00:00:00+09:00,1184.2855368585774,1201.4490953637742,1170.1069450499365,1176.8231201171875,122600
2018-11-14 00:00:00+09:00,1169.360609501696,1182.7929585578738,1158.1669852882146,1161.898193359375,97300
2018-11-15 00:00:00+09:00,1146.9736277131617,1162.6447052551114,1146.9736277131617,1161.1522216796875,64600
2018-11-16 00:00:00+09:00,1162.6445009101942,1172.3456424453882,1150.7046344053397,1152.943359375,64800
2018-11-19 00:00:00+09:00,1152.9432384245986,1160.405654207282,1137.2721652809632,1138.7646484375,69100
2018-11-20 00:00:00+09:00,1138.0184124042462,1151.4507608785257,1134.287204494724,1149.2120361328125,76200
2018-11-21 00:00:00+09:00,1123.8399347694174,1155.9283260012135,1121.6012097997573,1152.943359375,80600
2018-11-22 00:00:00+09:00,1152.943422376495,1164.883289533792,1144.7347637058533,1158.1671142578125,89700
2018-11-23 00:00:00+09:00,1158.1671142578125,1158.1671142578125,1158.1671142578125,1158.1671142578125,0
2018-11-26 00:00:00+09:00,1161.8982937645367,1179.0618523750597,1157.4208436922263,1173.0919189453125,71900
2018-11-27 00:00:00+09:00,1186.5242191450004,1200.7028104429594,1185.7779774977394,1199.2103271484375,83500
2018-11-28 00:00:00+09:00,1196.9714746277662,1196.9714746277662,1182.7928848410281,1188.7628173828125,163600
2018-11-29 00:00:00+09:00,1201.448954326923,1217.1200276442307,1198.4639879807692,1212.642578125,108800
2018-11-30 00:00:00+09:00,1201.4488778828988,1223.0898825155723,1196.9714286485528,1214.8812255859375,125200
2018-12-03 00:00:00+09:00,1232.791086180755,1241.7459851118501,1223.83618724966,1234.2835693359375,84600
2018-12-04 00:00:00+09:00,1234.2837378005743,1237.268704518351,1197.7178955078125,1197.7178955078125,119000
2018-12-05 00:00:00+09:00,1176.8230871898195,1192.4941619082635,1173.8381205767826,1181.300537109375,128500
2018-12-06 00:00:00+09:00,1173.091803730257,1174.5842869411097,1157.4207300163032,1169.360595703125,135100
2018-12-07 00:00:00+09:00,1163.3907686539883,1172.345668733429,1148.465935188254,1152.1971435546875,86400
2018-12-10 00:00:00+09:00,1135.0336097565707,1141.749784962231,1123.839984413804,1126.824951171875,79400
2018-12-11 00:00:00+09:00,1126.8248378091353,1126.8248378091353,1101.4526229180688,1108.9150390625,81900
2018-12-12 00:00:00+09:00,1123.0937211834016,1141.7497630635246,1115.6313044313524,1138.0185546875,68000
2018-12-13 00:00:00+09:00,1147.719583976829,1161.8981744160747,1145.4808591706324,1158.9132080078125,105200
2018-12-14 00:00:00+09:00,1156.6744917276405,1168.6143574487,1131.302277070389,1141.00341796875,111800
2018-12-17 00:00:00+09:00,1162.644365310669,1163.390606880188,1140.2571182250977,1146.22705078125,117300
2018-12-18 00:00:00+09:00,1128.3171449900465,1141.7494919542137,1117.8697640179164,1124.5859375,56700
2018-12-19 00:00:00+09:00,1130.5560335793364,1130.5560335793364,1100.7063693264165,1102.1988525390625,67600
2018-12-20 00:00:00+09:00,1096.9753350392566,1096.9753350392566,1051.45458984375,1051.45458984375,97300
2018-12-21 00:00:00+09:00,1046.9768945688377,1062.6479671176228,1017.8734741210938,1017.8734741210938,176400
2018-12-24 00:00:00+09:00,1017.8734741210938,1017.8734741210938,1017.8734741210938,1017.8734741210938,0
2018-12-25 00:00:00+09:00,995.4864312777082,995.4864312777082,954.4431376343244,967.87548828125,145800
2018-12-26 00:00:00+09:00,974.5915483813365,1019.366045244185,973.0990651525749,983.5464477539062,140600
2018-12-27 00:00:00+09:00,1028.3207946864413,1067.1253529764956,1011.9034815637259,1046.2305908203125,176700
2018-12-28 00:00:00+09:00,1044.7383774424518,1062.648178198608,1035.7834770643738,1045.484619140625,114300
2018-12-31 00:00:00+09:00,1045.484619140625,1045.484619140625,1045.484619140625,1045.484619140625,0
2019-01-04 00:00:00+09:00,1023.0970851914566,1047.7230544192596,1012.649704306934,1043.24560546875,123900
2019-01-07 00:00:00+09:00,1077.572960643715,1082.7966522811846,1067.125577368776,1071.60302734375,104100
2019-01-08 00:00:00+09:00,1067.1253726356908,1067.8716141550165,1052.9467837685033,1063.3941650390625,99900
2019-01-09 00:00:00+09:00,1065.6329088578113,1067.871633456252,1057.4242519968618,1066.379150390625,68400
2019-01-10 00:00:00+09:00,1052.2006186956091,1066.379208592926,1043.9919613866364,1061.155517578125,50900
2019-01-11 00:00:00+09:00,1076.826875443892,1078.3193589857408,1064.1407653381775,1067.125732421875,49000
2019-01-15 00:00:00+09:00,1044.7382733104675,1101.45263671875,1043.9920316866742,1101.45263671875,99900
2019-01-16 00:00:00+09:00,1106.6762504655014,1120.8548403231173,1099.2138347509665,1103.6912841796875,100700
2019-01-17 00:00:00+09:00,1104.437740394638,1129.0637170385726,1097.7215649462923,1118.6163330078125,80000
2019-01-18 00:00:00+09:00,1120.10872720155,1132.7948353710544,1112.646310631253,1114.1387939453125,124600
2019-01-21 00:00:00+09:00,1119.362259675601,1127.5709162465555,1114.1385691304483,1117.12353515625,106700
2019-01-22 00:00:00+09:00,1119.3626759263168,1126.0788519818745,1105.18408203125,1105.18408203125,72800
2019-01-23 00:00:00+09:00,1082.7965724196781,1104.4375790359225,1082.7965724196781,1088.020263671875,63200
2019-01-24 00:00:00+09:00,1079.8114338914008,1091.7512977077536,1073.8415019832244,1089.5125732421875,59900
2019-01-25 00:00:00+09:00,1076.0803979525679,1094.7364381389855,1073.095431522741,1088.020263671875,150400
2019-01-28 00:00:00+09:00,1096.228961472686,1099.9601696465209,1077.5729206035116,1079.8116455078125,60300
2019-01-29 00:00:00+09:00,1073.0954964665457,1081.304154645358,1060.4093883720177,1079.0654296875,106500
2019-01-30 00:00:00+09:00,1074.5879181338028,1080.557851012324,1059.6630859375,1059.6630859375,134100
2019-01-31 00:00:00+09:00,1068.6180161810887,1079.065399020848,1058.1706333413294,1069.3642578125,142200
2019-02-01 00:00:00+09:00,1061.1554468299385,1082.0502094960693,1061.1554468299385,1073.841552734375,126400
2019-02-04 00:00:00+09:00,1086.5277149618032,1113.3924112108589,1084.2889902743818,1111.1536865234375,121900
2019-02-05 00:00:00+09:00,1118.6162965629358,1139.5110639436978,1111.9001213334052,1137.2723388671875,86400
2019-02-06 00:00:00+09:00,1149.9584245213157,1150.7046661984873,1120.8549991116263,1123.8399658203125,67000
2019-02-07 00:00:00+09:00,1121.6011279045345,1170.8530736408613,1091.7514638219122,1158.9132080078125,218600
2019-02-08 00:00:00+09:00,1154.4357436438347,1168.6143339019038,1111.8999728696276,1113.3924560546875,294100
2019-02-12 00:00:00+09:00,1114.8850214609843,1129.0636127647049,1097.7214635670066,1121.6011962890625,214100
2019-02-13 00:00:00+09:00,1132.0484675750633,1146.2270574787722,1111.8999450803194,1142.495849609375,186100
2019-02-14 00:00:00+09:00,1143.2421359344444,1157.4207263931614,1139.5109279189924,1144.734619140625,122700
2019-02-15 00:00:00+09:00,1138.0185546875,1139.5110380379099,1126.8249295594262,1138.0185546875,96700
2019-02-18 00:00:00+09:00,1159.6595458984375,1168.6144458667652,1154.4358542502462,1159.6595458984375,158700
2019-02-19 00:00:00+09:00,1159.659378966695,1162.6443451931214,1154.4356880704484,1157.420654296875,86900
2019-02-20 00:00:00+09:00,1164.136719368469,1189.5089299188076,1163.3904778816943,1178.3153076171875,153700
2019-02-21 00:00:00+09:00,1178.3154676854422,1185.7778835669205,1169.360568627668,1184.285400390625,174400
2019-02-22 00:00:00+09:00,1176.0768784430484,1179.8080868137433,1161.8982866344077,1176.8231201171875,94900
2019-02-25 00:00:00+09:00,1182.0468046282397,1190.2554629937135,1176.82311294112,1180.5543212890625,103200
2019-02-26 00:00:00+09:00,1181.300603467139,1186.5242953333864,1165.629527868396,1172.345703125,107900
2019-02-27 00:00:00+09:00,1173.0918931033455,1184.2855180375377,1170.853168116507,1173.838134765625,152300
2019-02-28 00:00:00+09:00,1172.3455621248306,1179.8079781790943,1159.6594548325822,1169.360595703125,195500
2019-03-01 00:00:00+09:00,1175.3304443359375,1185.0315845114087,1174.584202783978,1175.3304443359375,102400
2019-03-04 00:00:00+09:00,1179.8079441396435,1191.0015678980842,1176.8229778040593,1188.0166015625,124300
2019-03-05 00:00:00+09:00,1187.2705410063832,1187.2705410063832,1175.3306738435283,1182.7930908203125,97200
2019-03-06 00:00:00+09:00,1182.7930535102994,1185.0317785327163,1170.8531867240754,1176.8231201171875,92800
2019-03-07 00:00:00+09:00,1176.82314192104,1176.82314192104,1159.6595830978413,1165.6295166015625,150400
2019-03-08 00:00:00+09:00,1151.450768946343,1161.1519095790732,1129.0635213323508,1131.30224609375,129000
2019-03-11 00:00:00+09:00,1140.2572041708083,1140.2572041708083,1123.093646778185,1126.07861328125,53800
2019-03-12 00:00:00+09:00,1134.287368067053,1143.2422683412665,1126.824951171875,1126.824951171875,97800
2019-03-13 00:00:00+09:00,1129.8099587550553,1132.7949256209868,1115.631366141881,1118.6163330078125,39900
2019-03-14 00:00:00+09:00,1121.6010818945708,1121.6010818945708,1095.4826268936993,1103.6912841796875,40100
2019-03-15 00:00:00+09:00,1108.169033733652,1123.8401109783704,1107.422791960094,1112.646484375,107100
2019-03-18 00:00:00+09:00,1126.8251227566516,1129.063848166102,1110.4078030873493,1114.88525390625,67600
2019-03-19 00:00:00+09:00,1117.123746403677,1123.093679584191,1108.168846632906,1121.6011962890625,36200
2019-03-20 00:00:00+09:00,1119.362512807377,1138.7647963627048,1118.6162711321722,1138.0185546875,95300
2019-03-22 00:00:00+09:00,1146.2273782831517,1164.8834228515625,1141.7499275867333,1164.8834228515625,93800
2019-03-25 00:00:00+09:00,1146.9732806865986,1146.9732806865986,1122.3473091429046,1125.332275390625,67300
2019-03-26 00:00:00+09:00,1135.7798633378804,1161.1520810471368,1135.7798633378804,1158.1671142578125,79200
2019-03-27 00:00:00+09:00,1166.5266618865053,1171.0863752228695,1152.0875696546855,1168.8065185546875,60000
2019-03-28 00:00:00+09:00,1165.7665403663011,1165.7665403663011,1144.4878812201105,1152.08740234375,67300
2019-03-29 00:00:00+09:00,1156.6472143635797,1160.4469752517648,1141.4481708108387,1143.72802734375,81800
2019-04-01 00:00:00+09:00,1168.0465247763357,1187.0453296685987,1165.766668189264,1177.9259033203125,57800
2019-04-02 00:00:00+09:00,1199.2043590424475,1199.9643111077469,1187.8050780629567,1196.16455078125,68300
2019-04-03 00:00:00+09:00,1199.2043390587914,1206.043907532511,1193.8846746903432,1200.7242431640625,57600
2019-04-04 00:00:00+09:00,1206.0441546741692,1216.6834855912698,1198.4446325905262,1213.6436767578125,50100
2019-04-05 00:00:00+09:00,1218.2032268137723,1229.6025084121543,1218.2032268137723,1222.762939453125,74900
2019-04-08 00:00:00+09:00,1217.4433704933588,1222.7630356578115,1201.484375,1201.484375,25100
2019-04-09 00:00:00+09:00,1199.2041977717627,1207.5636693658626,1187.804918325263,1205.2838134765625,27100
2019-04-10 00:00:00+09:00,1198.444539055125,1209.8438212909061,1192.3649218627083,1207.56396484375,25600
2019-04-11 00:00:00+09:00,1193.8848300812351,1199.204495142068,1187.8052128688546,1193.1248779296875,32700
2019-04-12 00:00:00+09:00,1196.9244716266473,1196.9244716266473,1180.9654786716253,1189.324951171875,90000
2019-04-15 00:00:00+09:00,1215.9234453764964,1233.4023449037836,1196.9246415424886,1206.0440673828125,145700
2019-04-16 00:00:00+09:00,1200.7244643532904,1207.5640340869484,1186.2853726933456,1192.364990234375,54900
2019-04-17 00:00:00+09:00,1197.6844791255915,1206.0439520128893,1191.6048624802838,1204.5240478515625,72100
2019-04-18 00:00:00+09:00,1201.4844729392205,1204.5242818524127,1175.6460971770869,1180.205810546875,47700
2019-04-19 00:00:00+09:00,1190.8451417430479,1192.365046199644,1177.1660016336828,1180.205810546875,42100
2019-04-22 00:00:00+09:00,1183.245469791625,1186.2852783203125,1172.6061399412185,1186.2852783203125,26000
2019-04-23 00:00:00+09:00,1189.3251745659861,1196.9246964481968,1187.805270189544,1193.8848876953125,47400
2019-04-24 00:00:00+09:00,1197.6846887412855,1197.6846887412855,1171.8463134765625,1171.8463134765625,66100
2019-04-25 00:00:00+09:00,1171.086123934659,1172.6060280539773,1155.8870827414773,1170.326171875,81700
2019-04-26 00:00:00+09:00,1165.0068066214012,1165.0068066214012,1146.0080002511893,1158.167236328125,91600
2019-05-07 00:00:00+09:00,1155.1274178430797,1155.8873700916608,1131.5688981370697,1133.8487548828125,137100
2019-05-08 00:00:00+09:00,1121.689484836003,1121.689484836003,1085.211778012068,1088.2515869140625,101600
2019-05-09 00:00:00+09:00,1082.9316575718547,1082.9316575718547,1044.1741035113882,1051.013671875,223400
2019-05-10 00:00:00+09:00,1044.9342069954707,1076.8521973182415,1042.6543505438444,1057.8533935546875,184900
2019-05-13 00:00:00+09:00,1052.5335191823242,1060.1330391764204,1034.2946711964933,1035.8145751953125,97000
2019-05-14 00:00:00+09:00,1007.6965096163594,1054.0535888671875,1003.1367969031633,1054.0535888671875,94500
2019-05-15 00:00:00+09:00,1060.1331691418663,1077.6120672710872,1057.0933607715672,1076.0921630859375,86700
2019-05-16 00:00:00+09:00,1076.0921969461237,1076.0921969461237,1062.4130588493508,1068.49267578125,112300
2019-05-17 00:00:00+09:00,1082.1718981380664,1093.5711807729476,1077.6121850841137,1090.5313720703125,64700
2019-05-20 00:00:00+09:00,1086.7314788388535,1095.8509038361026,1077.6120538416044,1079.1319580078125,54000
2019-05-21 00:00:00+09:00,1070.7724410094138,1089.011290253009,1070.0124889575973,1075.3321533203125,69200
2019-05-22 00:00:00+09:00,1069.2525809274593,1083.691670506437,1068.4926288443553,1079.1319580078125,77000
2019-05-23 00:00:00+09:00,1075.3323305360414,1075.3323305360414,1061.6531913490105,1063.173095703125,64300
2019-05-24 00:00:00+09:00,1057.0934414041453,1065.452915060109,1045.694159146013,1057.8533935546875,63000
2019-05-27 00:00:00+09:00,1063.932949105031,1065.4528533180383,1044.1741943359375,1044.1741943359375,46700
2019-05-28 00:00:00+09:00,1045.694115559661,1057.0933973426515,1038.8545464898668,1054.0535888671875,79600
2019-05-29 00:00:00+09:00,1032.015017578125,1050.253869140625,1032.015017578125,1044.9342041015625,70800
2019-05-30 00:00:00+09:00,1037.3347192700796,1054.0536671264472,1037.3347192700796,1050.25390625,62200
2019-05-31 00:00:00+09:00,1038.8545532679009,1038.8545532679009,1023.6555107914138,1025.1754150390625,94000
2019-06-03 00:00:00+09:00,1013.7760222889871,1026.6952069808258,1012.2561182075943,1022.8954467773438,70700
2019-06-04 00:00:00+09:00,1026.6952958863549,1044.1741943359375,1015.296014288801,1044.1741943359375,78200
2019-06-05 00:00:00+09:00,1064.6930000572395,1069.2527131195832,1054.0536695784376,1063.173095703125,72800
2019-06-06 00:00:00+09:00,1061.6532260134034,1065.4529870227568,1055.5736083984375,1055.5736083984375,73300
2019-06-07 00:00:00+09:00,1056.3333112088305,1056.3333112088305,1040.3743187373302,1042.6541748046875,63800
2019-06-10 00:00:00+09:00,1043.4143390996358,1065.4529522342968,1043.4143390996358,1063.173095703125,51900
2019-06-11 00:00:00+09:00,1063.9329362623762,1075.3322177223301,1059.3732236783947,1074.572265625,47000
2019-06-12 00:00:00+09:00,1070.7724810360332,1076.0921455976033,1064.692864394239,1066.2127685546875,49900
2019-06-13 00:00:00+09:00,1059.3733184946564,1063.1730793213949,1044.174275187703,1053.293701171875,64900
2019-06-14 00:00:00+09:00,1056.3335955912346,1058.6134522723667,1045.6942644126177,1047.97412109375,86700
2019-06-17 00:00:00+09:00,1041.1343822324636,1042.6542864401024,1030.4950527789933,1031.2550048828125,53000
2019-06-18 00:00:00+09:00,1036.5744926772431,1038.854348599554,1012.2560295059296,1015.2958374023438,35200
2019-06-19 00:00:00+09:00,1028.2152168257423,1056.3334452237855,1028.2152168257423,1054.0535888671875,60300
2019-06-20 00:00:00+09:00,1062.4130081535661,1067.732672715136,1050.2537748699774,1066.2127685546875,47400
2019-06-21 00:00:00+09:00,1073.0525445862038,1082.1719713107323,1047.97412109375,1047.97412109375,156300
2019-06-24 00:00:00+09:00,1055.5735739325523,1066.9728565884113,1048.7340043390368,1063.173095703125,45500
2019-06-25 00:00:00+09:00,1058.6133917500918,1058.6133917500918,1033.5349696914034,1034.294921875,72000
2019-06-26 00:00:00+09:00,1025.9355033108736,1038.0947389056691,1022.1357421875001,1022.1357421875,50900
2019-06-27 00:00:00+09:00,1031.2549188245662,1051.013671875,1025.935254541757,1051.013671875,85100
2019-06-28 00:00:00+09:00,1041.1345510503534,1054.8136911371464,1034.294981006957,1047.97412109375,83300
2019-07-01 00:00:00+09:00,1067.7326967490276,1074.572265625,1056.3334152890734,1074.572265625,117500
2019-07-02 00:00:00+09:00,1073.8124623498009,1108.770263671875,1073.8124623498009,1108.770263671875,93200
2019-07-03 00:00:00+09:00,1091.2913450183696,1091.2913450183696,1073.8124446455126,1085.9716796875,74500
2019-07-04 00:00:00+09:00,1092.8112880341857,1104.2105712890625,1091.2913836002022,1104.2105712890625,37400
2019-07-05 00:00:00+09:00,1101.1706955816155,1103.4505520942068,1086.7316043352037,1092.05126953125,29500
2019-07-08 00:00:00+09:00,1082.9317762682256,1092.0512017525896,1079.1320156497407,1079.8919677734375,58500
2019-07-09 00:00:00+09:00,1075.3323607011275,1082.931882684881,1066.9728865189986,1070.0126953125,41300
2019-07-10 00:00:00+09:00,1057.093512802179,1061.6532260134034,1050.2539429853423,1055.5736083984375,74300
2019-07-11 00:00:00+09:00,1057.853430463724,1064.6930000572395,1057.853430463724,1063.173095703125,62400
2019-07-12 00:00:00+09:00,1063.172920491249,1080.651817683028,1062.4129684394325,1075.3321533203125,66700
2019-07-16 00:00:00+09:00,1075.3323285571375,1095.0910851242652,1069.2527111518675,1090.5313720703125,79400
2019-07-17 00:00:00+09:00,1076.092105372129,1089.7712423048256,1067.7326328021477,1075.3321533203125,61100
2019-07-18 00:00:00+09:00,1067.7327695793854,1067.7327695793854,1016.8159755852082,1017.575927734375,124400
2019-07-19 00:00:00+09:00,1016.055916750718,1047.213951594981,1011.4962043344844,1041.894287109375,87100
2019-07-22 00:00:00+09:00,1041.1343417226876,1046.4540062424387,1034.2947730544365,1040.3743896484375,45600
2019-07-23 00:00:00+09:00,1038.094634765625,1051.0138212890624,1033.534921875,1044.9342041015625,62900
2019-07-24 00:00:00+09:00,1047.2140838490936,1057.0934619986133,1044.174275187703,1053.293701171875,106900
2019-07-25 00:00:00+09:00,1062.4130655924478,1073.8123474121094,1062.4130655924478,1066.9727783203125,67700
2019-07-26 00:00:00+09:00,1063.9328232961684,1070.0124394292893,1057.8532071630473,1058.6131591796875,62200
2019-07-29 00:00:00+09:00,1054.8134765625,1058.6132369247568,1047.9739079104377,1054.8134765625,46700
2019-07-30 00:00:00+09:00,1077.612226281129,1086.731652737669,1066.2129432104543,1081.4119873046875,167200
2019-07-31 00:00:00+09:00,1070.7726564387242,1087.4916049423807,1065.4529910057427,1081.4119873046875,102400
2019-08-01 00:00:00+09:00,1076.0924644252232,1078.3723213413784,1060.8934183175224,1063.9332275390625,58500
2019-08-02 00:00:00+09:00,1041.134462675425,1041.134462675425,995.5373329232167,1000.0970458984375,146800
2019-08-05 00:00:00+09:00,988.6978483334816,988.6978483334816,954.4999980836686,968.1791381835938,152400
2019-08-06 00:00:00+09:00,928.6614657226563,957.5396455078126,926.3816094238282,949.9401245117188,156300
2019-08-07 00:00:00+09:00,934.7410922442343,942.3406133193907,928.6614753841093,933.9811401367188,171200
2019-08-08 00:00:00+09:00,927.9016044410837,941.5807435728932,922.5819392231577,929.4215087890625,147900
2019-08-09 00:00:00+09:00,936.2610000438905,962.0993717983486,917.2621972832596,946.9003295898438,180000
2019-08-13 00:00:00+09:00,930.94140625,937.0210235969388,918.7821715561224,930.94140625,167800
2019-08-14 00:00:00+09:00,936.261016821112,949.1802029298449,933.2212083249395,943.1005859375,127900
2019-08-15 00:00:00+09:00,924.1018676757812,927.1416764510305,914.2224891562212,924.1018676757812,119200
2019-08-16 00:00:00+09:00,918.0222535686729,930.1814887152779,916.5023491753473,923.3419189453125,69100
2019-08-19 00:00:00+09:00,937.0210235969388,942.3406887755102,930.1814540816326,930.94140625,77400
2019-08-20 00:00:00+09:00,933.221074532505,946.1402587890625,932.4611225174134,946.1402587890625,48300
2019-08-21 00:00:00+09:00,929.4215420584288,939.3009206739313,927.9016376560438,935.5011596679688,65200
2019-08-22 00:00:00+09:00,947.6603504572957,953.7399677818013,928.661546318216,931.7013549804688,96800
2019-08-23 00:00:00+09:00,935.5011192602041,939.3008801020408,927.9015975765305,930.94140625,113100
2019-08-26 00:00:00+09:00,897.503383574685,902.0630959383159,886.8640547262129,891.4237670898438,154400
2019-08-27 00:00:00+09:00,905.1028722402556,912.702392578125,901.3031120713208,912.702392578125,129800
2019-08-28 00:00:00+09:00,911.182430826823,921.061806640625,908.1426228841145,911.9423828125,133600
2019-08-29 00:00:00+09:00,914.2222933396325,919.5419575569039,902.0630608430123,913.4623413085938,72600
2019-08-30 00:00:00+09:00,921.8218039299171,946.9002206897583,921.8218039299171,943.8604125976562,203200
2019-09-02 00:00:00+09:00,940.8206454546023,956.7796386327499,933.9810769496819,948.420166015625,142700
2019-09-03 00:00:00+09:00,949.1801225142046,968.938876065341,947.6602183948864,961.33935546875,88100
2019-09-04 00:00:00+09:00,958.2995427449544,959.8194468571589,948.4201660156249,948.420166015625,113000
2019-09-05 00:00:00+09:00,957.5398222383086,985.6580551135605,957.5398222383086,978.0585327148438,131900
2019-09-06 00:00:00+09:00,987.9378154816403,997.0572414707016,984.1380546528648,985.657958984375,126600
2019-09-09 00:00:00+09:00,984.1380961971059,984.1380961971059,971.2189088339007,976.53857421875,236600
2019-09-10 00:00:00+09:00,983.3780349812547,1009.2164068432043,979.578274413321,1000.85693359375,216700
2019-09-11 00:00:00+09:00,1007.6965795681102,1024.41552734375,1004.6567708816302,1024.41552734375,236600
2019-09-12 00:00:00+09:00,1032.77500123157,1038.09466643291,1020.61576648565,1024.41552734375,249500
2019-09-13 00:00:00+09:00,1001.6169621951502,1027.45533603023,1000.0970578519103,1024.41552734375,341200
2019-09-17 00:00:00+09:00,1018.3359099707901,1035.05485774643,1010.7363882545902,1024.41552734375,229800
2019-09-18 00:00:00+09:00,1018.3357599431819,1023.6554243607956,998.5770063920455,1003.13671875,238200
2019-09-19 00:00:00+09:00,1004.6565978006304,1030.4949671843076,1003.896645759934,1022.8954467773438,296600
2019-09-20 00:00:00+09:00,1023.6555614584296,1029.7351787499422,1014.5361355211608,1027.455322265625,392300
2019-09-24 00:00:00+09:00,1025.9354013752102,1029.7351621210441,1016.0560234360414,1017.575927734375,338300
2019-09-25 00:00:00+09:00,1013.0161743164062,1013.7761264351732,1003.1367967724352,1013.0161743164062,261300
2019-09-26 00:00:00+09:00,1023.6556551764993,1044.1743654138902,1020.6158462524413,1033.5350341796875,593700
2019-09-27 00:00:00+09:00,1028.136018349602,1028.9073131870734,1004.9971732254548,1017.337890625,253800
2019-09-30 00:00:00+09:00,1015.7950557111257,1031.2209487363516,1012.7098771060805,1024.279296875,181000
2019-10-01 00:00:00+09:00,1028.9069947650441,1044.332886740532,1028.9069947650441,1037.3912353515625,100800
2019-10-02 00:00:00+09:00,1027.364475480045,1035.0774219926582,1021.1941182699547,1024.279296875,126900
2019-10-03 00:00:00+09:00,1003.4543935821274,1008.853456422308,993.4275625932207,1001.9118041992188,164700
2019-10-04 00:00:00+09:00,999.5978855885458,1005.7682429069936,990.342349610874,1004.9969482421875,120900
2019-10-07 00:00:00+09:00,1006.5396976914516,1010.3961716289667,994.1989810914032,994.9702758789062,113300
2019-10-08 00:00:00+09:00,1001.9118324527416,1010.396074297992,994.9701800339004,998.0553588867188,168400
2019-10-09 00:00:00+09:00,993.4275413074713,1006.53955078125,985.7145945581897,1006.53955078125,125100
2019-10-10 00:00:00+09:00,1006.53955078125,1008.0821401311064,988.7997732579023,1006.53955078125,143800
2019-10-11 00:00:00+09:00,1011.1672086860633,1015.7949762315372,1004.2255573678524,1015.023681640625,113300
2019-10-15 00:00:00+09:00,1025.8220961180375,1046.647055964043,1025.0508013089263,1042.019287109375,142800
2019-10-16 00:00:00+09:00,1059.7590097039172,1067.4719573727957,1045.8757038999356,1049.732177734375,102600
2019-10-17 00:00:00+09:00,1051.2748928634373,1053.5887774405394,1041.2480596959945,1042.7906494140625,103900
2019-10-18 00:00:00+09:00,1041.247802734375,1055.1311067708332,1037.3913293909143,1041.247802734375,123700
2019-10-21 00:00:00+09:00,1049.7321080945546,1058.2163499674716,1044.3330450845165,1055.9024658203125,78100
2019-10-23 00:00:00+09:00,1062.072901964015,1065.1580810546875,1043.5618274199799,1065.1580810546875,114500
2019-10-24 00:00:00+09:00,1072.099652781715,1072.099652781715,1058.9876426397802,1062.8441162109375,66800
2019-10-25 00:00:00+09:00,1064.3867862820193,1065.9293758273557,1055.1312490100017,1065.1580810546875,94500
2019-10-28 00:00:00+09:00,1064.3867318226528,1071.3283844214961,1060.5302581566286,1065.9293212890625,112500
2019-10-29 00:00:00+09:00,1070.5572731949278,1082.897991041555,1069.0146834640993,1080.5841064453125,133800
2019-10-30 00:00:00+09:00,1083.6690914008782,1094.467217578538,1070.557081042291,1093.6959228515625,239700
2019-10-31 00:00:00+09:00,1094.467215438447,1102.1801626931226,1084.440384007369,1100.6375732421875,82600
2019-11-01 00:00:00+09:00,1085.211685180664,1089.068158830915,1075.9561484200613,1079.8126220703125,82100
2019-11-05 00:00:00+09:00,1102.1800801183324,1116.063384136618,1093.6958387738246,1105.2652587890625,132700
2019-11-06 00:00:00+09:00,1117.6060768410011,1129.175497926312,1109.1218347117735,1124.5477294921875,139900
2019-11-07 00:00:00+09:00,1133.0319716214153,1135.3458558384775,1115.2921926239392,1124.5477294921875,122900
2019-11-08 00:00:00+09:00,1138.4308658722907,1151.542874490061,1135.345687373992,1147.6864013671875,163600
2019-11-11 00:00:00+09:00,1156.1708698678524,1161.569933302859,1149.2292168799868,1160.02734375,145600
2019-11-12 00:00:00+09:00,1160.0271788423483,1169.28271484375,1149.2290535073796,1169.28271484375,88800
2019-11-13 00:00:00+09:00,1166.9688207452946,1166.9688207452946,1151.5429275431097,1153.8568115234375,67700
2019-11-14 00:00:00+09:00,1153.8568564618645,1153.8568564618645,1133.0318998278601,1137.65966796875,103800
2019-11-15 00:00:00+09:00,1153.8567653196255,1183.937255859375,1143.8299351397088,1183.937255859375,184400
2019-11-18 00:00:00+09:00,1180.0810027153827,1181.623592261416,1169.2828758931505,1173.91064453125,83200
2019-11-19 00:00:00+09:00,1169.2828629343132,1174.6819262855931,1165.4263891119706,1172.3680419921875,55500
2019-11-20 00:00:00+09:00,1165.4263371058873,1176.2244633265905,1160.798568725586,1166.1976318359375,101500
2019-11-21 00:00:00+09:00,1152.3143677000496,1165.4263785774933,1140.7449463375995,1163.8837890625,158000
2019-11-22 00:00:00+09:00,1163.8837476457868,1180.0809369768415,1159.2559792654854,1166.1976318359375,72800
2019-11-25 00:00:00+09:00,1188.5652188387785,1199.3633454213502,1170.825439453125,1170.825439453125,89800
2019-11-26 00:00:00+09:00,1186.2511810223054,1191.6502436147346,1176.9956451495696,1181.6234130859375,170000
2019-11-27 00:00:00+09:00,1193.9641736025737,1219.4168982336364,1190.8789948594147,1215.5604248046875,178100
2019-11-28 00:00:00+09:00,1211.7039854217687,1211.7039854217687,1187.7938494904672,1190.8790283203125,85200
2019-11-29 00:00:00+09:00,1200.134733902269,1220.1883991217157,1194.7356701893411,1210.932861328125,160300
2019-12-02 00:00:00+09:00,1212.475190325012,1225.5871993806895,1210.932601024344,1223.2733154296875,93400
2019-12-03 00:00:00+09:00,1210.9325228072585,1210.9325228072585,1199.3631037995458,1207.0760498046875,86000
2019-12-04 00:00:00+09:00,1197.820769776793,1214.7892546029934,1195.506885482311,1208.618896484375,122400
2019-12-05 00:00:00+09:00,1227.9012123887385,1249.4974648679372,1226.3586229259386,1245.6409912109375,183700
2019-12-06 00:00:00+09:00,1249.4975844510084,1260.2957117240417,1243.327226009275,1252.582763671875,96400
2019-12-09 00:00:00+09:00,1257.2102991506595,1261.8380671229932,1245.6408792198251,1261.0667724609375,112700
2019-12-10 00:00:00+09:00,1261.067045434121,1261.067045434121,1246.4124436828988,1257.2105712890625,109800
2019-12-11 00:00:00+09:00,1254.8964065418743,1257.2102905121421,1234.0714508094645,1238.69921875,70000
2019-12-12 00:00:00+09:00,1249.4974253709604,1249.4974253709604,1234.071531230578,1241.01318359375,70400
2019-12-13 00:00:00+09:00,1271.8651730402846,1274.9503523563315,1254.1253919730157,1257.2105712890625,267600
2019-12-16 00:00:00+09:00,1257.2105223247152,1257.2105223247152,1240.2420367473264,1244.0985107421875,60500
2019-12-17 00:00:00+09:00,1249.4974757120617,1259.524307307282,1247.18359149778,1254.125244140625,102400
2019-12-18 00:00:00+09:00,1250.2686881271063,1268.7797606225106,1247.1835093778723,1258.7529296875,93500
2019-12-19 00:00:00+09:00,1261.066834340236,1285.7482647371091,1261.066834340236,1282.6630859375,137100
2019-12-20 00:00:00+09:00,1284.2055242603283,1296.5462380069741,1275.7212835595092,1293.4610595703125,116400
2019-12-23 00:00:00+09:00,1301.1741720480245,1305.0306455869932,1284.2056884765625,1284.2056884765625,160100
2019-12-24 00:00:00+09:00,1288.0623320419422,1288.0623320419422,1262.6096033249457,1268.0086669921875,50200
2019-12-25 00:00:00+09:00,1290.37621647076,1290.37621647076,1259.524424086522,1268.0086669921875,48300
2019-12-26 00:00:00+09:00,1270.3223429069246,1286.51953125,1264.9232801258993,1286.51953125,73600
2019-12-27 00:00:00+09:00,1295.0037179881758,1295.7750126385558,1283.4342982324745,1287.290771484375,87500
2019-12-30 00:00:00+09:00,1278.035405157251,1278.035405157251,1260.295625846076,1264.152099609375,64600
2020-01-06 00:00:00+09:00,1235.6139834735577,1253.353759765625,1230.2149211237981,1253.353759765625,97500
2020-01-07 00:00:00+09:00,1269.5509709889193,1274.9500334414845,1258.7528460837887,1270.322265625,81600
2020-01-08 00:00:00+09:00,1241.0131855773925,1241.0131855773925,1219.416933746338,1234.071533203125,92800
2020-01-09 00:00:00+09:00,1249.4973838181413,1258.7529199945718,1239.4705529603414,1243.3270263671875,62800
2020-01-10 00:00:00+09:00,1243.3270148539975,1243.3270148539975,1230.9863000663647,1234.8427734375,64300
2020-01-14 00:00:00+09:00,1227.1299264918707,1228.6725159657763,1208.618852805004,1217.8743896484375,91100
2020-01-15 00:00:00+09:00,1207.8473698721186,1224.0445568244268,1207.8473698721186,1217.1029052734375,78500
2020-01-16 00:00:00+09:00,1216.331844132648,1219.4170231919572,1206.3050121898932,1208.618896484375,56900
2020-01-17 00:00:00+09:00,1209.3900934533226,1221.7308086926423,1207.8475040484077,1218.6456298828125,70600
2020-01-20 00:00:00+09:00,1220.959512065986,1226.3585749746794,1219.416922663502,1225.5872802734375,54500
2020-01-21 00:00:00+09:00,1226.3587203007958,1236.385552605142,1224.816130715512,1235.6142578125,65200
2020-01-22 00:00:00+09:00,1222.502236165467,1234.842952745055,1222.502236165467,1227.1300048828125,75400
2020-01-23 00:00:00+09:00,1212.4754509603902,1220.9596939378482,1210.932861328125,1210.932861328125,44000
2020-01-24 00:00:00+09:00,1211.7038163957025,1220.9593515941422,1209.3899325960926,1214.0177001953125,87100
2020-01-27 00:00:00+09:00,1203.9912429740525,1204.7625378126008,1190.1079358801812,1193.193115234375,68800
2020-01-28 00:00:00+09:00,1176.224599457795,1176.224599457795,1161.5699978907799,1167.7403564453125,109100
2020-01-29 00:00:00+09:00,1164.655094347502,1172.3680419921875,1154.628262409411,1172.3680419921875,80000
2020-01-30 00:00:00+09:00,1162.3409586918017,1169.28261007085,1136.8882369686235,1143.05859375,85300
2020-01-31 00:00:00+09:00,1143.05859375,1154.628012715081,1138.4308261639676,1143.05859375,96900
2020-02-03 00:00:00+09:00,1119.9200384646044,1139.9737030652104,1117.6061540876115,1133.8033447265625,71200
2020-02-04 00:00:00+09:00,1128.404301211278,1151.5431453919603,1126.8617115992324,1150.7718505859375,41400
2020-02-05 00:00:00+09:00,1169.2827047256224,1171.5965887059501,1148.4577489026726,1153.8568115234375,77400
2020-02-06 00:00:00+09:00,1175.4527859513048,1188.5647920938063,1170.8250190774809,1178.5379638671875,65700
2020-02-07 00:00:00+09:00,1190.8792307187298,1200.906063619859,1167.7403855622777,1193.193115234375,97300
2020-02-10 00:00:00+09:00,1189.3365268104953,1189.3365268104953,1171.5967472277189,1172.3680419921875,154000
2020-02-12 00:00:00+09:00,1177.7670922562068,1180.8522712797987,1165.4263761618392,1170.825439453125,105700
2020-02-13 00:00:00+09:00,1170.0542075752412,1172.368091967282,1148.4579532495281,1149.229248046875,151300
2020-02-14 00:00:00+09:00,1141.5159894181825,1160.7983541043004,1138.4308110684037,1155.3992919921875,144700
2020-02-17 00:00:00+09:00,1133.8032308283211,1135.3458202580196,1105.265326378901,1106.03662109375,304800
2020-02-18 00:00:00+09:00,1097.5523269032697,1123.0050512798036,1093.6958535128856,1099.8662109375,370800
2020-02-19 00:00:00+09:00,1112.2069257867286,1115.2921044990358,1099.8662109375,1099.8662109375,114200
2020-02-20 00:00:00+09:00,1111.4356557966687,1123.7763709200183,1108.3504770158313,1109.89306640625,176800
2020-02-21 00:00:00+09:00,1115.2920730622411,1134.5744394706478,1115.2920730622411,1117.60595703125,153000
2020-02-25 00:00:00+09:00,1072.0995961829633,1096.009731061864,1061.3014707537825,1070.5570068359375,186300
2020-02-26 00:00:00+09:00,1052.0460699193293,1071.3284392360324,1049.7321856013248,1065.1580810546875,144300
2020-02-27 00:00:00+09:00,1056.6737148068985,1056.6737148068985,1018.8802753721993,1021.9654541015625,208500
2020-02-28 00:00:00+09:00,992.656234996131,1000.3691816549976,966.4322163559847,969.5173950195312,196600
2020-03-02 00:00:00+09:00,951.7778852389235,998.0555782002974,946.3788210600966,980.3157958984375,224100
2020-03-03 00:00:00+09:00,996.5126579597545,1009.6246666171197,978.0015869140625,978.0015869140625,165700
2020-03-04 00:00:00+09:00,967.203799090808,987.2574663765823,961.804734821561,974.916748046875,160200
2020-03-05 00:00:00+09:00,987.2572566946442,990.342435621815,964.1184147408635,964.8897094726562,133300
2020-03-06 00:00:00+09:00,946.3786920135345,947.9212815685688,920.1546695779516,920.9259643554688,142200
2020-03-09 00:00:00+09:00,897.7872227963845,897.7872227963845,854.594710359445,859.9937744140625,159300
2020-03-10 00:00:00+09:00,840.7112370786708,886.9889198536436,816.8011009782682,883.1324462890625,167300
2020-03-11 00:00:00+09:00,874.6481271112517,898.5582610975381,856.9083502827166,866.9351806640625,277900
2020-03-12 00:00:00+09:00,853.0517935101836,870.020274032086,829.1416618656849,836.0833129882812,239500
2020-03-13 00:00:00+09:00,789.8058013765979,805.2316959347345,758.9540122603245,784.40673828125,200900
2020-03-16 00:00:00+09:00,786.7206180273243,809.8594597340103,772.8373130033127,776.6937866210938,113300
2020-03-17 00:00:00+09:00,748.1558144126267,824.5139851619566,742.7567518343913,818.3436279296875,226200
2020-03-18 00:00:00+09:00,824.5139761044998,841.4824583068374,793.6621902820676,795.97607421875,199100
2020-03-19 00:00:00+09:00,812.1732535177831,844.5676283019682,802.9177178651588,837.6259765625,147800
2020-03-23 00:00:00+09:00,814.4872740879588,869.2492025541,789.0345467727101,861.5362548828125,212500
2020-03-24 00:00:00+09:00,859.2222144665408,868.4777499904174,835.3120810298597,864.6212768554688,179000
2020-03-25 00:00:00+09:00,908.5851192621715,908.5851192621715,860.7648498273203,898.5582885742188,209600
2020-03-26 00:00:00+09:00,900.1009764671326,902.4148607254028,857.679765065511,888.5315551757812,162600
2020-03-27 00:00:00+09:00,911.6702428033433,977.2302856445312,907.0424750733771,977.2302856445312,251200
2020-03-30 00:00:00+09:00,956.6405334724659,962.9759012438067,905.1656703303216,959.0162963867188,149300
2020-03-31 00:00:00+09:00,956.6404603085276,956.6404603085276,932.8828329829847,934.4666748046875,150600
2020-04-01 00:00:00+09:00,926.5475777900314,940.0102349032198,899.6222635636544,900.4141845703125,183000
2020-04-02 00:00:00+09:00,868.7373043423436,873.4888301637237,836.2685445629123,840.2281494140625,101800
2020-04-03 00:00:00+09:00,840.2280867308982,856.858425865063,814.8866175740757,821.2219848632812,117900
2020-04-06 00:00:00+09:00,821.2219504858821,879.0321745798738,812.5108208278833,870.321044921875,103500
2020-04-07 00:00:00+09:00,890.1189988589456,897.246286216357,861.6098494292996,893.2866821289062,96800
2020-04-08 00:00:00+09:00,917.044463710835,919.4202265701895,894.0787560704082,905.1656494140625,168700
2020-04-09 00:00:00+09:00,896.4544594240394,919.4201655400263,889.327171319078,914.6686401367188,103800
2020-04-10 00:00:00+09:00,926.5474868774414,954.2647193908691,907.5413845825195,950.3051147460938,118600
2020-04-13 00:00:00+09:00,947.929423513588,947.929423513588,902.7899271557981,903.5818481445312,111300
2020-04-14 00:00:00+09:00,894.0787361497554,910.7090757947021,882.1999221176507,908.3333129882812,108100
2020-04-15 00:00:00+09:00,914.6685848236084,916.2524265289306,880.6159881591797,886.9513549804688,182700
2020-04-16 00:00:00+09:00,881.4079717752209,914.6686499554179,879.8241299571163,910.7090454101562,89400
2020-04-17 00:00:00+09:00,917.8363948882359,929.715209317333,894.8706869919815,901.2060546875,65500
2020-04-20 00:00:00+09:00,901.2059456324229,921.0039672851562,898.8301830340948,921.0039672851562,61700
2020-04-21 00:00:00+09:00,906.7495318891664,924.1717936372552,904.373768923518,922.5879516601562,89600
2020-04-22 00:00:00+09:00,909.1252035920517,925.7555426821502,901.9979154105808,910.7090454101562,74600
2020-04-23 00:00:00+09:00,913.0847526639451,948.72119140625,913.0847526639451,948.72119140625,60600
2020-04-24 00:00:00+09:00,957.432402170249,957.432402170249,935.2586161811945,936.050537109375,75000
2020-04-27 00:00:00+09:00,943.9696662406093,951.0969539890704,931.2989324655676,948.72119140625,74500
2020-04-28 00:00:00+09:00,951.0969825815932,951.0969825815932,929.7151186934142,932.0908813476562,95200
2020-04-30 00:00:00+09:00,958.2243243418326,960.6000871294569,947.1374313329188,955.056640625,59800
2020-05-01 00:00:00+09:00,939.2181381927438,941.5939007682734,923.3797210225457,929.715087890625,71400
2020-05-07 00:00:00+09:00,917.0444028383725,917.8363237389239,907.5413520317572,914.6686401367188,139500
2020-05-08 00:00:00+09:00,914.6686030117122,941.593912537598,905.9574734592197,940.0100708007812,156600
2020-05-11 00:00:00+09:00,947.1374211861385,955.8485513141046,941.5939747410691,954.2647094726562,113200
2020-05-12 00:00:00+09:00,954.2646568632285,954.2646568632285,931.2989514283458,940.802001953125,160100
2020-05-13 00:00:00+09:00,934.4666659324092,950.3050839990602,924.9636150924185,947.9293212890625,138000
2020-05-14 00:00:00+09:00,939.2182002697962,947.1374093783104,932.0909120721333,934.4666748046875,118300
2020-05-15 00:00:00+09:00,953.4727676123904,966.1435020657112,932.0909032224115,947.9293212890625,101300
2020-05-18 00:00:00+09:00,971.6869721707097,991.4849952385727,960.6000792527066,987.525390625,157900
2020-05-19 00:00:00+09:00,1011.2829762686671,1012.0748971584625,979.6061406768529,984.357666015625,90100
2020-05-20 00:00:00+09:00,989.1090502910204,993.8605749521462,980.3979217456231,992.2767333984375,52100
2020-05-21 00:00:00+09:00,1012.0749191247762,1012.0749191247762,992.2768964501914,995.444580078125,44100
2020-05-22 00:00:00+09:00,1005.7396547120509,1005.7396547120509,984.3577880370702,989.1093139648438,49300
2020-05-25 00:00:00+09:00,988.3172401685393,996.2364488237359,978.0222689167837,986.7333984375,78300
2020-05-26 00:00:00+09:00,1000.9881086063605,1035.8326313743034,993.8608198583722,1030.2891845703125,91200
2020-05-27 00:00:00+09:00,1043.7516819383131,1074.6365951367914,1035.8324734258829,1065.133544921875,151200
2020-05-28 00:00:00+09:00,1066.71735651486,1075.42848563265,1046.9193357926094,1067.50927734375,85300
2020-05-29 00:00:00+09:00,1065.1337697200472,1068.301453793564,1040.5842181502915,1044.5438232421875,116200
2020-06-01 00:00:00+09:00,1035.040822424896,1040.584269828855,1025.537769732395,1034.2489013671875,55000
2020-06-02 00:00:00+09:00,1036.6245017784734,1052.46292044583,1033.4568180450021,1040.5841064453125,52100
2020-06-03 00:00:00+09:00,1057.2144460460368,1057.2144460460368,1035.8325808451057,1040.5841064453125,66900
2020-06-04 00:00:00+09:00,1057.2143429463395,1057.2143429463395,1034.2486381182916,1042.1678466796875,55300
2020-06-05 00:00:00+09:00,1050.879089584408,1064.341745592648,1042.1679592261346,1055.630615234375,71000
2020-06-08 00:00:00+09:00,1076.2206218050287,1077.012542792376,1059.5902810707346,1069.88525390625,66800
2020-06-09 00:00:00+09:00,1072.2608422122785,1074.6366047873425,1050.8789790367014,1061.1739501953125,74500
2020-06-10 00:00:00+09:00,1051.67075556184,1058.7980423088707,1047.7111518134898,1050.0869140625,80300
2020-06-11 00:00:00+09:00,1045.335693359375,1048.503377278646,1026.32958984375,1026.32958984375,68000
2020-06-12 00:00:00+09:00,1004.1557515060797,1015.2426446615096,991.4850164713027,1003.3638305664062,113600
2020-06-15 00:00:00+09:00,994.6526569344693,1003.3637868916979,971.6869506835939,971.6869506835938,69200
2020-06-16 00:00:00+09:00,1002.571861231823,1029.4971718810189,994.6526522173536,1027.913330078125,65600
2020-06-17 00:00:00+09:00,1025.5375360055336,1029.4971403916552,1013.6587228471683,1020.7860107421875,42400
2020-06-18 00:00:00+09:00,1014.4505522210342,1027.1212851137248,1007.3232649688957,1018.41015625,53800
2020-06-19 00:00:00+09:00,1016.034577071301,1052.4629407075286,1015.2426561226874,1032.6649169921875,127100
2020-06-22 00:00:00+09:00,1026.329484375,1029.49716796875,987.5253603515625,989.901123046875,92300
2020-06-23 00:00:00+09:00,991.4850867254954,1014.4507956033224,991.4850867254954,1008.9073486328125,55700
2020-06-24 00:00:00+09:00,1008.1152742287858,1008.1152742287858,997.028381974895,1001.7799072265625,39600
2020-06-25 00:00:00+09:00,995.4445813706342,1018.4102877029718,995.4445813706342,1009.6991577148438,103900
2020-06-26 00:00:00+09:00,1021.5779734644397,1035.832549838362,1021.5779734644397,1033.456787109375,68800
2020-06-29 00:00:00+09:00,1026.3295087139422,1037.416401554988,1022.3699041278546,1029.4971923828125,74600
2020-06-30 00:00:00+09:00,1060.3821815062631,1060.3821815062631,1030.2891845703125,1030.2891845703125,64400
2020-07-01 00:00:00+09:00,1035.832620647761,1042.9599093219426,1000.1961772768516,1005.7396240234375,59500
2020-07-02 00:00:00+09:00,1005.739664649664,1018.410400582258,996.2366127002183,1008.9073486328125,94300
2020-07-03 00:00:00+09:00,1023.1618355340235,1044.5437005180936,1022.3699146086876,1035.0406494140625,96700
2020-07-06 00:00:00+09:00,1039.000163255129,1061.965868083177,1037.41632154285,1042.1678466796875,64100
2020-07-07 00:00:00+09:00,1042.1680094401042,1050.879140218099,1035.8326416015625,1045.335693359375,49900
2020-07-08 00:00:00+09:00,1042.959869245416,1062.7578925796115,1035.0406599117377,1040.5841064453125,50000
2020-07-09 00:00:00+09:00,1037.4163479009642,1037.4163479009642,1011.282958984375,1011.282958984375,75800
2020-07-10 00:00:00+09:00,1000.9882015789076,1003.3639647155663,978.8144123034255,980.3982543945312,87500
2020-07-13 00:00:00+09:00,997.0284537437177,1016.8264770507812,996.2365328114352,1016.8264770507812,76300
2020-07-14 00:00:00+09:00,1011.2831116201738,1011.2831116201738,999.4042966833669,1008.9073486328125,76400
2020-07-15 00:00:00+09:00,1014.4505933184956,1025.5374850487524,1000.9879390746124,1021.577880859375,74200
2020-07-16 00:00:00+09:00,1025.5375360055336,1030.2890612688795,1015.242564601617,1020.7860107421875,56000
2020-07-17 00:00:00+09:00,1023.1618854207293,1025.537648312573,1008.1153871057186,1015.24267578125,29200
2020-07-20 00:00:00+09:00,1009.6990366451075,1016.0344031495474,1000.9879077015026,1014.4505615234375,36500
2020-07-21 00:00:00+09:00,1009.6993110293434,1009.6993110293434,990.693206351144,997.8204956054688,103400
2020-07-22 00:00:00+09:00,1000.1962492740702,1000.1962492740702,982.7739868164062,982.7739868164062,94900
2020-07-27 00:00:00+09:00,982.7738856585378,993.8607788085939,964.5597040548743,993.8607788085938,110900
2020-07-28 00:00:00+09:00,995.44455847276,995.44455847276,979.6061406768529,984.357666015625,67600
2020-07-29 00:00:00+09:00,989.9011427356351,993.0688263923892,976.4384871944304,981.98193359375,47600
2020-07-30 00:00:00+09:00,981.9820356525358,989.1093246209816,966.1436157226562,966.1436157226562,38700
2020-07-31 00:00:00+09:00,965.3516850418288,965.3516850418288,922.5879516601562,922.5879516601562,77000
2020-08-03 00:00:00+09:00,940.010091334055,947.1373793054169,928.1312780484519,941.5939331054688,69200
2020-08-04 00:00:00+09:00,943.9696575003877,962.1838371333649,943.9696575003877,957.4323120117188,73800
2020-08-05 00:00:00+09:00,950.3051351588498,959.0162655644726,940.8020838072613,951.8889770507812,93100
2020-08-06 00:00:00+09:00,949.5132747962826,972.478983694608,946.3455908103067,966.1436157226562,106700
2020-08-07 00:00:00+09:00,966.1435852795719,990.6931353973315,959.8082175072468,973.2708740234375,127100
2020-08-11 00:00:00+09:00,978.0223388671875,989.1092317774229,966.1435250347926,978.0223388671875,112800
2020-08-12 00:00:00+09:00,980.3979948031828,1007.3233032226562,980.3979948031828,1007.3233032226562,88600
2020-08-13 00:00:00+09:00,1011.2828782712174,1018.4101655887124,997.0283036362277,1014.4505615234375,91600
2020-08-14 00:00:00+09:00,1008.9074404496644,1012.0751247210919,1002.5720719068094,1006.5316772460938,50800
2020-08-17 00:00:00+09:00,1006.5315451778226,1019.9942015649375,1006.5315451778226,1015.24267578125,56100
2020-08-18 00:00:00+09:00,1006.5315451778226,1021.5780434928334,1000.9880984301872,1015.24267578125,114000
2020-08-19 00:00:00+09:00,1014.450682728003,1014.450682728003,1003.3637900205932,1004.9476318359375,44400
2020-08-20 00:00:00+09:00,998.6124267578124,1009.6993212658294,995.4447426126648,998.6124267578125,50100
2020-08-21 00:00:00+09:00,998.6121055977659,1023.16164982737,998.6121055977659,1016.0343627929688,63000
2020-08-24 00:00:00+09:00,1015.24267578125,1023.9538063846773,1012.8669128894062,1015.24267578125,62900
2020-08-25 00:00:00+09:00,1033.4569503090063,1039.0003975520433,1025.537739961811,1027.12158203125,105600
2020-08-26 00:00:00+09:00,1023.1617225351259,1023.1617225351259,1008.9071474533673,1021.577880859375,131600
2020-08-27 00:00:00+09:00,1023.1618445090415,1023.1618445090415,1012.8668723893685,1016.8264770507812,67500
2020-08-28 00:00:00+09:00,1023.9538978923719,1053.2549761769951,1017.6185296146155,1027.12158203125,189000
2020-08-31 00:00:00+09:00,1047.7116001274749,1067.509627340768,1037.4166259765625,1037.4166259765625,152400
2020-09-01 00:00:00+09:00,1038.2082533371422,1055.630512355767,1027.9132820988639,1047.7113037109375,198100
2020-09-02 00:00:00+09:00,1058.0062602720964,1085.7234901444942,1049.2951308836286,1084.1396484375,193900
2020-09-03 00:00:00+09:00,1099.9780313282408,1103.937635472691,1066.71735651486,1067.50927734375,204100
2020-09-04 00:00:00+09:00,1050.08736339307,1059.5904164554508,1035.8327837994989,1037.4166259765625,129900
2020-09-07 00:00:00+09:00,1043.7517198555424,1061.9659000958138,1042.167878095519,1049.295166015625,136200
2020-09-08 00:00:00+09:00,1049.295358163339,1072.261067889178,1049.295358163339,1069.0933837890625,99700
2020-09-09 00:00:00+09:00,1055.6307680517211,1058.7984522769327,1048.5034785449955,1053.2550048828125,180900
2020-09-10 00:00:00+09:00,1053.2549031575522,1054.8387451171875,1039.0003255208335,1045.335693359375,178800
2020-09-11 00:00:00+09:00,1037.4164238033095,1063.5498146319426,1030.2891353955006,1059.5902099609375,166400
2020-09-14 00:00:00+09:00,1073.8446475548924,1092.8507475116162,1073.8446475548924,1086.515380859375,259800
2020-09-15 00:00:00+09:00,1092.0590004729668,1092.8509214305252,1068.3013717462163,1085.7236328125,153000
2020-09-16 00:00:00+09:00,1078.5961520229812,1092.0588059028569,1075.428468757128,1084.9315185546875,191900
2020-09-17 00:00:00+09:00,1095.2266351526434,1115.024658203125,1089.6831886985085,1115.024658203125,223800
2020-09-18 00:00:00+09:00,1117.4005528151279,1134.0308941398039,1113.4409477378242,1130.0712890625,305400
2020-09-23 00:00:00+09:00,1122.9439702565348,1126.9035752292307,1091.2671304749683,1094.434814453125,291300
2020-09-24 00:00:00+09:00,1092.8509728230854,1092.8509728230854,1065.1337380051086,1075.4287109375,250600
2020-09-25 00:00:00+09:00,1088.8913678490887,1100.770182771079,1068.301421984306,1075.4287109375,395700
2020-09-28 00:00:00+09:00,1075.4286107410585,1097.602396529534,1072.2609270569906,1096.0185546875,462700
2020-09-29 00:00:00+09:00,1100.0362939883646,1104.857490309716,1082.358574143409,1093.6080322265625,140200
2020-09-30 00:00:00+09:00,1100.8398118421512,1106.4645408077681,1075.9302978515625,1075.9302978515625,141600
2020-10-02 00:00:00+09:00,1075.930247294343,1084.7691066821233,1040.574809743222,1043.7889404296875,127900
2020-10-05 00:00:00+09:00,1062.2700479153805,1075.9301014816144,1051.824124600025,1057.4488525390625,128700
2020-10-06 00:00:00+09:00,1058.2526196029733,1066.2879470107407,1050.2172921952058,1059.05615234375,64700
2020-10-07 00:00:00+09:00,1053.4312921697444,1066.2878144235322,1048.610096324574,1060.6630859375,74800
2020-10-08 00:00:00+09:00,1066.2878225370962,1078.3408122417356,1060.6630940082646,1069.501953125,111100
2020-10-09 00:00:00+09:00,1068.6983084171377,1068.6983084171377,1047.002929223707,1057.4488525390625,90800
2020-10-12 00:00:00+09:00,1055.8420044598095,1055.8420044598095,1045.3960789971175,1051.8243408203125,53400
2020-10-13 00:00:00+09:00,1057.4490036826098,1059.8596017153209,1043.7889481639133,1052.6278076171875,91400
2020-10-14 00:00:00+09:00,1037.3608034884392,1040.5749345604406,1030.9325413444365,1033.3431396484375,74500
2020-10-15 00:00:00+09:00,1036.5570918576727,1051.8242118152664,1028.5217655642023,1032.5394287109375,87700
2020-10-16 00:00:00+09:00,1032.5393349868978,1041.3781931074082,1024.5040094227975,1027.7181396484375,57400
2020-10-19 00:00:00+09:00,1030.1287551868154,1048.6100043048316,1030.1287551868154,1045.3958740234375,92700
2020-10-20 00:00:00+09:00,1051.8241923282644,1053.4312575571846,1033.3429421956823,1035.7535400390625,130700
2020-10-21 00:00:00+09:00,1035.7534831792552,1050.2170694455288,1035.7534831792552,1045.3958740234375,135800
2020-10-22 00:00:00+09:00,1026.1112224630285,1036.5571472022762,1013.2546997070312,1013.2546997070312,150800
2020-10-23 00:00:00+09:00,1014.0583710437685,1024.5042972114143,1007.6301087867556,1020.4866333007812,101300
2020-10-26 00:00:00+09:00,1020.4867302389706,1024.50439453125,1011.6478687959559,1024.50439453125,66500
2020-10-27 00:00:00+09:00,1021.2900952033277,1024.504226108767,1010.8441697606501,1022.0936279296875,57400
2020-10-28 00:00:00+09:00,1010.8441870622573,1015.6653835029359,999.5947287006742,1009.2371215820312,56600
2020-10-29 00:00:00+09:00,994.7733296629872,1001.2015902747028,991.5591993571294,992.3627319335938,61100
2020-10-30 00:00:00+09:00,992.3628579416583,995.5769886556394,962.6321488373333,971.4710083007812,102700
2020-11-02 00:00:00+09:00,973.0779460367372,990.7556626451668,973.0779460367372,982.7203369140625,93100
2020-11-04 00:00:00+09:00,1000.3982079547385,1005.2194041376529,986.7381521031476,997.9876098632812,66900
2020-11-05 00:00:00+09:00,1003.6123654460619,1079.1444409880394,983.52404748277,1063.8773193359375,334400
2020-11-06 00:00:00+09:00,1055.841784381663,1132.9809101812366,1048.609991337953,1130.5703125,279700
2020-11-09 00:00:00+09:00,1128.9633543498314,1132.981017532571,1086.3761246127915,1102.44677734375,166000
2020-11-10 00:00:00+09:00,1126.5527173913042,1127.35625,1086.3760869565217,1108.875,132200
2020-11-11 00:00:00+09:00,1125.7492336301036,1129.766896847913,1093.6079278876311,1100.8397216796875,108200
2020-11-12 00:00:00+09:00,1111.2856832386365,1114.4998139204545,1088.786768465909,1104.857421875,119200
2020-11-13 00:00:00+09:00,1101.6432268082526,1104.8573573022227,1079.9478459739544,1095.2149658203125,113000
2020-11-16 00:00:00+09:00,1110.4820641642925,1122.5350532832972,1106.4644011246244,1119.3209228515625,104800
2020-11-17 00:00:00+09:00,1123.3385869565216,1123.3385869565216,1098.4290760869565,1108.875,82000
2020-11-18 00:00:00+09:00,1104.053957589491,1104.053957589491,1087.9833031849857,1093.6080322265625,65200
2020-11-19 00:00:00+09:00,1094.4115357248993,1101.6433300138303,1086.376208737198,1098.42919921875,61500
2020-11-20 00:00:00+09:00,1104.8573929705885,1112.89271946492,1092.8044032290911,1109.6785888671875,65000
2020-11-24 00:00:00+09:00,1136.9988650058178,1143.4271271401262,1130.5706028715092,1132.981201171875,124600
2020-11-25 00:00:00+09:00,1144.230593329199,1146.6411914893029,1124.1422753283355,1133.78466796875,200100
2020-11-26 00:00:00+09:00,1126.5527602999186,1142.6234130859375,1118.5174339069092,1142.6234130859375,86100
2020-11-27 00:00:00+09:00,1148.2480089069236,1173.1575178475216,1140.2126834422145,1165.1221923828125,125100
2020-11-30 00:00:00+09:00,1157.8904991205268,1157.8904991205268,1104.8573464890521,1107.2679443359375,142400
2020-12-01 00:00:00+09:00,1114.4996612917555,1131.3738450604121,1105.660803127221,1130.5703125,110700
2020-12-02 00:00:00+09:00,1136.195217489609,1154.676469259242,1133.7846194327003,1141.8199462890625,118000
2020-12-03 00:00:00+09:00,1152.2658938233428,1173.9612767614394,1142.6235014064112,1168.3365478515625,111300
2020-12-04 00:00:00+09:00,1162.7119012042044,1177.9790236111705,1159.497770171159,1174.764892578125,74400
2020-12-07 00:00:00+09:00,1177.175382350778,1184.4071765085644,1152.265869140625,1152.265869140625,67700
2020-12-08 00:00:00+09:00,1145.8376927839618,1153.0694874789517,1142.6235618084106,1148.248291015625,68400
2020-12-09 00:00:00+09:00,1149.0516699151908,1173.961181640625,1141.0163435521476,1173.961181640625,87000
2020-12-10 00:00:00+09:00,1169.139959585493,1172.3540900585801,1155.479905074872,1157.8905029296875,92800
2020-12-11 00:00:00+09:00,1165.1223433645148,1165.1223433645148,1145.0340270996094,1160.3011474609375,88500
2020-12-14 00:00:00+09:00,1165.1224561087158,1169.1401197504701,1155.4800633685059,1161.9083251953125,79300
2020-12-15 00:00:00+09:00,1159.4975111266292,1171.550499807779,1153.0692504966826,1167.5328369140625,90400
2020-12-16 00:00:00+09:00,1171.5505477683212,1171.5505477683212,1149.8551672540932,1159.49755859375,81500
2020-12-17 00:00:00+09:00,1169.1399692644088,1169.1399692644088,1141.819860016993,1156.283447265625,64900
2020-12-18 00:00:00+09:00,1155.479914640701,1161.104643015169,1148.248121016385,1156.283447265625,82600
2020-12-21 00:00:00+09:00,1162.7117726426548,1168.3365013285556,1150.6587826014386,1165.9259033203125,52900
2020-12-22 00:00:00+09:00,1155.4799353147525,1155.4799353147525,1128.9633582178215,1142.6234130859375,84600
2020-12-23 00:00:00+09:00,1154.6764594565288,1154.6764594565288,1140.2128712378667,1143.427001953125,59800
2020-12-24 00:00:00+09:00,1156.2835960968566,1173.1577833922242,1152.2659324551025,1161.9083251953125,96700
2020-12-25 00:00:00+09:00,1176.3718823325512,1189.228405636732,1173.9612842130173,1177.1754150390625,122800
2020-12-28 00:00:00+09:00,1176.3719611315994,1182.8002232142858,1150.658912800854,1164.3189697265625,96600
2020-12-29 00:00:00+09:00,1173.1577782008958,1185.2107690728228,1159.4977218793786,1182.8001708984375,80700
2020-12-30 00:00:00+09:00,1174.7646211790807,1174.7646211790807,1155.479839436059,1158.6939697265625,100100
2021-01-04 00:00:00+09:00,1161.1048480094746,1161.1048480094746,1128.9635373379322,1132.981201171875,90600
2021-01-05 00:00:00+09:00,1124.1421846411695,1133.7845765037098,1118.5174560546875,1118.5174560546875,82500
2021-01-06 00:00:00+09:00,1119.3209301740583,1138.605712890625,1118.5173975608682,1138.605712890625,86400
2021-01-07 00:00:00+09:00,1153.8728314166303,1173.9611467268085,1141.8198422305234,1149.0516357421875,144500
2021-01-08 00:00:00+09:00,1136.9987481408539,1154.6764671932203,1127.3563559304719,1152.265869140625,136800
2021-01-12 00:00:00+09:00,1157.0869962782342,1178.782377458451,1150.6587351877995,1173.961181640625,168400
2021-01-13 00:00:00+09:00,1181.1930688027223,1184.4071996021855,1172.3542091041986,1178.782470703125,76000
2021-01-14 00:00:00+09:00,1173.157470703125,1180.389263330747,1163.5150805329624,1173.157470703125,104400
2021-01-15 00:00:00+09:00,1180.3894524054629,1190.8353767630333,1172.3541259765625,1172.3541259765625,79900
2021-01-18 00:00:00+09:00,1172.3540523603435,1172.3540523603435,1153.872802734375,1153.872802734375,60100
2021-01-19 00:00:00+09:00,1160.301110390245,1162.711708265017,1151.462251516081,1156.283447265625,87200
2021-01-20 00:00:00+09:00,1165.925890197135,1188.4248046875,1159.4976289141734,1188.4248046875,132100
2021-01-21 00:00:00+09:00,1195.6567580230794,1206.9062167679203,1187.6214303481931,1192.442626953125,86900
2021-01-22 00:00:00+09:00,1185.210656406117,1191.6389175934046,1177.9788625704189,1181.1929931640625,82200
2021-01-25 00:00:00+09:00,1183.6037205316825,1202.8885062022598,1183.6037205316825,1190.031982421875,90700
2021-01-26 00:00:00+09:00,1201.2814873954999,1224.58393765267,1192.442626953125,1192.442626953125,157900
2021-01-27 00:00:00+09:00,1214.1378159410372,1230.2084687000183,1214.1378159410372,1224.583740234375,110700
2021-01-28 00:00:00+09:00,1205.2989791196035,1215.7449036053067,1197.2636525921394,1200.477783203125,421300
2021-01-29 00:00:00+09:00,1205.2989726163903,1205.2989726163903,1179.5859278672406,1181.1929931640625,176400
2021-02-01 00:00:00+09:00,1178.782198468925,1190.0316536690375,1178.782198468925,1183.6033935546875,54800
2021-02-02 00:00:00+09:00,1192.4425368708746,1217.35205078125,1188.4248733369432,1217.35205078125,74800
2021-02-03 00:00:00+09:00,1214.9414624039573,1224.583854962719,1207.7096679848862,1215.7449951171875,104000
2021-02-04 00:00:00+09:00,1215.7449389260914,1225.3873310391866,1210.9237428695437,1214.94140625,108100
2021-02-05 00:00:00+09:00,1224.5838792655334,1236.6368702031862,1218.1556174321186,1231.815673828125,123100
2021-02-08 00:00:00+09:00,1263.1533593269821,1314.5794502919482,1254.3144999423785,1307.34765625,246800
2021-02-09 00:00:00+09:00,1307.3477270507813,1308.151259765625,1266.36755859375,1285.65234375,139500
2021-02-10 00:00:00+09:00,1271.9921517759087,1280.027478066344,1256.7250318240815,1257.528564453125,114400
2021-02-12 00:00:00+09:00,1261.5464491365797,1263.153514676881,1228.6016055604014,1241.4581298828125,139300
2021-02-15 00:00:00+09:00,1267.1711785276345,1267.1711785276345,1235.8334004917576,1241.4581298828125,54700
2021-02-16 00:00:00+09:00,1245.4753781824372,1250.2965731947563,1201.281090569512,1207.7093505859375,215200
2021-02-17 00:00:00+09:00,1205.2987905649038,1232.618896484375,1203.6917255108174,1232.618896484375,103800
2021-02-18 00:00:00+09:00,1233.422704916976,1233.422704916976,1211.727321833746,1217.35205078125,82600
2021-02-19 00:00:00+09:00,1229.4048516668556,1230.2083842496445,1212.530667428291,1218.1553955078125,112100
2021-02-22 00:00:00+09:00,1225.3872346006547,1236.636691180595,1219.7625063106846,1231.011962890625,67200
2021-02-24 00:00:00+09:00,1242.2613729914765,1255.921426898886,1218.1553955078125,1218.1553955078125,112300
2021-02-25 00:00:00+09:00,1218.9589192437968,1227.797777590324,1204.4953328585705,1209.3165283203125,208600
2021-02-26 00:00:00+09:00,1209.3167921418274,1239.0475039752146,1204.4955956283052,1206.1026611328125,229200
2021-03-01 00:00:00+09:00,1218.1554669252375,1250.2967721211542,1216.5484016654418,1247.0826416015625,212900
2021-03-02 00:00:00+09:00,1253.5109688557786,1257.528632217496,1230.2085213578187,1246.2791748046875,153000
2021-03-03 00:00:00+09:00,1264.7602722592092,1298.508640388108,1254.3143487907405,1271.9920654296875,187100
2021-03-04 00:00:00+09:00,1282.4381644870923,1296.0982201238596,1271.1887069038723,1293.6876220703125,173600
2021-03-05 00:00:00+09:00,1293.687639336589,1304.9370970699506,1282.4381816032273,1300.91943359375,145400
2021-03-08 00:00:00+09:00,1318.596971353967,1322.6146342770444,1300.919254492427,1310.5616455078125,106000
2021-03-09 00:00:00+09:00,1321.811350668022,1328.239612555769,1280.027648397665,1300.115966796875,186700
2021-03-10 00:00:00+09:00,1297.705123418729,1321.8111009435352,1290.4733301612873,1321.007568359375,128500
2021-03-11 00:00:00+09:00,1322.6148948230964,1343.5067461386495,1316.990165622755,1328.2396240234375,108300
2021-03-12 00:00:00+09:00,1335.4713307899463,1343.506657690006,1323.4183404398564,1342.703125,131300
2021-03-15 00:00:00+09:00,1349.9347919236072,1384.4866943359375,1349.9347919236072,1384.4866943359375,129200
2021-03-16 00:00:00+09:00,1393.3257059767614,1425.4670140731112,1390.1115751671266,1419.84228515625,161300
2021-03-17 00:00:00+09:00,1416.6280886274658,1420.645751953125,1393.3256413386418,1420.645751953125,108500
2021-03-18 00:00:00+09:00,1402.9680369187715,1405.3786349203501,1383.6832529061423,1399.75390625,195200
2021-03-19 00:00:00+09:00,1394.1291472019625,1417.4315940428023,1385.2902880554373,1415.02099609375,171300
2021-03-22 00:00:00+09:00,1406.1820715429023,1423.0562564014172,1398.9502780321102,1415.824462890625,169100
2021-03-23 00:00:00+09:00,1425.4670361328124,1441.5376904296875,1405.3787182617186,1406.1822509765625,165700
2021-03-24 00:00:00+09:00,1397.3433835722412,1397.3433835722412,1357.166748046875,1357.166748046875,90900
2021-03-25 00:00:00+09:00,1389.3079067284878,1404.5750265826468,1383.6831783611658,1402.1644287109375,106900
2021-03-26 00:00:00+09:00,1426.2704709155412,1437.5199281509313,1415.0210136801509,1422.2528076171875,158900
2021-03-29 00:00:00+09:00,1357.9700832502217,1377.2548654975622,1332.2570402537676,1359.5771484375,656100
2021-03-30 00:00:00+09:00,1349.6834217119474,1377.7159423828125,1339.7895908869361,1377.7159423828125,280700
2021-03-31 00:00:00+09:00,1389.2586768579426,1392.5566203044896,1356.279242392472,1366.99755859375,135800
2021-04-01 00:00:00+09:00,1366.9976437246532,1382.662876071317,1355.454840942901,1359.5772705078125,117000
2021-04-02 00:00:00+09:00,1372.768899457691,1372.768899457691,1339.7894664376865,1347.2098388671875,68500
2021-04-05 00:00:00+09:00,1348.858817090729,1366.9975053401151,1337.316015477483,1364.5240478515625,56800
2021-04-06 00:00:00+09:00,1372.7689609690212,1382.6627913183474,1341.4384981961546,1353.8057861328125,104200
2021-04-07 00:00:00+09:00,1353.8059032444744,1380.189453125,1352.981417310708,1380.189453125,73200
2021-04-08 00:00:00+09:00,1380.1892622673022,1382.6627197265625,1371.9444040697674,1382.6627197265625,122900
2021-04-09 00:00:00+09:00,1375.2423636352908,1381.8382502714312,1359.5771328744572,1364.5240478515625,109400
2021-04-12 00:00:00+09:00,1367.8220659200117,1382.6628116623626,1366.9975800454367,1379.3648681640625,73500
2021-04-13 00:00:00+09:00,1383.4872945209402,1409.870842449826,1383.4872945209402,1405.7484130859375,135000
2021-04-14 00:00:00+09:00,1395.8544921875,1396.6789780068664,1382.6627190776358,1395.8544921875,83700
2021-04-15 00:00:00+09:00,1411.519768096441,1419.7646265549483,1397.5035087169788,1407.3973388671875,89900
2021-04-16 00:00:00+09:00,1410.6951982565486,1412.3441698500687,1395.0299681181066,1401.6258544921875,33200
2021-04-19 00:00:00+09:00,1418.1157686990687,1423.8871700833092,1412.3443673148283,1416.466796875,109000
2021-04-20 00:00:00+09:00,1409.0464884680305,1414.8178901176948,1390.0833116191338,1396.67919921875,120600
2021-04-21 00:00:00+09:00,1363.6996610337408,1374.4179775956748,1359.5772315868433,1365.3486328125,119500
2021-04-22 00:00:00+09:00,1385.1362075215645,1390.9076083862376,1370.2954624409763,1385.960693359375,125200
2021-04-23 00:00:00+09:00,1383.4874227059915,1385.13639460433,1359.5773301800834,1366.1732177734375,97500
2021-04-26 00:00:00+09:00,1365.3485566477102,1367.822014177869,1357.103698213847,1363.6995849609375,71100
2021-04-27 00:00:00+09:00,1368.6466756209452,1377.716021061807,1361.2263020784221,1366.1732177734375,81700
2021-04-28 00:00:00+09:00,1361.2261127555457,1368.6464852660242,1353.8057402450672,1355.4547119140625,85000
2021-04-30 00:00:00+09:00,1353.8057933221387,1368.6465389249393,1352.1568215884943,1357.92822265625,109200
2021-05-06 00:00:00+09:00,1364.524009954886,1379.3647544740327,1356.2791518886931,1357.1036376953125,126800
2021-05-07 00:00:00+09:00,1347.2100570558564,1362.0508043184054,1341.4386553426427,1361.226318359375,127800
2021-05-10 00:00:00+09:00,1357.9281758076436,1381.013779282212,1348.8588315854918,1372.7689208984375,70600
2021-05-11 00:00:00+09:00,1372.768981167462,1386.785241035238,1359.5772071742613,1379.3648681640625,117700
2021-05-12 00:00:00+09:00,1394.2056977044967,1394.2056977044967,1370.2956059047153,1385.1363525390625,195700
2021-05-13 00:00:00+09:00,1379.3649740213436,1417.2913271623968,1372.7690865185518,1384.3118896484375,171200
2021-05-14 00:00:00+09:00,1413.1688002516855,1418.9402014195746,1402.4504837970344,1413.9932861328125,163100
2021-05-17 00:00:00+09:00,1405.7486545444951,1411.5200566452643,1385.1365041846052,1388.4344482421875,98600
2021-05-18 00:00:00+09:00,1400.8017602255177,1418.115966796875,1391.7324139262355,1418.115966796875,92200
2021-05-19 00:00:00+09:00,1401.6260456181865,1409.0464188008712,1391.7322147079406,1399.152587890625,76000
2021-05-20 00:00:00+09:00,1420.5892701182024,1432.9565591790108,1416.4668404312663,1428.0096435546875,122000
2021-05-21 00:00:00+09:00,1427.1851393280836,1433.781026742656,1399.1526178161512,1402.4505615234375,83000
2021-05-24 00:00:00+09:00,1399.9770145351163,1454.3930822378948,1399.9770145351163,1449.4461669921875,154400
2021-05-25 00:00:00+09:00,1447.7972360748379,1451.0951796649856,1422.238173251193,1430.4830322265625,110700
2021-05-26 00:00:00+09:00,1426.3606531889163,1450.2707450631815,1419.764765775326,1446.1483154296875,136300
2021-05-27 00:00:00+09:00,1437.0787359997234,1455.2174234305862,1397.50341796875,1397.50341796875,250600
2021-05-28 00:00:00+09:00,1437.0787805808018,1456.8664402101415,1433.780837309245,1448.62158203125,131600
2021-05-31 00:00:00+09:00,1436.2543976722404,1443.6747705649213,1401.6259908397296,1409.870849609375,130500
2021-06-01 00:00:00+09:00,1401.62598223689,1418.940185546875,1389.258694158329,1418.940185546875,173100
2021-06-02 00:00:00+09:00,1392.556689693867,1431.307527121701,1390.9077178884272,1421.4136962890625,189900
2021-06-03 00:00:00+09:00,1421.4137102278871,1434.6054848007677,1416.466794763057,1429.6585693359375,120700
2021-06-04 00:00:00+09:00,1424.7115851683936,1438.7278449761845,1423.8870992973473,1432.1319580078125,100000
2021-06-07 00:00:00+09:00,1424.711630943804,1436.254433509321,1418.9402296610456,1430.4830322265625,71700
2021-06-08 00:00:00+09:00,1434.6054369782748,1451.0951546446918,1428.009549911708,1444.499267578125,63500
2021-06-09 00:00:00+09:00,1445.3237334478047,1447.797191063517,1415.6422420592587,1418.940185546875,99400
2021-06-10 00:00:00+09:00,1401.6259908397296,1416.4667366250915,1394.2056179470487,1409.870849609375,133000
2021-06-11 00:00:00+09:00,1394.2056495118338,1408.221909737559,1383.4873328686322,1399.97705078125,196300
2021-06-14 00:00:00+09:00,1406.5729469611367,1408.2219187629669,1381.013884032769,1390.90771484375,92000
2021-06-15 00:00:00+09:00,1395.8545811335614,1425.5360725221074,1388.434208286425,1418.940185546875,126900
2021-06-16 00:00:00+09:00,1414.8178457358085,1428.8341064453125,1410.6954161153662,1428.8341064453125,67000
2021-06-17 00:00:00+09:00,1413.1688693037659,1420.5892425964926,1409.0464396966952,1411.5198974609375,66600
2021-06-18 00:00:00+09:00,1413.9934676454302,1413.9934676454302,1389.2588880364722,1390.0833740234375,118900
2021-06-21 00:00:00+09:00,1377.715874795028,1381.0138182415749,1366.1730727321133,1366.99755859375,140300
2021-06-22 00:00:00+09:00,1397.503584252944,1413.9933020612382,1387.6097535679673,1409.04638671875,138100
2021-06-23 00:00:00+09:00,1406.5731405588908,1407.3976265732863,1384.3120181702095,1388.4344482421875,165900
2021-06-24 00:00:00+09:00,1385.9606851347794,1400.8014301272995,1383.487227636026,1395.030029296875,59200
2021-06-25 00:00:00+09:00,1405.7483973188193,1414.8177418176504,1395.0300810929282,1410.6953125,80100
2021-06-28 00:00:00+09:00,1413.993339138897,1428.009599643481,1413.993339138897,1416.466796875,82700
2021-06-29 00:00:00+09:00,1403.2750014049197,1413.993318101902,1395.0301424072409,1404.0994873046875,97700
2021-06-30 00:00:00+09:00,1413.9932559541203,1423.8870863164816,1409.0463407729399,1410.6953125,100200
2021-07-01 00:00:00+09:00,1408.221909737559,1410.6953674244514,1392.556677720572,1399.97705078125,116000
2021-07-02 00:00:00+09:00,1401.625983722049,1410.6953283226035,1391.732153248717,1405.7484130859375,102900
2021-07-05 00:00:00+09:00,1402.4504942690592,1402.4504942690592,1391.732177734375,1391.732177734375,61900
2021-07-06 00:00:00+09:00,1397.5037610755776,1407.3975930123959,1397.5037610755776,1398.3282470703125,33000
2021-07-07 00:00:00+09:00,1385.1362075215645,1392.5565800618585,1381.0137783325122,1385.960693359375,62300
2021-07-08 00:00:00+09:00,1390.083116057982,1395.8545168957078,1368.646484375,1368.646484375,109500
2021-07-09 00:00:00+09:00,1357.9281996939947,1362.0506289583966,1341.4384826363869,1358.752685546875,187900
2021-07-12 00:00:00+09:00,1376.06681779305,1395.0299914354946,1374.4178461719678,1387.609619140625,155700
2021-07-13 00:00:00+09:00,1395.8545656276012,1423.8870849609375,1390.9076504511302,1423.8870849609375,151800
2021-07-14 00:00:00+09:00,1415.6421807081178,1430.4829257592223,1413.9932090357731,1425.5360107421875,75300
2021-07-15 00:00:00+09:00,1420.5891355847696,1429.658480037139,1404.0994183986436,1406.5728759765625,59000
2021-07-16 00:00:00+09:00,1399.977219059782,1409.8710509966004,1395.030303091373,1398.3282470703125,54900
2021-07-19 00:00:00+09:00,1393.3811512632233,1393.3811512632233,1371.944518166866,1378.5404052734375,110400
2021-07-20 00:00:00+09:00,1369.4711315895815,1370.295617520701,1354.6303848294294,1362.875244140625,109700
2021-07-21 00:00:00+09:00,1382.6627593588223,1382.6627593588223,1362.8750991175511,1363.6995849609375,111500
2021-07-26 00:00:00+09:00,1392.5565936418743,1408.2218247130381,1385.9607068750686,1407.3973388671875,109300
2021-07-27 00:00:00+09:00,1413.9932718137143,1418.1157011776027,1404.099441340382,1405.7484130859375,74300
2021-07-28 00:00:00+09:00,1401.6258544921875,1408.2217408662682,1396.6789397116268,1401.6258544921875,48700
2021-07-29 00:00:00+09:00,1406.572898958715,1411.5198141953813,1395.0300967398277,1405.7484130859375,41900
2021-07-30 00:00:00+09:00,1404.0993118824676,1408.2217408662682,1394.2054823213464,1401.6258544921875,157700
2021-08-02 00:00:00+09:00,1409.870848053438,1426.360565574531,1395.8545881605091,1423.0626220703125,145600
2021-08-03 00:00:00+09:00,1419.7647103985105,1419.7647103985105,1399.9770489295418,1413.1688232421875,105100
2021-08-04 00:00:00+09:00,1406.5729911575452,1409.0464489380097,1397.5036459625082,1402.4505615234375,90900
2021-08-05 00:00:00+09:00,1396.6790009627105,1404.9238592918882,1393.3810576310393,1395.030029296875,109500
2021-08-06 00:00:00+09:00,1397.5036646540211,1402.450580281115,1382.6629177727395,1384.3118896484375,113300
2021-08-10 00:00:00+09:00,1387.6097238848286,1408.2218707042705,1383.4872945209402,1405.7484130859375,145200
2021-08-11 00:00:00+09:00,1413.1689949755398,1415.6424529597443,1393.3813311019035,1398.3282470703125,149600
2021-08-12 00:00:00+09:00,1406.5727616841814,1406.5727616841814,1392.5565032148781,1397.50341796875,108900
2021-08-13 00:00:00+09:00,1390.0832339427511,1408.221923828125,1387.6097762311092,1408.221923828125,180000
2021-08-16 00:00:00+09:00,1401.6260083817758,1401.6260083817758,1385.1362906361078,1391.732177734375,196600
2021-08-17 00:00:00+09:00,1392.5566421572632,1400.801500903014,1376.8914105403373,1379.3648681640625,206600
2021-08-18 00:00:00+09:00,1381.0138978885075,1404.9239892549353,1381.0138978885075,1399.152587890625,92100
2021-08-19 00:00:00+09:00,1396.6791129557291,1396.6791129557291,1360.4017333984375,1360.4017333984375,160700
2021-08-20 00:00:00+09:00,1360.4018685557705,1362.0508405176563,1334.018317165598,1338.1407470703125,224800
2021-08-23 00:00:00+09:00,1343.9120103099583,1349.683411581228,1334.01817955921,1343.0875244140625,198000
2021-08-24 00:00:00+09:00,1342.2629239141868,1348.8588105181877,1332.3690940081854,1347.2098388671875,140000
2021-08-25 00:00:00+09:00,1355.4547736953698,1368.6465476486094,1348.0344008466725,1348.85888671875,120000
2021-08-26 00:00:00+09:00,1354.6302417200855,1357.9281850961538,1344.7364115918804,1350.5078125,100100
2021-08-27 00:00:00+09:00,1343.9121555637669,1343.9121555637669,1334.0183237436656,1342.26318359375,138500
2021-08-30 00:00:00+09:00,1352.156865569499,1371.1200411232173,1351.3323796758589,1369.4710693359375,170800
2021-08-31 00:00:00+09:00,1365.348502256016,1395.0299914354946,1361.2260732033108,1387.609619140625,221600
2021-09-01 00:00:00+09:00,1389.2589406927639,1401.6262309659933,1382.6630525470416,1392.556884765625,182400
2021-09-02 00:00:00+09:00,1392.5565717981217,1397.5034867956283,1385.1361993018616,1395.030029296875,135700
2021-09-03 00:00:00+09:00,1401.6259908397296,1413.9932789941977,1397.5035614549067,1409.870849609375,174600
2021-09-06 00:00:00+09:00,1428.8342022181919,1442.8504638671875,1425.5362583007811,1442.8504638671875,155600
2021-09-07 00:00:00+09:00,1454.3930650346733,1477.478669241573,1453.5685791701412,1467.5848388671875,219700
2021-09-08 00:00:00+09:00,1470.058326618554,1473.3562701443386,1460.9889819226457,1470.8828125,115000
2021-09-09 00:00:00+09:00,1466.760420025359,1488.197053482728,1465.1114482209462,1478.30322265625,128700
2021-09-10 00:00:00+09:00,1484.0745973952628,1508.8091740185173,1483.2501115078212,1505.51123046875,188000
2021-09-13 00:00:00+09:00,1506.3356089872473,1513.7559814453125,1498.0907507005081,1513.7559814453125,138000
2021-09-14 00:00:00+09:00,1513.7560392269957,1546.7354736328125,1511.2825816465595,1546.7354736328125,153700
2021-09-15 00:00:00+09:00,1517.878418838292,1526.1232771698415,1495.6173013431078,1504.6866455078125,184400
2021-09-16 00:00:00+09:00,1498.0908274812834,1506.3356861905916,1488.1969970301138,1502.2132568359375,189200
2021-09-17 00:00:00+09:00,1496.4420127230742,1497.2664986804975,1473.3564059152252,1479.1278076171875,272800
2021-09-21 00:00:00+09:00,1449.4461137820513,1460.1644297542734,1444.4991987179487,1446.97265625,257400
2021-09-22 00:00:00+09:00,1446.972741195836,1452.7441424427711,1432.1319951322891,1439.5523681640625,223800
2021-09-24 00:00:00+09:00,1479.1277155552611,1483.2501450857942,1465.9359410575553,1482.4256591796875,264800
2021-09-27 00:00:00+09:00,1493.1440223744823,1507.160283214,1479.9522474667012,1480.7767333984375,239400
2021-09-28 00:00:00+09:00,1487.372337337077,1488.196823111654,1468.4091645218039,1486.5478515625,273000
2021-09-29 00:00:00+09:00,1465.587124489805,1470.6177439102507,1444.6262102379485,1457.2027587890625,223200
2021-09-30 00:00:00+09:00,1463.071917386308,1464.7487906440576,1449.6569313243133,1452.1722412109375,131700
2021-10-01 00:00:00+09:00,1442.110866970486,1442.110866970486,1410.2502780490452,1418.6346435546875,181800
2021-10-04 00:00:00+09:00,1424.5037791822274,1427.8575255722974,1389.2894420864925,1392.6431884765625,168300
2021-10-05 00:00:00+09:00,1383.4204146413808,1385.9357244861833,1362.4594992680265,1369.1669921875,270300
2021-10-06 00:00:00+09:00,1365.8131710531934,1396.8353241096502,1359.9441150695393,1380.905029296875,235900
2021-10-07 00:00:00+09:00,1395.997024249626,1397.6738975520282,1380.9051645280085,1384.2589111328125,108500
2021-10-08 00:00:00+09:00,1400.189177721579,1418.6347836556358,1396.8354311881142,1407.735107421875,150300
2021-10-11 00:00:00+09:00,1411.088761431391,1430.372802734375,1409.41188827461,1430.372802734375,114300
2021-10-12 00:00:00+09:00,1415.2810323463295,1424.5038352822357,1410.250412563108,1421.988525390625,174800
2021-10-13 00:00:00+09:00,1409.4119204269125,1411.927230219465,1391.804751879045,1392.6431884765625,195000
2021-10-14 00:00:00+09:00,1391.804847601898,1391.804847601898,1375.8745511534426,1385.935791015625,180800
2021-10-15 00:00:00+09:00,1408.5733545353983,1421.9883388643068,1404.3811719326143,1421.14990234375,217200
2021-10-18 00:00:00+09:00,1427.8574286765715,1432.0496113796737,1417.7961901891265,1429.5343017578125,127500
2021-10-19 00:00:00+09:00,1433.7267172170239,1447.1417040447855,1432.8882805402889,1442.111083984375,113500
2021-10-20 00:00:00+09:00,1445.4646747076024,1448.8184210526317,1430.372816154971,1433.7265625,109600
2021-10-21 00:00:00+09:00,1430.3729299361216,1439.5957331185937,1414.4426335300336,1416.1195068359375,97500
2021-10-22 00:00:00+09:00,1401.8660657728042,1436.2419681033573,1394.3201359929267,1427.0191650390625,172400
2021-10-25 00:00:00+09:00,1427.0190872794822,1444.6262558064323,1421.1500311038321,1422.826904296875,176700
2021-10-26 00:00:00+09:00,1426.1806169565289,1426.1806169565289,1407.7350122692603,1414.4425048828125,166900
2021-10-27 00:00:00+09:00,1415.2809815746396,1427.0190939810643,1414.4425449741807,1424.5037841796875,138300
2021-10-28 00:00:00+09:00,1421.149946404632,1423.6652560442863,1395.99685000809,1416.957763671875,525800
2021-10-29 00:00:00+09:00,1416.9578078635013,1429.5343564540058,1404.3812592729969,1412.765625,203200
2021-11-01 00:00:00+09:00,1432.0497358636346,1447.141594906694,1421.9884965015951,1445.4647216796875,195900
2021-11-02 00:00:00+09:00,1437.9187944602063,1438.7572310750518,1413.6041326296838,1415.281005859375,160500
2021-11-04 00:00:00+09:00,1425.3422099484028,1439.5956320478867,1414.442534225268,1437.080322265625,284000
2021-11-05 00:00:00+09:00,1434.5649414791278,1436.241814584305,1401.8659159281715,1404.3812255859375,193000
2021-11-08 00:00:00+09:00,1421.1500150072106,1421.9884515942354,1397.6737905705133,1403.5428466796875,191300
2021-11-09 00:00:00+09:00,1412.7658355097692,1412.7658355097692,1372.5208740234375,1372.5208740234375,303000
2021-11-10 00:00:00+09:00,1377.5514403687284,1379.2283136984531,1342.3371004445128,1343.175537109375,298600
2021-11-11 00:00:00+09:00,1339.8218089944542,1345.690865729724,1327.2452588474473,1332.27587890625,301600
2021-11-12 00:00:00+09:00,1346.5291772836538,1375.0360216346153,1343.175430889423,1362.45947265625,181100
2021-11-15 00:00:00+09:00,1371.6822375129252,1371.6822375129252,1358.2672523049748,1368.3284912109375,142000
2021-11-16 00:00:00+09:00,1370.843732658746,1375.0359153274271,1350.7212558490762,1351.5596923828125,107700
2021-11-17 00:00:00+09:00,1365.8131988695036,1365.8131988695036,1350.7213403184594,1357.4288330078125,103300
2021-11-18 00:00:00+09:00,1354.9134521484375,1364.1362541123192,1346.5290867267267,1354.9134521484375,135100
2021-11-19 00:00:00+09:00,1351.5597943867724,1358.2672871628854,1344.8523016106594,1346.5291748046875,168800
2021-11-22 00:00:00+09:00,1343.175614286374,1351.5599814167508,1337.3065572951102,1347.3677978515625,148200
2021-11-24 00:00:00+09:00,1351.5596955206702,1359.1056243418154,1337.3062744140625,1337.3062744140625,158800
2021-11-25 00:00:00+09:00,1346.5290968047314,1352.3981526438554,1342.3369140625,1342.3369140625,80900
2021-11-26 00:00:00+09:00,1344.8524224534303,1344.8524224534303,1324.72994231697,1330.5989990234375,176900
2021-11-29 00:00:00+09:00,1316.3453329001452,1319.6990789712283,1297.8997295091876,1300.4150390625,236700
2021-11-30 00:00:00+09:00,1315.5070696195173,1322.2145626449833,1281.9696044921875,1281.9696044921875,324900
2021-12-01 00:00:00+09:00,1305.4456818023286,1305.4456818023286,1278.6157127479455,1291.1922607421875,241300
2021-12-02 00:00:00+09:00,1282.808201794188,1299.5769364581645,1276.1007079285976,1292.031005859375,211200
2021-12-03 00:00:00+09:00,1301.2536199734295,1322.21453524362,1292.0308172545456,1321.3760986328125,136400
2021-12-06 00:00:00+09:00,1328.083584815756,1337.3063874880877,1318.022345536849,1319.69921875,143000
2021-12-07 00:00:00+09:00,1333.1139732561983,1368.32830462523,1328.0833544891939,1367.4898681640625,179500
2021-12-08 00:00:00+09:00,1373.359039138035,1373.359039138035,1361.620927692411,1365.8131103515625,152900
2021-12-09 00:00:00+09:00,1366.6516556490383,1374.1975850360577,1357.4288530649037,1362.45947265625,94400
2021-12-10 00:00:00+09:00,1365.8130181206598,1368.3283275462964,1357.4286533685379,1358.26708984375,176700
2021-12-13 00:00:00+09:00,1366.6516556490383,1366.6516556490383,1352.3982334735576,1362.45947265625,115500
2021-12-14 00:00:00+09:00,1362.4594592518604,1370.0053885646398,1358.267276300316,1359.105712890625,131000
2021-12-15 00:00:00+09:00,1363.2979358829607,1372.5207386472366,1363.2979358829607,1369.1669921875,74200
2021-12-16 00:00:00+09:00,1381.743329893868,1382.5817663804542,1371.682092054835,1377.5511474609375,131600
2021-12-17 00:00:00+09:00,1375.0358448898178,1383.4202097976824,1372.5205354174582,1379.22802734375,156900
2021-12-20 00:00:00+09:00,1366.6516082972048,1371.6822277142496,1349.0444403375475,1350.7213134765625,204200
2021-12-21 00:00:00+09:00,1367.4900989497303,1375.8744649763994,1359.1057329230612,1364.1363525390625,121400
2021-12-22 00:00:00+09:00,1366.6515166826448,1373.3590087890625,1360.782461089529,1373.3590087890625,124000
2021-12-23 00:00:00+09:00,1380.0664981530872,1387.6124267578125,1376.7127521065427,1387.6124267578125,96100
2021-12-24 00:00:00+09:00,1398.5119924700498,1400.1888653626995,1385.0970093288502,1390.966064453125,62300
2021-12-27 00:00:00+09:00,1390.966172804357,1391.8046093159933,1384.258680711268,1387.6124267578125,48300
2021-12-28 00:00:00+09:00,1396.8353167641098,1409.411865234375,1391.8046973760038,1409.411865234375,91100
2021-12-29 00:00:00+09:00,1409.4120136123215,1417.7963801418416,1406.0582670005135,1416.1195068359375,65800
2021-12-30 00:00:00+09:00,1415.2807847206693,1415.2807847206693,1406.0579833984375,1406.0579833984375,62200
2022-01-04 00:00:00+09:00,1418.6345927820796,1422.8267753848636,1407.7349180148415,1421.14990234375,110700
2022-01-05 00:00:00+09:00,1422.8268094328491,1429.5343017578125,1419.4730632703674,1429.5343017578125,159400
2022-01-06 00:00:00+09:00,1420.3114521155196,1429.5342537526333,1411.9270869908707,1417.796142578125,100900
2022-01-07 00:00:00+09:00,1417.7962444362017,1425.3421735905044,1409.4118787091988,1412.765625,88100
2022-01-11 00:00:00+09:00,1421.9884583830549,1421.9884583830549,1397.6737972432502,1405.2197265625,136000
2022-01-12 00:00:00+09:00,1419.4729855526195,1432.0495329733455,1414.442366584329,1425.342041015625,117300
2022-01-13 00:00:00+09:00,1430.3727382984328,1437.0802306233961,1427.018992135951,1429.5343017578125,94700
2022-01-14 00:00:00+09:00,1425.3422250645622,1425.3422250645622,1401.0275635781668,1410.2503662109375,141000
2022-01-17 00:00:00+09:00,1413.6040174856694,1423.6652560442863,1411.9271443925666,1416.957763671875,57000
2022-01-18 00:00:00+09:00,1430.3728649265959,1435.4034846156694,1411.9272593999926,1415.281005859375,96100
2022-01-19 00:00:00+09:00,1404.3812765459124,1421.150008206162,1399.3506570478376,1401.865966796875,143400
2022-01-20 00:00:00+09:00,1396.835404802981,1416.1194470061434,1394.3200949503946,1401.027587890625,136600
2022-01-21 00:00:00+09:00,1399.3508179725773,1415.2811148817918,1392.6433245371186,1411.9273681640625,106500
2022-01-24 00:00:00+09:00,1415.280914039723,1438.757137732325,1415.280914039723,1437.918701171875,94400
2022-01-25 00:00:00+09:00,1435.403439715003,1435.403439715003,1406.8965957019714,1419.47314453125,92300
2022-01-26 00:00:00+09:00,1422.827051563195,1428.696108346308,1413.604248046875,1413.604248046875,77900
2022-01-27 00:00:00+09:00,1417.796030735524,1426.1803951987738,1387.612318667825,1390.966064453125,163600
2022-01-28 00:00:00+09:00,1431.2112086882744,1437.918701171875,1416.9577871606232,1437.918701171875,180600
2022-01-31 00:00:00+09:00,1430.372862636628,1447.9800315201974,1424.503806342105,1445.4647216796875,146000
2022-02-01 00:00:00+09:00,1446.3030599670944,1450.4952427496078,1433.7265116195545,1436.2418212890625,180600
2022-02-02 00:00:00+09:00,1447.141526636584,1461.394948393723,1438.7571608970904,1458.879638671875,171100
2022-02-03 00:00:00+09:00,1458.8797427066993,1476.4869120152284,1456.3644328054806,1469.7794189453125,117600
2022-02-04 00:00:00+09:00,1467.2642121363604,1480.67919921875,1457.2029718245683,1480.67919921875,134300
2022-02-07 00:00:00+09:00,1479.840452840009,1721.3101697906734,1462.233285979023,1703.7030029296875,1847400
2022-02-08 00:00:00+09:00,1769.939510200381,1883.1284414543134,1768.2626371447673,1873.9056396484375,1714600
2022-02-09 00:00:00+09:00,1881.4518649193546,1973.6798975134407,1878.0981182795697,1949.365234375,1236700
2022-02-10 00:00:00+09:00,1930.080997933151,1944.3344197250117,1873.9057473416995,1900.7357177734375,1055800
2022-02-14 00:00:00+09:00,1900.7356569168212,2016.439900699142,1899.0587838185268,2006.378662109375,970900
2022-02-15 00:00:00+09:00,2016.4398572008045,2044.9466992568657,1997.15581698641,2040.7545166015625,722700
2022-02-16 00:00:00+09:00,2031.5318762217014,2056.6849741526344,2029.8550030263057,2050.81591796875,710700
2022-02-17 00:00:00+09:00,2051.6543679249044,2076.8074660196107,2035.7240724649234,2054.169677734375,704800
2022-02-18 00:00:00+09:00,1981.2255919984386,2054.16957274489,1981.2255919984386,2043.2698974609375,793100
2022-02-21 00:00:00+09:00,2039.9161474021084,2096.0913968373493,2030.693345256024,2087.70703125,912400
2022-02-22 00:00:00+09:00,2079.3225073212857,2117.0521495912285,2060.0384679388703,2093.575927734375,970800
2022-02-24 00:00:00+09:00,2070.100079458822,2088.545685675142,2039.0779235495568,2080.999755859375,943800
2022-02-25 00:00:00+09:00,2080.999586701973,2108.667993777382,2052.4927430485213,2069.261474609375,965900
2022-02-28 00:00:00+09:00,2050.816056395748,2067.584789481568,1917.5046283634815,1946.011474609375,1200500
2022-03-01 00:00:00+09:00,1927.565606175334,1965.2952504893358,1926.727169635023,1940.9805908203125,608600
2022-03-02 00:00:00+09:00,1936.7884077446247,1960.264630868802,1910.796875,1910.796875,411200
2022-03-03 00:00:00+09:00,1937.6265939332372,1950.2031404105194,1928.4037931832306,1939.303466796875,385800
2022-03-04 00:00:00+09:00,1926.727485875877,1937.6271626889259,1896.5437654705108,1897.3822021484375,335300
2022-03-07 00:00:00+09:00,1904.9278566636854,1915.8275318998772,1848.7526073694657,1874.744140625,387400
2022-03-08 00:00:00+09:00,1853.7832381342805,1857.9754209432679,1763.23208946015,1771.616455078125,476300
2022-03-09 00:00:00+09:00,1804.3153762414488,1808.5075588070654,1743.1095107834442,1746.4632568359375,454200
2022-03-10 00:00:00+09:00,1788.385148706976,1788.385148706976,1760.7167427494842,1777.4854736328125,385400
2022-03-11 00:00:00+09:00,1743.9479881414081,1773.2932667880184,1736.4020593465655,1756.5245361328125,457200
2022-03-14 00:00:00+09:00,1784.1929347826085,1785.0313713121118,1754.84765625,1754.84765625,224100
2022-03-15 00:00:00+09:00,1750.655450277002,1780.0007284186186,1737.2404659836918,1764.0704345703125,231700
2022-03-16 00:00:00+09:00,1785.8700711515314,1806.830987479601,1760.716971557848,1774.1319580078125,250700
2022-03-17 00:00:00+09:00,1802.638720749016,1802.638720749016,1773.2934392484508,1784.193115234375,278500
2022-03-18 00:00:00+09:00,1773.2932197523949,1785.0313308996922,1765.7472911577038,1774.9700927734375,473500
2022-03-22 00:00:00+09:00,1805.9925485942179,1838.6915780255895,1803.4772386379586,1820.2459716796875,343900
2022-03-23 00:00:00+09:00,1831.983862982856,1848.7525939941406,1821.9226243760852,1841.2066650390625,253300
2022-03-24 00:00:00+09:00,1840.3682284884983,1841.2066650390625,1812.6998223198786,1841.2066650390625,251300
2022-03-25 00:00:00+09:00,1844.5604864552301,1846.237359624735,1822.7611352516683,1829.4686279296875,232400
2022-03-28 00:00:00+09:00,1833.6609514798365,1839.5300080232105,1813.5384719025544,1818.569091796875,257100
2022-03-29 00:00:00+09:00,1803.4772173907306,1810.1847105283996,1787.546921188767,1799.2850341796875,374000
2022-03-30 00:00:00+09:00,1821.9283237120737,1839.3463765200286,1790.575828657755,1826.2828369140625,461900
2022-03-31 00:00:00+09:00,1824.541127162828,1835.8628620807835,1790.5759224089616,1796.6722412109375,252800
2022-04-01 00:00:00+09:00,1796.6720547492778,1797.5429573448905,1761.8359509247643,1789.704833984375,242300
2022-04-04 00:00:00+09:00,1783.6087008628956,1821.0575163595286,1776.6414793751499,1816.7030029296875,124600
2022-04-05 00:00:00+09:00,1817.5737708815116,1820.18647874574,1782.7376660251339,1788.833984375,183000
2022-04-06 00:00:00+09:00,1772.287056254029,1796.672332703716,1772.287056254029,1773.157958984375,142800
2022-04-07 00:00:00+09:00,1760.965087890625,1765.3196009665169,1736.5798146656311,1760.965087890625,243000
2022-04-08 00:00:00+09:00,1767.9325054743056,1776.6415325948687,1754.868964793461,1775.7706298828125,179300
2022-04-11 00:00:00+09:00,1779.2542407310377,1791.446878699826,1762.7070892019678,1775.7706298828125,129600
2022-04-12 00:00:00+09:00,1762.7069622196304,1774.0286966607644,1758.3524489730405,1761.8360595703125,120300
2022-04-13 00:00:00+09:00,1780.1249900350767,1798.4139454121494,1778.3831847610697,1792.317626953125,146000
2022-04-14 00:00:00+09:00,1807.9940337190624,1834.992017844925,1801.8977147228998,1829.7666015625,138100
2022-04-15 00:00:00+09:00,1817.5738264268327,1849.797224403734,1817.5738264268327,1828.024658203125,126800
2022-04-18 00:00:00+09:00,1823.6699586537168,1833.2498868032826,1804.5101023545851,1821.0572509765625,124300
2022-04-19 00:00:00+09:00,1848.055526100015,1854.151844989129,1827.153861337338,1846.313720703125,136200
2022-04-20 00:00:00+09:00,1861.9898949184214,1874.1825322097488,1854.1517709454254,1871.56982421875,128300
2022-04-21 00:00:00+09:00,1874.1825001821096,1880.2788187235942,1853.2808366113054,1868.086181640625,109200
2022-04-22 00:00:00+09:00,1851.538930960682,1870.6987881954585,1839.3462945385513,1863.7315673828125,100100
2022-04-25 00:00:00+09:00,1826.2827999441963,1850.6680733816963,1820.1864815848214,1828.8955078125,167200
2022-04-26 00:00:00+09:00,1829.7663879101376,1834.9918035824178,1809.7356278330633,1813.21923828125,135300
2022-04-27 00:00:00+09:00,1794.0594001034567,1805.3811341817793,1787.0921791321812,1788.833984375,283900
2022-04-28 00:00:00+09:00,1811.4774880994357,1853.2808147478843,1805.3811696298703,1852.409912109375,218500
2022-05-02 00:00:00+09:00,1852.4098382834477,1879.4078190012601,1834.1208836036392,1857.63525390625,152300
2022-05-06 00:00:00+09:00,1880.2788310102983,1916.8567424982245,1877.666123046875,1915.98583984375,220600
2022-05-09 00:00:00+09:00,1911.6312075847854,1911.6312075847854,1883.76232437626,1889.858642578125,207600
2022-05-10 00:00:00+09:00,1890.729803007644,1920.3404954545624,1786.2214767244025,1817.573974609375,679700
2022-05-11 00:00:00+09:00,1810.606584440166,1835.8627609426985,1801.026655421964,1832.379150390625,295900
2022-05-12 00:00:00+09:00,1821.9284771388625,1845.442850409775,1813.2194500014873,1829.7666015625,210200
2022-05-13 00:00:00+09:00,1801.0265736265596,1849.797119140625,1787.9630346495778,1849.797119140625,283200
2022-05-16 00:00:00+09:00,1872.4405376949437,1881.1495634516643,1839.3462398194051,1844.5716552734375,137100
2022-05-17 00:00:00+09:00,1855.0224507795685,1861.98967125198,1815.8318356222537,1821.0572509765625,170700
2022-05-18 00:00:00+09:00,1834.9918751857717,1855.0226360444678,1828.8955566635598,1854.1517333984375,145400
2022-05-19 00:00:00+09:00,1802.7685027917603,1848.926343684496,1799.284892158346,1843.700927734375,193100
2022-05-20 00:00:00+09:00,1852.409755963699,1885.5040534374275,1848.0552431382084,1875.05322265625,238000
2022-05-23 00:00:00+09:00,1900.3096285963015,1912.5022659933447,1889.858796541693,1893.3424072265625,230500
2022-05-24 00:00:00+09:00,1911.6311960427752,1938.6291764880264,1881.1496052174919,1882.0205078125,220900
2022-05-25 00:00:00+09:00,1908.1477313520932,1920.340368613129,1896.82599675256,1897.6968994140625,174300
2022-05-26 00:00:00+09:00,1904.6639587512716,1950.821795886076,1904.6639587512716,1926.4365234375,225400
2022-05-27 00:00:00+09:00,1950.8219415639014,1980.4326317483535,1935.1456938191914,1942.1129150390625,247100
2022-05-30 00:00:00+09:00,1972.594341823033,1985.6578805106026,1943.8545567103795,1950.82177734375,533400
2022-05-31 00:00:00+09:00,1950.8219518558215,1976.9490315681762,1929.049385428859,1929.9202880859375,556500
2022-06-01 00:00:00+09:00,1932.533085812078,1966.498291015625,1932.533085812078,1966.498291015625,202600
2022-06-02 00:00:00+09:00,1968.2400487208106,1984.787199572888,1964.75643801511,1981.3035888671875,142000
2022-06-03 00:00:00+09:00,1981.3037640815676,1984.7873750953374,1960.4020979989489,1980.432861328125,168400
2022-06-06 00:00:00+09:00,1969.9819011688232,2009.1725225448608,1967.3691930770874,2006.559814453125,181200
2022-06-07 00:00:00+09:00,2020.4941884874786,2046.6212685110236,2012.6560644804151,2025.7196044921875,182500
2022-06-08 00:00:00+09:00,2056.2011826913567,2088.4245811494593,2056.2011826913567,2064.039306640625,225700
2022-06-09 00:00:00+09:00,2062.297426158096,2072.748257709573,2046.6211788308808,2049.23388671875,364800
2022-06-10 00:00:00+09:00,2042.2668086882559,2050.1049329007055,2012.656117219002,2024.8487548828125,382800
2022-06-13 00:00:00+09:00,2003.076140291478,2030.0741230519284,2001.3343349520942,2019.623291015625,241600
2022-06-14 00:00:00+09:00,1994.3670973574067,2003.0761239834214,1983.0453627435872,1997.8507080078125,215900
2022-06-15 00:00:00+09:00,1987.4001548319895,1999.592793818689,1961.2730712890625,1961.2730712890625,131800
2022-06-16 00:00:00+09:00,1970.8524212127036,1988.2704717757854,1960.4015908748545,1964.756103515625,108200
2022-06-17 00:00:00+09:00,1929.0495649788318,1956.9184525992935,1913.373315692322,1942.9840087890625,421300
2022-06-20 00:00:00+09:00,1942.9838700961664,1945.596578124086,1859.3772132027411,1861.1190185546875,289600
2022-06-21 00:00:00+09:00,1900.3097746202307,1952.5639389085964,1896.826163667673,1942.9840087890625,259600
2022-06-22 00:00:00+09:00,1956.0470420903323,1958.6597496265172,1915.1146240234375,1915.1146240234375,148600
2022-06-23 00:00:00+09:00,1915.1149848102705,1936.016649037395,1898.567833963797,1901.1805419921875,114100
2022-06-24 00:00:00+09:00,1895.08427618011,1902.9224004841637,1877.6662221711015,1900.3096923828125,222800
2022-06-27 00:00:00+09:00,1942.113106050923,1948.2094252178993,1922.0823430737164,1942.9840087890625,126500
2022-06-28 00:00:00+09:00,1953.434765849571,1998.7217064755976,1950.822057736531,1988.2708740234375,182000
2022-06-29 00:00:00+09:00,1969.1110100023673,1995.2380910727215,1953.4347613601547,1954.3056640625,212800
2022-06-30 00:00:00+09:00,1956.0473677982923,1961.2727837407633,1924.6948721434667,1929.9202880859375,129600
2022-07-01 00:00:00+09:00,1936.8875573104185,1945.5965840968863,1912.502282308309,1935.145751953125,150900
2022-07-04 00:00:00+09:00,1949.9512364229709,1949.9512364229709,1928.1786679055192,1936.8876953125,138200
2022-07-05 00:00:00+09:00,1960.4016582987742,1994.366858064946,1950.8217301595978,1991.754150390625,218100
2022-07-06 00:00:00+09:00,1942.1130154848734,1970.8528045032592,1937.7585019972391,1966.498291015625,220800
2022-07-07 00:00:00+09:00,1978.6910558212403,1988.270986109107,1954.3057787248517,1980.432861328125,101700
2022-07-08 00:00:00+09:00,1976.949038484622,2002.205215628258,1975.207233164371,1983.916259765625,244900
2022-07-11 00:00:00+09:00,2003.0758821094762,2024.8484460454488,2002.2049795520372,2017.8812255859375,130500
2022-07-12 00:00:00+09:00,2010.0435286659717,2015.2689451183096,1969.111099789325,1970.8529052734375,121700
2022-07-13 00:00:00+09:00,1970.853001921469,1977.820224199583,1960.4021685042983,1961.2730712890625,113400
2022-07-14 00:00:00+09:00,1961.2727690300055,1975.2072114387445,1953.4346451750898,1968.239990234375,97100
2022-07-15 00:00:00+09:00,1971.7237865306713,1978.6910083912037,1952.5639264142071,1975.2073974609375,82900
2022-07-19 00:00:00+09:00,1990.8835132524405,2007.4306640625,1985.6580972071583,2007.4306640625,107100
2022-07-20 00:00:00+09:00,2032.686684192797,2050.104736328125,2020.4940476980673,2050.104736328125,143600
2022-07-21 00:00:00+09:00,2047.4920190347207,2070.135486705883,2037.0411878018765,2062.29736328125,92200
2022-07-22 00:00:00+09:00,2058.8137960678287,2077.10275110904,2045.7502567526774,2073.619140625,91100
2022-07-25 00:00:00+09:00,2075.3611159994316,2097.133683309539,2058.81396484375,2058.81396484375,181300
2022-07-26 00:00:00+09:00,2075.361062512388,2080.586478532142,2051.846690423494,2059.684814453125,138600
2022-07-27 00:00:00+09:00,2046.6213433090256,2051.846759504708,2027.4614839248559,2040.5250244140625,122500
2022-07-28 00:00:00+09:00,2043.1376530334783,2056.201193014511,2028.3323077216414,2051.8466796875,110100
2022-07-29 00:00:00+09:00,2057.071732346474,2098.004150390625,2046.620902207542,2098.004150390625,390300
2022-08-01 00:00:00+09:00,2116.2933817554003,2116.2933817554003,2073.6191530697974,2101.488037109375,174800
2022-08-02 00:00:00+09:00,2082.3283795166017,2091.908309326172,2044.8795629882814,2090.16650390625,150600
2022-08-03 00:00:00+09:00,2072.7483551139308,2101.4881432310567,2063.1684257415554,2099.746337890625,161600
2022-08-04 00:00:00+09:00,2115.4222006221785,2115.4222006221785,2087.553320251693,2098.004150390625,165800
2022-08-05 00:00:00+09:00,2068.393878741534,2126.74435868919,1942.983891988363,1956.9183349609375,901500
2022-08-08 00:00:00+09:00,2002.2049270379737,2050.9754689753927,1994.3668042266029,2018.7520751953125,495200
2022-08-09 00:00:00+09:00,2010.9143438546014,2017.8815654877053,1983.916360026324,2008.3016357421875,257500
2022-08-10 00:00:00+09:00,2009.1723521259996,2014.3977678662493,1987.3997865416259,2001.334228515625,130300
2022-08-12 00:00:00+09:00,2030.0741759944083,2063.1684783057713,2019.6233436855566,2058.81396484375,216800
2022-08-15 00:00:00+09:00,2064.039306640625,2064.910209301655,2050.9757667251783,2064.039306640625,88700
2022-08-16 00:00:00+09:00,2064.9104319490134,2068.39404296875,2038.7833493009869,2068.39404296875,105300
2022-08-17 00:00:00+09:00,2068.3937360053283,2092.7790095245487,2059.684709748464,2081.457275390625,122500
2022-08-18 00:00:00+09:00,2069.264628938748,2093.64990234375,2062.29740796589,2093.64990234375,82300
2022-08-19 00:00:00+09:00,2103.2299910441484,2115.4226286733897,2086.682839975892,2111.068115234375,115900
2022-08-22 00:00:00+09:00,2119.776974170239,2147.6458579719842,2107.5843375069753,2145.904052734375,131100
2022-08-23 00:00:00+09:00,2132.8403822688465,2132.8403822688465,2106.7133053116945,2111.938720703125,159200
2022-08-24 00:00:00+09:00,2118.905937775088,2167.6764813490317,2103.2296916263203,2164.19287109375,212600
2022-08-25 00:00:00+09:00,2133.7115955663426,2154.6132601759723,2117.1644444170524,2138.93701171875,153100
2022-08-26 00:00:00+09:00,2163.3221585718634,2172.031184975132,2140.6786899233657,2145.033203125,95900
2022-08-29 00:00:00+09:00,2101.4880909506546,2121.5188518673,2096.262675059356,2120.64794921875,171900
2022-08-30 00:00:00+09:00,2138.0657182443083,2149.387451171875,2131.0984979811906,2149.387451171875,145200
2022-08-31 00:00:00+09:00,2118.9060172566033,2131.0986536074424,2111.0678938882065,2126.744140625,181300
2022-09-01 00:00:00+09:00,2115.422423933501,2118.9060343475535,2082.328125,2082.328125,230300
2022-09-02 00:00:00+09:00,2085.811926800272,2087.5537321671195,2047.4922087296197,2063.16845703125,158100
2022-09-05 00:00:00+09:00,2076.2319444081695,2087.553679004355,2050.9757672320634,2084.070068359375,126200
2022-09-06 00:00:00+09:00,2090.1663874948263,2110.1971487083183,2081.4573608802643,2104.100830078125,147500
2022-09-07 00:00:00+09:00,2101.488090148217,2104.100798092869,2081.4573292392206,2100.6171875,113700
2022-09-08 00:00:00+09:00,2118.0351785714283,2138.0659388950894,2107.584347098214,2133.71142578125,182400
2022-09-09 00:00:00+09:00,2124.131549727727,2134.5823814607047,2118.035231216823,2132.840576171875,185200
2022-09-12 00:00:00+09:00,2148.5164712744795,2149.3873737760096,2129.35661624082,2134.58203125,140200
2022-09-13 00:00:00+09:00,2143.291157140141,2177.256356298396,2142.420254597622,2165.063720703125,190200
2022-09-14 00:00:00+09:00,2133.71120557986,2155.4837689021033,2127.6148878496315,2149.387451171875,173400
2022-09-15 00:00:00+09:00,2158.0968812408937,2169.4186162917945,2144.162438101324,2166.805908203125,160200
2022-09-16 00:00:00+09:00,2155.48388671875,2172.9019383285986,2147.645763494318,2155.48388671875,308800
2022-09-20 00:00:00+09:00,2192.932809657135,2241.70335665507,2192.932809657135,2213.83447265625,271200
2022-09-21 00:00:00+09:00,2212.092837448791,2212.9637401407,2173.773119004796,2178.99853515625,176900
2022-09-22 00:00:00+09:00,2159.838415575593,2213.8343759649824,2159.838415575593,2203.383544921875,196600
2022-09-26 00:00:00+09:00,2175.515035331447,2180.740451749377,2097.1337890625,2097.1337890625,342800
2022-09-27 00:00:00+09:00,2099.7463697350545,2127.6152556046195,2082.328316066576,2083.19921875,240400
2022-09-28 00:00:00+09:00,2083.1989098875315,2088.424325213336,2052.7173204870032,2076.231689453125,325300
2022-09-29 00:00:00+09:00,2093.1337898848683,2124.2683766447367,2090.465111019737,2112.7041015625,220700
2022-09-30 00:00:00+09:00,2089.5750807735176,2104.6975909366297,2064.667416975451,2076.231689453125,203100
2022-10-03 00:00:00+09:00,2090.4647852622206,2133.1636404505557,2078.9005119820467,2131.384521484375,152800
2022-10-04 00:00:00+09:00,2174.0834661989797,2268.376775289443,2162.519192442602,2266.59765625,384400
2022-10-05 00:00:00+09:00,2277.272347740668,2280.830585784013,2251.475121926418,2263.928955078125,209200
2022-10-06 00:00:00+09:00,2277.2721985265607,2319.9710522489336,2277.2721985265607,2294.173828125,204800
2022-10-07 00:00:00+09:00,2276.3828365060544,2292.3949080406805,2268.376800738741,2288.836669921875,136500
2022-10-11 00:00:00+09:00,2252.3645081112695,2265.7078997469994,2183.868431047854,2186.537109375,214600
2022-10-12 00:00:00+09:00,2179.4210089653475,2179.4210089653475,2138.5012675725284,2173.194091796875,207100
2022-10-13 00:00:00+09:00,2147.3967510408047,2155.4027869808906,2122.4890836716486,2150.0654296875,170000
2022-10-14 00:00:00+09:00,2194.54345703125,2208.7764101372495,2179.420944356126,2194.54345703125,225800
2022-10-17 00:00:00+09:00,2176.751953125,2190.095344746118,2169.6354775937375,2176.751953125,83600
2022-10-18 00:00:00+09:00,2195.433216278699,2203.439253128986,2168.7464267777423,2179.421142578125,126800
2022-10-19 00:00:00+09:00,2185.6480601283483,2189.2062987284758,2174.9733443279656,2179.421142578125,153900
2022-10-20 00:00:00+09:00,2157.182040072904,2168.746314926903,2143.838646010597,2156.29248046875,182200
2022-10-21 00:00:00+09:00,2162.5192393581915,2166.0774775142727,2137.611572265625,2137.611572265625,104300
2022-10-24 00:00:00+09:00,2139.390554879946,2158.9608634900746,2117.151567822982,2121.599365234375,245600
2022-10-25 00:00:00+09:00,2134.942916147132,2162.5192621473657,2126.9368802115805,2140.2802734375,160600
2022-10-26 00:00:00+09:00,2153.6235612072323,2175.862548828125,2143.8384066540398,2175.862548828125,103600
2022-10-27 00:00:00+09:00,2175.8624326091167,2180.3102298957256,2152.73388671875,2152.73388671875,101700
2022-10-28 00:00:00+09:00,2126.0475629768116,2142.9491963226524,2120.710205078125,2120.710205078125,348400
2022-10-31 00:00:00+09:00,2165.18783645102,2185.647705078125,2146.5070868349676,2185.647705078125,236400
2022-11-01 00:00:00+09:00,2188.3165400473754,2220.3406845358736,2175.862706079626,2194.54345703125,183700
2022-11-02 00:00:00+09:00,2178.5312951486126,2202.5494025267312,2172.304378420952,2183.86865234375,265700
2022-11-04 00:00:00+09:00,2182.0892462009338,2221.229860482565,2178.5310085389674,2188.316162109375,171900
2022-11-07 00:00:00+09:00,2206.107725296751,2214.1137613966184,2103.808375131781,2135.83251953125,614100
2022-11-08 00:00:00+09:00,2169.635507092762,2208.776123046875,2150.0651991157056,2208.776123046875,230900
2022-11-09 00:00:00+09:00,2195.4326087654003,2195.4326087654003,2156.2919949948664,2166.0771484375,227600
2022-11-10 00:00:00+09:00,2150.9548775917556,2168.746067646278,2139.390604056316,2146.507080078125,163400
2022-11-11 00:00:00+09:00,2178.531381799828,2178.531381799828,2134.942962972473,2165.18798828125,158100
2022-11-14 00:00:00+09:00,2139.3905988420756,2150.065312848772,2117.151611328125,2117.151611328125,169700
2022-11-15 00:00:00+09:00,2128.7155299416436,2136.7215641119215,2113.5930209533412,2123.378173828125,100300
2022-11-16 00:00:00+09:00,2112.703461601088,2123.378173828125,2097.5809526127855,2123.378173828125,132900
2022-11-17 00:00:00+09:00,2118.041033713319,2142.0591386735287,2096.691607082021,2101.139404296875,180400
2022-11-18 00:00:00+09:00,2112.704168230095,2139.390957723528,2112.704168230095,2120.710205078125,109400
2022-11-21 00:00:00+09:00,2114.4827575811337,2130.494827264121,2105.587163312807,2125.157470703125,147400
2022-11-22 00:00:00+09:00,2134.0534024114604,2166.077546841145,2131.3847237089867,2155.40283203125,149900
2022-11-24 00:00:00+09:00,2174.083650689376,2185.6479254270853,2156.2924587852076,2163.408935546875,175000
2022-11-25 00:00:00+09:00,2179.4207374945076,2179.4207374945076,2141.169679652767,2150.954833984375,121800
2022-11-28 00:00:00+09:00,2145.617536625211,2152.734012700253,2108.2560372312396,2110.03515625,178900
2022-11-29 00:00:00+09:00,2107.366697970481,2107.366697970481,2084.2381483093445,2087.79638671875,273400
2022-11-30 00:00:00+09:00,2088.6857055818646,2126.936764074207,2086.0170270823987,2107.366455078125,544000
2022-12-01 00:00:00+09:00,2114.4831754184556,2125.157890649849,2097.58154296875,2097.58154296875,135200
2022-12-02 00:00:00+09:00,2079.7902143213437,2079.7902143213437,2043.3182730094638,2061.9990234375,323100
2022-12-05 00:00:00+09:00,2070.894621394231,2081.5693359375,2057.551228215144,2081.5693359375,148100
2022-12-06 00:00:00+09:00,2063.7779256028593,2084.23779296875,2062.8883661521686,2084.23779296875,123200
2022-12-07 00:00:00+09:00,2063.7777492257583,2092.243649215079,2059.329952352427,2082.45849609375,101900
2022-12-08 00:00:00+09:00,2081.569137378117,2091.354291442715,2061.998829248921,2086.906494140625,97000
2022-12-09 00:00:00+09:00,2105.5875583595725,2120.710071452987,2099.3606412034605,2114.483154296875,130800
2022-12-12 00:00:00+09:00,2114.4831302149764,2114.4831302149764,2092.244140625,2092.244140625,83300
2022-12-13 00:00:00+09:00,2121.599631046717,2126.936988609099,2110.924915921954,2114.483154296875,111400
2022-12-14 00:00:00+09:00,2118.9305495732337,2118.9305495732337,2097.58112338106,2105.587158203125,113500
2022-12-15 00:00:00+09:00,2101.139559508683,2118.930749682338,2091.3544049131724,2100.25,189400
2022-12-16 00:00:00+09:00,2084.238013313788,2093.1336087611367,2064.667703329621,2071.7841796875,318200
2022-12-19 00:00:00+09:00,2071.784138859229,2102.0291627841816,2069.1154602776155,2095.80224609375,187900
2022-12-20 00:00:00+09:00,2105.587039835073,2128.7155835763965,2058.4403929777604,2082.45849609375,232000
2022-12-21 00:00:00+09:00,2073.563183445336,2079.790099912139,2045.9868390923523,2048.655517578125,194300
2022-12-22 00:00:00+09:00,2070.0047305246967,2080.679443359375,2060.2195770929084,2080.679443359375,98300
2022-12-23 00:00:00+09:00,2070.8947981159267,2083.3486328125,2061.1096422829046,2083.3486328125,108200
2022-12-26 00:00:00+09:00,2094.9125314679345,2098.4707693133155,2084.237817931792,2096.691650390625,128600
2022-12-27 00:00:00+09:00,2120.709789078675,2150.065251763069,2110.0350753752587,2148.2861328125,163900
2022-12-28 00:00:00+09:00,2146.5072559654786,2150.955053843567,2118.041349545713,2128.716064453125,107600
2022-12-29 00:00:00+09:00,2110.035067284374,2115.372424115616,2081.569164184416,2109.1455078125,110000
2022-12-30 00:00:00+09:00,2112.703461601088,2134.942445407415,2112.703461601088,2123.378173828125,99200
2023-01-04 00:00:00+09:00,2119.8203304499907,2123.378568520406,2093.133544921875,2093.133544921875,171900
2023-01-05 00:00:00+09:00,2082.458564972573,2095.8019560339094,2066.4464956989696,2090.464599609375,163700
2023-01-06 00:00:00+09:00,2101.1395385793717,2117.1516095761663,2094.0230625807962,2107.366455078125,79800
2023-01-10 00:00:00+09:00,2122.488989381324,2135.832382022028,2109.14559674062,2110.03515625,88200
2023-01-11 00:00:00+09:00,2121.599301297631,2133.16357421875,2117.1515040202776,2133.16357421875,63900
2023-01-12 00:00:00+09:00,2134.0534885459147,2138.5012865628923,2126.93701171875,2126.93701171875,78000
2023-01-13 00:00:00+09:00,2120.7099410242404,2145.617608116807,2120.7099410242404,2137.611572265625,102200
2023-01-16 00:00:00+09:00,2139.3908902138155,2142.9491287006576,2108.256303453947,2112.7041015625,120200
2023-01-17 00:00:00+09:00,2121.5994347713095,2142.0593035343036,2119.820315748441,2139.390625,79000
2023-01-18 00:00:00+09:00,2150.9550565891,2174.0836055846817,2134.0534246307902,2158.071533203125,87200
2023-01-19 00:00:00+09:00,2158.071464405393,2167.8566194377336,2140.2802734375,2140.2802734375,65400
2023-01-20 00:00:00+09:00,2142.9485782968363,2159.8502067682516,2142.9485782968363,2153.623291015625,55200
2023-01-23 00:00:00+09:00,2179.4206362013974,2197.2118250683475,2166.077244551185,2196.322265625,111200
2023-01-24 00:00:00+09:00,2213.223920314388,2219.4508364889057,2203.43876632586,2208.776123046875,83900
2023-01-25 00:00:00+09:00,2207.886940534868,2215.8929769832216,2198.101784875769,2205.21826171875,74600
2023-01-26 00:00:00+09:00,2218.5613891454313,2229.2361031268847,2206.9971156655233,2212.33447265625,72300
2023-01-27 00:00:00+09:00,2218.561279296875,2219.450838751284,2208.7761252983723,2218.561279296875,54900
2023-01-30 00:00:00+09:00,2218.5613891454313,2223.898746136158,2207.886675163978,2212.33447265625,98000
2023-01-31 00:00:00+09:00,2219.4510629686565,2238.131813398453,2217.6719438801047,2235.463134765625,120200
2023-02-01 00:00:00+09:00,2255.033286228401,2261.2602026006293,2221.2300259220187,2226.5673828125,82900
2023-02-02 00:00:00+09:00,2215.0032562105525,2219.451053913787,2166.0774814749784,2166.967041015625,126800
2023-02-03 00:00:00+09:00,2169.6354957341755,2169.6354957341755,2151.8443067572657,2159.850341796875,112700
2023-02-06 00:00:00+09:00,2182.979092811227,2201.6598429942082,2176.7521760835666,2183.86865234375,123100
2023-02-07 00:00:00+09:00,2195.43270379882,2201.6596198954944,2183.868431047854,2186.537109375,102800
2023-02-08 00:00:00+09:00,2202.5495200340347,2258.591773572865,2173.1940538946474,2246.137939453125,436300
2023-02-09 00:00:00+09:00,2259.4814229866724,2269.266578755512,2239.021551833643,2256.812744140625,158500
2023-02-10 00:00:00+09:00,2260.3707426434826,2306.6278377310314,2254.143825997082,2286.16796875,135800
2023-02-13 00:00:00+09:00,2281.7201908220736,2281.7201908220736,2259.4812026074333,2269.266357421875,115300
2023-02-14 00:00:00+09:00,2295.0634538253057,2295.9530133035323,2268.3766694785,2292.394775390625,111700
2023-02-15 00:00:00+09:00,2295.063516726645,2295.063516726645,2264.8184936379994,2271.04541015625,113100
2023-02-16 00:00:00+09:00,2273.713960716363,2294.173828125,2273.713960716363,2294.173828125,79800
2023-02-17 00:00:00+09:00,2288.8368252150567,2290.615944395169,2276.3829909542674,2287.947265625,85400
2023-02-20 00:00:00+09:00,2299.5114989298972,2328.866964873683,2292.395022337464,2321.75048828125,109000
2023-02-21 00:00:00+09:00,2316.4128256691342,2355.5534417710705,2312.8545878416853,2343.099609375,159400
2023-02-22 00:00:00+09:00,2332.4249391552157,2342.210093362198,2320.86066600151,2338.65185546875,150800
2023-02-24 00:00:00+09:00,2341.3208896102356,2365.338999040128,2341.3208896102356,2342.21044921875,120000
2023-02-27 00:00:00+09:00,2361.7803667907488,2397.3627451981424,2361.7803667907488,2382.240234375,148700
2023-02-28 00:00:00+09:00,2400.0315587901537,2400.0315587901537,2376.013452012046,2388.46728515625,147000
2023-03-01 00:00:00+09:00,2388.4671570972428,2415.153940975424,2385.7984787094247,2411.595703125,157600
2023-03-02 00:00:00+09:00,2434.7245409940597,2444.509696255636,2407.148194347799,2416.933349609375,140200
2023-03-03 00:00:00+09:00,2429.3868966966247,2446.288526516191,2421.380861518935,2431.166015625,157000
2023-03-06 00:00:00+09:00,2448.9572790857264,2468.527587890625,2446.2886006123313,2468.527587890625,139200
2023-03-07 00:00:00+09:00,2477.42329609095,2506.778760640681,2472.9754984318997,2481.87109375,211200
2023-03-08 00:00:00+09:00,2459.632237113301,2487.2085840755117,2448.957522160187,2478.31298828125,181900
2023-03-09 00:00:00+09:00,2490.766802701083,2516.5640303004875,2487.2085644115105,2504.999755859375,134500
2023-03-10 00:00:00+09:00,2467.6379622231725,2499.6621030451024,2464.969283821345,2470.306640625,168200
2023-03-13 00:00:00+09:00,2441.8408167261523,2441.8408167261523,2382.2403304891204,2422.2705078125,212000
2023-03-14 00:00:00+09:00,2362.6699591768524,2363.5595186494343,2309.2963908219535,2328.86669921875,249400
2023-03-15 00:00:00+09:00,2373.344863071237,2404.4794471070286,2370.6761844395974,2399.14208984375,204900
2023-03-16 00:00:00+09:00,2319.9710612847884,2347.5474044212256,2308.406788356605,2333.314453125,189800
2023-03-17 00:00:00+09:00,2381.350825368907,2384.9090634344566,2329.7563734184414,2351.995361328125,165900
2023-03-20 00:00:00+09:00,2336.872705059214,2355.5534537483054,2290.6156130671775,2296.842529296875,187400
2023-03-22 00:00:00+09:00,2344.87908244935,2345.7686420405676,2317.3027351216074,2327.087890625,140200
2023-03-23 00:00:00+09:00,2321.750270546727,2344.8788173031307,2305.73819971537,2343.9892578125,109300
2023-03-24 00:00:00+09:00,2331.5357339165757,2343.9895684357793,2311.0758629207417,2342.21044921875,157800
2023-03-27 00:00:00+09:00,2358.222344467082,2358.222344467082,2333.314677305604,2350.21630859375,101300
2023-03-28 00:00:00+09:00,2373.344789721421,2380.46126585252,2337.7624090659274,2351.995361328125,160200
2023-03-29 00:00:00+09:00,2359.1117354185994,2400.0314714024817,2343.099664816211,2397.36279296875,212700
2023-03-30 00:00:00+09:00,2411.0358584651135,2420.1513059451327,2386.424150269061,2416.505126953125,169800
2023-03-31 00:00:00+09:00,2436.5594168500825,2457.524948682313,2420.1516093292066,2449.321044921875,121500
2023-04-03 00:00:00+09:00,2465.728759765625,2465.728759765625,2445.674773549417,2465.728759765625,123900
2023-04-04 00:00:00+09:00,2470.286361473686,2478.4902645191705,2456.6131897312116,2458.436279296875,165600
2023-04-05 00:00:00+09:00,2449.320892623305,2449.320892623305,2389.158935454292,2403.74365234375,191600
2023-04-06 00:00:00+09:00,2385.5125887919526,2402.8319388825325,2377.3086861174675,2390.0703125,139600
2023-04-07 00:00:00+09:00,2396.4512635085603,2416.5052489772515,2396.4512635085603,2409.212890625,82900
2023-04-10 00:00:00+09:00,2445.674836340456,2445.674836340456,2411.9476768381833,2425.620849609375,99600
2023-04-11 00:00:00+09:00,2447.4975120994563,2447.4975120994563,2418.328081787656,2441.11669921875,100700
2023-04-12 00:00:00+09:00,2457.524689059035,2475.7555843784644,2453.8785099951497,2466.64013671875,106800
2023-04-13 00:00:00+09:00,2459.3476412454297,2469.374633111145,2450.2321940947795,2462.082275390625,86900
2023-04-14 00:00:00+09:00,2463.9055029583888,2487.6056668788174,2458.4362343613666,2481.224853515625,125800
2023-04-17 00:00:00+09:00,2482.1365969944177,2484.8712315118555,2456.613341498331,2474.84423828125,100400
2023-04-18 00:00:00+09:00,2479.40150516055,2490.3400412127294,2466.6398797663414,2483.959228515625,123500
2023-04-19 00:00:00+09:00,2474.844100895843,2480.3133696271043,2467.551742587494,2470.286376953125,75600
2023-04-20 00:00:00+09:00,2464.817047724559,2486.6941221126467,2461.1708686598777,2481.224853515625,85100
2023-04-21 00:00:00+09:00,2481.22459450258,2503.101666606938,2471.1976031214163,2483.959228515625,129800
2023-04-24 00:00:00+09:00,2493.074935475839,2493.074935475839,2471.1978610877513,2481.224853515625,60700
2023-04-25 00:00:00+09:00,2493.986450551203,2517.6866141894816,2493.986450551203,2501.27880859375,116600
2023-04-26 00:00:00+09:00,2479.4019618500547,2490.3404999170402,2469.374968621985,2489.428955078125,84400
2023-04-27 00:00:00+09:00,2480.3136878602922,2504.0138554032424,2473.0213286163075,2500.36767578125,95300
2023-04-28 00:00:00+09:00,2524.9794473002626,2531.3602617880247,2498.54464442239,2518.5986328125,152300
2023-05-01 00:00:00+09:00,2541.38713081943,2546.8564001110067,2527.713957590487,2540.4755859375,126600
2023-05-02 00:00:00+09:00,2542.298569297241,2546.8562935161317,2517.686858515231,2530.448486328125,97400
2023-05-08 00:00:00+09:00,2529.5371077129894,2555.9719099197196,2523.1562933872265,2544.121826171875,129000
2023-05-09 00:00:00+09:00,2543.2100215838973,2576.9371795762286,2531.3599390460513,2576.025634765625,162200
2023-05-10 00:00:00+09:00,2601.548710618839,2734.634243817981,2601.548710618839,2681.7646484375,389400
2023-05-11 00:00:00+09:00,2677.2069542453714,2681.7646780353703,2600.6371945733895,2661.710693359375,220700
2023-05-12 00:00:00+09:00,2652.5952608764355,2669.0030666138155,2624.3373732176146,2658.97607421875,201800
2023-05-15 00:00:00+09:00,2669.003173828125,2706.376510620117,2669.003173828125,2698.172607421875,130000
2023-05-16 00:00:00+09:00,2715.491774586048,2720.9610430142175,2683.5877087550607,2701.818603515625,97000
2023-05-17 00:00:00+09:00,2693.6148682869934,2721.872756922153,2685.4109651348504,2715.491943359375,70100
2023-05-18 00:00:00+09:00,2734.6344605307077,2752.8653569342455,2699.9957573639854,2730.98828125,105200
2023-05-19 00:00:00+09:00,2743.7498012523556,2752.865249097048,2720.0496368561558,2720.961181640625,83500
2023-05-22 00:00:00+09:00,2725.5191622189564,2761.98095703125,2721.872982737727,2761.98095703125,83100
2023-05-23 00:00:00+09:00,2771.0962069253933,2771.0962069253933,2712.7573394111746,2724.607421875,157800
2023-05-24 00:00:00+09:00,2720.0496213355905,2743.7497855965576,2708.199539205107,2709.111083984375,75000
2023-05-25 00:00:00+09:00,2689.9687192884326,2728.2536010946387,2689.057174483523,2724.607421875,74300
2023-05-26 00:00:00+09:00,2713.6686221412992,2724.607158743817,2677.2068334662395,2683.587646484375,101300
2023-05-29 00:00:00+09:00,2732.8112329306723,2752.865217962185,2709.111068802521,2711.845703125,134000
2023-05-30 00:00:00+09:00,2716.403457223057,2726.4304498503907,2678.1185762823293,2691.791748046875,112700
2023-05-31 00:00:00+09:00,2684.4993263918977,2697.2609530708405,2627.9835510994367,2629.806640625,200500
2023-06-01 00:00:00+09:00,2633.4530170307694,2670.826355105626,2633.4530170307694,2667.18017578125,108500
2023-06-02 00:00:00+09:00,2694.526473584688,2719.13818359375,2668.0916739453255,2719.13818359375,121000
2023-06-05 00:00:00+09:00,2752.86520355326,2757.4229274002028,2730.988129087936,2743.749755859375,111200
2023-06-06 00:00:00+09:00,2730.076735153697,2789.3271484375,2725.519011054943,2789.3271484375,136800
2023-06-07 00:00:00+09:00,2825.788957580062,2848.5775782057076,2752.865371577996,2757.423095703125,210300
2023-06-08 00:00:00+09:00,2761.980651247145,2789.3269943288,2732.811218626713,2743.749755859375,137300
2023-06-09 00:00:00+09:00,2780.211684515095,2834.9043733908015,2766.538512296168,2821.231201171875,193500
2023-06-12 00:00:00+09:00,2834.9043733908015,2844.0198215367527,2812.115753025924,2821.231201171875,122900
2023-06-13 00:00:00+09:00,2848.577409136559,2889.596923828125,2834.904237572703,2889.596923828125,150500
2023-06-14 00:00:00+09:00,2903.269944381714,2930.6162860870363,2889.596773529053,2916.943115234375,134300
2023-06-15 00:00:00+09:00,2930.616516207617,2980.7514799374517,2921.501068256738,2948.847412109375,155000
2023-06-16 00:00:00+09:00,2935.174072265625,2994.4244805567014,2926.0586248362283,2935.174072265625,314400
2023-06-19 00:00:00+09:00,2962.5208170062697,2980.7517143416926,2894.1549519984324,2907.828125,146500
2023-06-20 00:00:00+09:00,2907.827866097384,2939.73193359375,2898.712418241279,2939.73193359375,98200
2023-06-21 00:00:00+09:00,2939.7321141909247,3026.3288741438355,2930.6166657748286,2994.4248046875,139400
2023-06-22 00:00:00+09:00,3017.213332786732,3076.4637456662294,3017.213332786732,3040.001953125,112000
2023-06-23 00:00:00+09:00,3062.790574596774,3062.790574596774,2939.7320247245825,2967.078369140625,142800
2023-06-26 00:00:00+09:00,2939.7317333221436,2957.9626277923585,2880.4813262939456,2916.943115234375,95700
2023-06-27 00:00:00+09:00,2916.943710876369,2935.1746090693464,2871.366465393926,2912.385986328125,73400
2023-06-28 00:00:00+09:00,2921.501037881541,2944.2896575218024,2903.2701421693314,2939.73193359375,105400
2023-06-29 00:00:00+09:00,2953.405105377907,2980.751448946221,2935.1742096656976,2939.73193359375,75600
2023-06-30 00:00:00+09:00,2935.1742096656976,2944.2896575218024,2903.2701421693314,2939.73193359375,96800
2023-07-03 00:00:00+09:00,2967.07850618889,2994.42485186805,2953.40533334931,2971.63623046875,74500
2023-07-04 00:00:00+09:00,2962.520584035694,2980.7514799374517,2944.2896881339357,2948.847412109375,62300
2023-07-05 00:00:00+09:00,2939.731795980323,2971.6358619832104,2912.385453692134,2935.174072265625,64200
2023-07-06 00:00:00+09:00,2935.1745493971457,2939.7322738527314,2875.9241314745327,2894.155029296875,146700
2023-07-07 00:00:00+09:00,2866.808364524719,2866.808364524719,2821.2311250251205,2834.904296875,126000
2023-07-10 00:00:00+09:00,2862.25045708117,2875.923628054488,2844.01956245008,2853.135009765625,98600
2023-07-11 00:00:00+09:00,2871.366073535622,2889.59696924061,2853.135177830634,2866.808349609375,70800
2023-07-12 00:00:00+09:00,2862.250640574759,2871.3660884746787,2821.2311250251205,2834.904296875,87000
2023-07-13 00:00:00+09:00,2834.904570750701,2862.2509170923477,2807.5582244090547,2844.02001953125,60100
2023-07-14 00:00:00+09:00,2848.577423339065,2862.2505949710926,2812.115632320325,2857.69287109375,64700
2023-07-18 00:00:00+09:00,2857.69323365219,2898.7127537524607,2857.69323365219,2894.155029296875,53400
2023-07-19 00:00:00+09:00,2926.058686433015,2953.405029296875,2912.385515001085,2953.405029296875,73000
2023-07-20 00:00:00+09:00,2953.405105377907,2962.520553234012,2935.1742096656976,2939.73193359375,55100
2023-07-21 00:00:00+09:00,2967.078200728805,2967.078200728805,2939.7318578649447,2953.405029296875,74500
2023-07-24 00:00:00+09:00,2989.866943359375,2998.982391357422,2971.6360473632812,2989.866943359375,48200
2023-07-25 00:00:00+09:00,3017.2134860178708,3017.2134860178708,2980.7516916249056,3012.65576171875,95600
2023-07-26 00:00:00+09:00,3017.2134860178708,3026.328934616112,2994.4248645222674,3012.65576171875,68300
2023-07-27 00:00:00+09:00,3012.655624482126,3012.655624482126,2985.3092799331203,3008.097900390625,54100
2023-07-28 00:00:00+09:00,2980.751495361328,3012.655563354492,2957.962875366211,2989.866943359375,135600
2023-07-31 00:00:00+09:00,3053.675172004815,3067.348344416777,3017.21337890625,3017.21337890625,219200
2023-08-01 00:00:00+09:00,3040.0018919977847,3062.790511877828,3012.6555481417327,3021.77099609375,92100
2023-08-02 00:00:00+09:00,3003.540192351407,3026.3288129307043,2976.19384765625,2976.19384765625,101800
2023-08-03 00:00:00+09:00,2962.5209563588123,2962.5209563588123,2912.385986328125,2912.385986328125,125700
2023-08-04 00:00:00+09:00,2898.712387915533,2930.616455078125,2889.5969401547923,2930.616455078125,70400
2023-08-07 00:00:00+09:00,2916.9433139534885,2948.8473814498548,2907.827866097384,2939.73193359375,73600
2023-08-08 00:00:00+09:00,2948.8475626070203,3030.8865983518835,2930.6166657748286,2994.4248046875,180900
2023-08-09 00:00:00+09:00,3021.771011352539,3026.3287353515625,2976.1937713623047,2989.866943359375,107900
2023-08-10 00:00:00+09:00,2989.8670340823264,3026.3288271808915,2939.7320685717996,3017.21337890625,114900
2023-08-14 00:00:00+09:00,3026.328610267168,3044.5595055097415,2948.8473054862316,2953.405029296875,117000
2023-08-15 00:00:00+09:00,2976.193924654447,2994.4248215895436,2957.963027719351,2962.520751953125,51500
2023-08-16 00:00:00+09:00,2935.17400970459,2948.8471805572512,2912.3853916168214,2916.943115234375,81000
2023-08-17 00:00:00+09:00,2907.828004092262,2912.385728236607,2862.2507626488095,2871.3662109375,219900
2023-08-18 00:00:00+09:00,2839.461944921875,2866.808287890625,2830.3464972656247,2848.577392578125,300800
2023-08-21 00:00:00+09:00,2862.250640574759,2866.808364524719,2834.904296875,2834.904296875,94600
2023-08-22 00:00:00+09:00,2857.6927334233974,2857.6927334233974,2830.346391476762,2853.135009765625,54200
2023-08-23 00:00:00+09:00,2844.01972997814,2866.808349609375,2830.346558199399,2866.808349609375,78500
2023-08-24 00:00:00+09:00,2853.135314360119,2880.4816592261905,2853.135314360119,2871.3662109375,109000
2023-08-25 00:00:00+09:00,2862.2505949710926,2862.2505949710926,2844.019699461722,2857.69287109375,83600
2023-08-28 00:00:00+09:00,2880.4814008536105,2907.827743266778,2871.365953382555,2903.27001953125,108100
2023-08-29 00:00:00+09:00,2921.5014354246136,2926.0591599728577,2898.712812683392,2912.385986328125,96800
2023-08-30 00:00:00+09:00,2921.500851599526,2921.500851599526,2875.9236152251183,2885.0390625,422700
2023-08-31 00:00:00+09:00,2885.0391999735066,2907.827819246599,2875.9237522642698,2889.596923828125,107000
2023-09-01 00:00:00+09:00,2885.03956218969,2926.05908203125,2885.03956218969,2926.05908203125,137000
2023-09-04 00:00:00+09:00,2926.058941566781,2994.4248046875,2926.058941566781,2994.4248046875,164500
2023-09-05 00:00:00+09:00,2998.982391357422,2998.982391357422,2962.5205993652344,2989.866943359375,98400
2023-09-06 00:00:00+09:00,2980.7515256933893,3003.5401459204027,2962.520629511778,2998.982421875,124500
2023-09-07 00:00:00+09:00,3008.0976121945487,3053.6748487429513,2994.424441230028,3030.88623046875,269100
2023-09-08 00:00:00+09:00,3003.5400846055522,3012.655532510273,2980.75146484375,2980.75146484375,160200
2023-09-11 00:00:00+09:00,3008.097823790089,3008.097823790089,2935.1742401830566,2948.847412109375,145900
2023-09-12 00:00:00+09:00,2976.1937250181686,2980.751448946221,2930.6164857376452,2939.73193359375,120700
2023-09-13 00:00:00+09:00,2939.7319028388656,2944.2896267192364,2912.385559556644,2930.616455078125,121500
2023-09-14 00:00:00+09:00,2935.1745127720533,2962.5208591643395,2935.1745127720533,2957.963134765625,88200
2023-09-15 00:00:00+09:00,2967.0783994245307,2998.9824682355475,2953.4052270769525,2976.19384765625,200300
2023-09-19 00:00:00+09:00,3003.5401153564453,3003.5401153564453,2976.1937713623047,2989.866943359375,128700
2023-09-20 00:00:00+09:00,2998.982437626008,2998.982437626008,2957.9629210019443,2967.078369140625,141800
2023-09-21 00:00:00+09:00,2962.5208591643395,2980.7517567591967,2957.963134765625,2957.963134765625,84700
2023-09-22 00:00:00+09:00,2939.732070781129,2957.962967344113,2930.6166224996373,2944.289794921875,110500
2023-09-25 00:00:00+09:00,2967.078415625605,2967.078415625605,2930.6166224996373,2944.289794921875,109400
2023-09-26 00:00:00+09:00,2944.289519695021,2953.4049671244175,2916.943177406832,2935.174072265625,140300
2023-09-27 00:00:00+09:00,2935.1745127720533,2967.078583563054,2903.2704419810525,2957.963134765625,200000
2023-09-28 00:00:00+09:00,2957.963041101612,2995.053486758058,2934.781512566333,2948.6904296875,133500
2023-09-29 00:00:00+09:00,2957.9630614454372,2962.59936718438,2893.0547811002393,2902.327392578125,129100
2023-10-02 00:00:00+09:00,2920.8727094322253,2953.3268506481386,2902.3274858802747,2911.60009765625,98100
2023-10-03 00:00:00+09:00,2906.963410278521,2906.963410278521,2814.2373046875,2814.2373046875,131300
2023-10-04 00:00:00+09:00,2772.5109022416864,2775.2926857556413,2715.9479707912706,2732.638671875,178600
2023-10-05 00:00:00+09:00,2761.3836458117758,2800.32861328125,2746.5474677281663,2800.32861328125,133700
2023-10-06 00:00:00+09:00,2823.5098603243914,2869.8729122180594,2800.3283343775574,2832.782470703125,116400
2023-10-10 00:00:00+09:00,2893.05485625,2902.32746796875,2874.5096328125,2897.691162109375,115200
2023-10-11 00:00:00+09:00,2897.690859707919,2897.690859707919,2855.964111328125,2855.964111328125,93400
2023-10-12 00:00:00+09:00,2855.9645413306453,2879.1460716985885,2842.055623109879,2874.509765625,66600
2023-10-13 00:00:00+09:00,2846.6913862712254,2865.2366070286926,2823.5098603243914,2832.782470703125,79900
2023-10-16 00:00:00+09:00,2832.782733532039,2860.600567249211,2814.2375110539238,2846.691650390625,83200
2023-10-17 00:00:00+09:00,2869.873027454723,2879.1456382057886,2832.782584450462,2855.964111328125,63200
2023-10-18 00:00:00+09:00,2869.8731972371356,2874.509502886953,2837.4190576884116,2860.6005859375,73000
2023-10-19 00:00:00+09:00,2851.327691460592,2851.327691460592,2823.5098603243914,2832.782470703125,61500
2023-10-20 00:00:00+09:00,2818.8738166734524,2865.2368728687397,2818.8738166734524,2846.691650390625,81600
2023-10-23 00:00:00+09:00,2846.6915934917356,2846.6915934917356,2804.96484375,2804.96484375,72800
2023-10-24 00:00:00+09:00,2800.3283888488468,2828.1462205261532,2754.8925971092463,2814.2373046875,120000
2023-10-25 00:00:00+09:00,2851.3279182032534,2855.9642237613075,2818.873779296875,2818.873779296875,95300
2023-10-26 00:00:00+09:00,2809.601224583506,2832.7827528391454,2786.4196963278664,2800.32861328125,87300
2023-10-27 00:00:00+09:00,2823.510140738959,2865.2368915873176,2818.8738350891413,2860.6005859375,111000
2023-10-30 00:00:00+09:00,2883.7819630957188,2883.7819630957188,2837.418909026656,2869.873046875,143600
2023-10-31 00:00:00+09:00,2883.782169622354,2902.327392578125,2851.3280294497554,2902.327392578125,134400
2023-11-01 00:00:00+09:00,2930.1451884626777,2962.5993282083086,2920.8725771067834,2934.781494140625,135900
2023-11-02 00:00:00+09:00,2967.235615079365,2967.235615079365,2906.9636416480653,2920.87255859375,80400
2023-11-06 00:00:00+09:00,2957.963116695374,2967.2357283464567,2934.7815875676674,2944.05419921875,104100
2023-11-07 00:00:00+09:00,2962.599365234375,2990.417199649721,2934.781530819029,2962.599365234375,207500
2023-11-08 00:00:00+09:00,2967.23575,2971.872055859375,2865.23702109375,2897.691162109375,178900
2023-11-09 00:00:00+09:00,2888.4184373611524,2944.0541054965197,2869.873214649363,2934.781494140625,98100
2023-11-10 00:00:00+09:00,2930.145150756836,2971.8719013214113,2897.691011428833,2967.235595703125,76900
2023-11-13 00:00:00+09:00,2976.508206939697,2985.7808181762693,2948.6903732299807,2967.235595703125,74300
2023-11-14 00:00:00+09:00,2967.235633886256,2981.144550920098,2934.781494140625,2934.781494140625,76300
2023-11-15 00:00:00+09:00,2957.9629657451924,2957.9629657451924,2934.781437800481,2953.32666015625,54800
2023-11-16 00:00:00+09:00,2953.326792656621,2962.5994042505195,2925.5089578749257,2930.145263671875,47800
2023-11-17 00:00:00+09:00,2920.8725395202637,2967.235595703125,2920.8725395202637,2967.235595703125,73700
2023-11-20 00:00:00+09:00,2967.23575,2976.50836171875,2897.691162109375,2897.691162109375,100100
2023-11-21 00:00:00+09:00,2897.6912959929437,2897.6912959929437,2865.2371534778226,2874.509765625,94900
2023-11-22 00:00:00+09:00,2874.509668123514,2930.145339119453,2874.509668123514,2925.509033203125,70000
2023-11-24 00:00:00+09:00,2948.6905627847664,2948.6905627847664,2916.2364213704686,2925.509033203125,72900
2023-11-27 00:00:00+09:00,2925.5088642423116,2939.417781187996,2911.599947296627,2920.87255859375,63900
2023-11-28 00:00:00+09:00,2944.0540489783652,2962.5992713341348,2925.508826622596,2953.32666015625,86200
2023-11-29 00:00:00+09:00,2948.6905627847664,2948.6905627847664,2925.509033203125,2925.509033203125,54900
2023-11-30 00:00:00+09:00,2916.236271428836,2939.4177998185723,2888.4184373611524,2934.781494140625,180300
2023-12-01 00:00:00+09:00,2944.0540301686956,2953.326641287337,2925.508807931413,2939.417724609375,81400
2023-12-04 00:00:00+09:00,2920.8725771067834,2944.0541054965197,2897.6910487170467,2934.781494140625,60900
2023-12-05 00:00:00+09:00,2920.8727094322253,2939.417932984176,2911.60009765625,2911.60009765625,92600
2023-12-06 00:00:00+09:00,2930.1450766624416,2976.508131672923,2930.1450766624416,2971.871826171875,98600
2023-12-07 00:00:00+09:00,2962.599365234375,2971.871976706157,2948.690448026702,2962.599365234375,87200
2023-12-08 00:00:00+09:00,2976.508284401208,2981.1445901401507,2888.4184753612967,2902.327392578125,170300
2023-12-11 00:00:00+09:00,2948.6905050442915,2948.6905050442915,2916.236364265502,2944.05419921875,64300
2023-12-12 00:00:00+09:00,2967.2355579653,2967.2355579653,2930.1451134907334,2939.417724609375,62600
2023-12-13 00:00:00+09:00,2939.417781187996,2939.417781187996,2906.9636416480653,2920.87255859375,96300
2023-12-14 00:00:00+09:00,2902.3274498844453,2906.9637557149317,2874.509614901527,2883.7822265625,95800
2023-12-15 00:00:00+09:00,2883.7823777721774,2893.0549899193547,2865.2371534778226,2874.509765625,162200
2023-12-18 00:00:00+09:00,2855.964318647541,2860.600624359631,2814.2375672387298,2828.146484375,116000
2023-12-19 00:00:00+09:00,2855.964130654281,2869.873046875,2832.7826036197494,2869.873046875,102500
2023-12-20 00:00:00+09:00,2874.509502886953,2906.963642435677,2860.6005859375,2860.6005859375,81000
2023-12-21 00:00:00+09:00,2860.6002469194614,2869.8728571201727,2846.691331618394,2851.32763671875,71300
2023-12-22 00:00:00+09:00,2860.6008474042337,2874.509765625,2851.3282352570563,2874.509765625,60700
2023-12-25 00:00:00+09:00,2906.96349013025,2906.96349013025,2855.964130654281,2869.873046875,68900
2023-12-26 00:00:00+09:00,2869.8734017396587,2893.054931640625,2865.2370957594653,2893.054931640625,54600
2023-12-27 00:00:00+09:00,2897.691105052663,2920.872633893084,2893.0547992845786,2916.236328125,75800
2023-12-28 00:00:00+09:00,2906.9637165888316,2920.872633893084,2906.9637165888316,2916.236328125,43700
2023-12-29 00:00:00+09:00,2930.1453212082006,2939.417932984176,2902.3274858802747,2911.60009765625,82300
2024-01-04 00:00:00+09:00,2920.8726316077687,2990.4172180746205,2888.418491256571,2976.50830078125,108000
2024-01-05 00:00:00+09:00,2985.780724966398,3018.23486328125,2976.5081140192974,3018.23486328125,74900
2024-01-09 00:00:00+09:00,2823.5100289139095,2893.0546109068628,2823.5100289139095,2837.4189453125,2491100
2024-01-10 00:00:00+09:00,2832.782733532039,2865.2368728687397,2832.782733532039,2846.691650390625,937900
2024-01-11 00:00:00+09:00,2855.9642616296824,2874.509484107797,2846.691650390625,2846.691650390625,758000
2024-01-12 00:00:00+09:00,2837.4189631566655,2855.9641851380816,2791.055908203125,2791.055908203125,1282600
2024-01-15 00:00:00+09:00,2791.055871722342,2823.510009765625,2791.055871722342,2823.510009765625,485800
2024-01-16 00:00:00+09:00,2791.0561830087563,2930.14536156401,2791.0561830087563,2879.14599609375,2186900
2024-01-17 00:00:00+09:00,2879.1459207320136,2939.417896528336,2879.1459207320136,2883.7822265625,775900
2024-01-18 00:00:00+09:00,2888.4186256604316,2906.963849581205,2869.8734017396587,2893.054931640625,349500
2024-01-19 00:00:00+09:00,2897.691144053959,2906.9637557149317,2869.8733090710407,2883.7822265625,412500
2024-01-22 00:00:00+09:00,2865.23681640625,2869.8731219344154,2837.418983237257,2865.23681640625,3773600
2024-01-23 00:00:00+09:00,2879.145732990746,2906.963566159739,2851.327899821754,2865.23681640625,1276300
2024-01-24 00:00:00+09:00,2888.418607997434,2888.418607997434,2860.600772286383,2879.14599609375,720600
2024-01-25 00:00:00+09:00,2888.4185114993325,2930.145263671875,2874.509594108485,2930.145263671875,873500
2024-01-26 00:00:00+09:00,2934.781627096188,2939.417932984176,2897.691179992287,2911.60009765625,517000
2024-01-29 00:00:00+09:00,2925.508826622596,2953.32666015625,2920.872521033654,2953.32666015625,685300
2024-01-30 00:00:00+09:00,2967.235539596273,2999.6896783106076,2953.3266230044155,2985.78076171875,768500
2024-01-31 00:00:00+09:00,2976.5083189498546,2990.417236328125,2957.9630957788277,2990.417236328125,328700
2024-02-01 00:00:00+09:00,2976.5081881009614,2985.780799278846,2948.6903545673076,2953.32666015625,454600
2024-02-02 00:00:00+09:00,2962.599041660437,2962.599041660437,2906.96337890625,2906.96337890625,504600
2024-02-05 00:00:00+09:00,2920.87255859375,2934.7814755394343,2906.9636416480653,2920.87255859375,469800
2024-02-06 00:00:00+09:00,2920.8725771067834,2948.690411174467,2920.8725771067834,2934.781494140625,359200
2024-02-07 00:00:00+09:00,2934.7815694688243,2967.2357100474683,2897.691123093231,2930.145263671875,595900
2024-02-08 00:00:00+09:00,2911.600022356916,2920.872633893084,2879.145881980326,2916.236328125,475200
2024-02-09 00:00:00+09:00,2906.96349013025,2925.5087117578755,2865.2367414680934,2869.873046875,515200
2024-02-13 00:00:00+09:00,2888.418550390625,2911.6000796875,2860.600715234375,2897.691162109375,414400
2024-02-14 00:00:00+09:00,2911.5997394788324,2911.5997394788324,2865.2366863024176,2888.418212890625,310000
2024-02-15 00:00:00+09:00,2879.1456576888127,2893.0545739095314,2846.6915198404686,2869.873046875,392000
2024-02-16 00:00:00+09:00,2911.600022356916,2939.4178569654214,2897.691105052663,2916.236328125,569300
2024-02-19 00:00:00+09:00,2939.417743389423,2962.5992713341348,2925.508826622596,2953.32666015625,368300
2024-02-20 00:00:00+09:00,2967.2357100474683,2967.2357100474683,2920.872652077977,2930.145263671875,252800
2024-02-21 00:00:00+09:00,2930.1451884626777,2948.690411174467,2916.236271428836,2934.781494140625,240700
2024-02-22 00:00:00+09:00,2953.3267168524144,2953.3267168524144,2930.1451884626777,2934.781494140625,235300
2024-02-26 00:00:00+09:00,2953.3266788482665,2999.689735031128,2953.3266788482665,2967.235595703125,449200
2024-02-27 00:00:00+09:00,2985.780724966398,3064.5979180167533,2971.871808545747,3018.23486328125,663900
2024-02-28 00:00:00+09:00,3004.325983841227,3008.962289371846,2971.8718451268924,2985.78076171875,203600
2024-02-29 00:00:00+09:00,2999.6898111215037,3004.3261168573945,2953.326753762593,2962.599365234375,291400
2024-03-01 00:00:00+09:00,2976.5081506575116,2995.0533727799884,2967.235539596273,2985.78076171875,174200
2024-03-04 00:00:00+09:00,2976.508169083941,2981.144474643262,2930.1451134907334,2939.417724609375,233800
2024-03-05 00:00:00+09:00,2934.7816054963023,2967.2357464733545,2911.600076226979,2957.963134765625,275700
2024-03-06 00:00:00+09:00,2953.32666015625,2976.5081881009614,2939.417743389423,2953.32666015625,185400
2024-03-07 00:00:00+09:00,2967.2357100474683,2971.8720158444175,2925.5089578749257,2930.145263671875,209200
2024-03-08 00:00:00+09:00,2934.781530819029,2971.871976706157,2920.872613611356,2962.599365234375,252900
2024-03-11 00:00:00+09:00,2934.781608984375,2944.054220703125,2874.5096328125,2897.691162109375,280100
2024-03-12 00:00:00+09:00,2893.0547811002393,2906.9636983170676,2846.6917237108128,2902.327392578125,362900
2024-03-13 00:00:00+09:00,2920.8723501141153,2930.1449607493983,2883.7819075729835,2888.418212890625,180900
2024-03-14 00:00:00+09:00,2893.0547992845786,2916.236328125,2879.145881980326,2916.236328125,176200
2024-03-15 00:00:00+09:00,2920.8725023720917,2953.326641287337,2911.5998912534506,2939.417724609375,241500
2024-03-18 00:00:00+09:00,2962.5994225209156,2962.5994225209156,2939.4178933932085,2944.05419921875,167200
2024-03-19 00:00:00+09:00,2948.690466194509,2976.50830078125,2944.0541604300524,2976.50830078125,194300
2024-03-21 00:00:00+09:00,3004.32609663906,3022.87131945782,2995.05348522968,3008.96240234375,241100
2024-03-22 00:00:00+09:00,3022.8711687548002,3027.5074742283505,2999.689641387049,3018.23486328125,237700
2024-03-25 00:00:00+09:00,3008.962289371846,3008.962289371846,2985.78076171875,2985.78076171875,145300
2024-03-26 00:00:00+09:00,2985.780799278846,3018.2349384014424,2981.144493689904,3013.5986328125,147200
2024-03-27 00:00:00+09:00,3027.507568359375,3069.2343189186927,3022.871262741673,3027.507568359375,352900
2024-03-28 00:00:00+09:00,3027.5076159591194,3046.429538558864,3003.8552127094385,3008.585693359375,179500
2024-03-29 00:00:00+09:00,3013.316174009311,3032.2380966090554,2999.1247320595025,3008.585693359375,70700
2024-04-01 00:00:00+09:00,2989.6639031249997,3003.855345703125,2951.8200562499997,2956.550537109375,199800
2024-04-02 00:00:00+09:00,2966.01154773362,2966.01154773362,2928.1677002346264,2937.628662109375,214700
2024-04-03 00:00:00+09:00,2932.8980850680646,2989.6638544564785,2932.8980850680646,2975.472412109375,202400
2024-04-04 00:00:00+09:00,2999.124791842066,2999.124791842066,2975.4723881209143,2984.933349609375,122500
2024-04-05 00:00:00+09:00,2961.280715215774,2984.9331170944943,2942.3587937127977,2980.20263671875,150900
2024-04-08 00:00:00+09:00,2994.3943110978357,2999.124791842066,2975.4723881209143,2984.933349609375,107900
2024-04-09 00:00:00+09:00,2994.3940199003446,3008.5854607529527,2980.2025790477364,3003.85498046875,113100
2024-04-10 00:00:00+09:00,2994.3940545577034,3003.855015235611,2975.4721332018885,2989.66357421875,160100
2024-04-11 00:00:00+09:00,2975.472352421998,3008.585717234326,2956.5504296720965,2999.124755859375,161200
2024-04-12 00:00:00+09:00,3003.8552365468504,3013.3161979218007,2975.472352421998,2999.124755859375,183900
2024-04-15 00:00:00+09:00,3003.8551537666976,3032.238037109375,2994.3941926524717,3032.238037109375,220900
2024-04-16 00:00:00+09:00,3013.3161979218007,3018.046678609276,2961.280910359572,2999.124755859375,272200
2024-04-17 00:00:00+09:00,2994.3940545577034,3013.3159759135183,2961.2806921850274,2989.66357421875,225000
2024-04-18 00:00:00+09:00,2989.6635626481043,3003.8550036100414,2975.472121686167,2994.39404296875,99800
2024-04-19 00:00:00+09:00,2994.394433357865,2999.1249142952393,2923.4372192972523,2937.628662109375,277000
2024-04-22 00:00:00+09:00,2970.7419554301237,2984.933397892369,2956.5505129678777,2966.011474609375,128700
2024-04-23 00:00:00+09:00,2980.202892891743,2989.6638544564785,2970.741931327007,2975.472412109375,152900
2024-04-24 00:00:00+09:00,2994.3939969767957,3018.046398216739,2975.472075984841,3013.31591796875,167900
2024-04-25 00:00:00+09:00,3013.3162705731243,3013.3162705731243,2966.011462557847,2970.741943359375,126600
2024-04-26 00:00:00+09:00,2966.0111725239813,3008.585495574565,2942.3587708292125,2989.66357421875,160400
2024-04-30 00:00:00+09:00,3013.316321331522,3051.1601683812114,2999.124878687888,3046.4296875,271800
2024-05-01 00:00:00+09:00,3027.5077399380807,3060.6211058436534,3018.046778250774,3055.890625,142200
2024-05-02 00:00:00+09:00,3065.3515384615384,3093.734423076923,3055.890576923077,3074.8125,175600
2024-05-07 00:00:00+09:00,3065.3514129638675,3065.3514129638675,3018.046607208252,3027.507568359375,164000
2024-05-08 00:00:00+09:00,3027.5075096899227,3060.620873077156,3027.5075096899227,3051.159912109375,185900
2024-05-09 00:00:00+09:00,3074.8122330052006,3202.535202683878,3070.081752646731,3183.61328125,581700
2024-05-10 00:00:00+09:00,3183.613634592079,3254.5708478445026,3131.578344873635,3141.039306640625,422600
2024-05-13 00:00:00+09:00,3131.5782084923662,3131.5782084923662,3065.3514790076338,3098.46484375,142200
2024-05-14 00:00:00+09:00,3103.1955199639606,3126.8479248417343,3084.273596061741,3117.386962890625,197600
2024-05-15 00:00:00+09:00,3112.6562738185976,3131.5781964557927,3103.1953125,3103.1953125,144100
2024-05-16 00:00:00+09:00,3112.6562738185976,3126.847715796494,3098.464831840701,3103.1953125,127600
2024-05-17 00:00:00+09:00,3098.4648676780243,3103.195348392037,3065.3515026799387,3089.00390625,133800
2024-05-20 00:00:00+09:00,3089.0038233901514,3136.3086292613634,3089.0038233901514,3122.1171875,153200
2024-05-21 00:00:00+09:00,3122.1174438661797,3159.9612916706183,3112.65648191507,3117.386962890625,110200
2024-05-22 00:00:00+09:00,3117.3867784785934,3117.3867784785934,3089.0038943042814,3093.734375,149100
2024-05-23 00:00:00+09:00,3084.273366261398,3122.1172112462004,3070.0819243920973,3112.65625,96800
2024-05-24 00:00:00+09:00,3093.734509774463,3155.230761497808,3074.8125861672793,3136.308837890625,166200
2024-05-27 00:00:00+09:00,3159.960879457652,3216.7266437592866,3159.960879457652,3183.61328125,252500
2024-05-28 00:00:00+09:00,3183.6135735618695,3193.0745351474916,3150.5002080121917,3164.691650390625,114200
2024-05-29 00:00:00+09:00,3169.4222288376986,3178.883190714826,3112.656457574934,3126.847900390625,115200
2024-05-30 00:00:00+09:00,3112.656202794562,3131.578125,3089.0038000377644,3131.578125,110700
2024-05-31 00:00:00+09:00,3150.5002080121917,3174.152611976247,3131.578284840947,3164.691650390625,276600
2024-06-03 00:00:00+09:00,3178.883131377551,3268.762267532571,3174.152650527287,3245.10986328125,332400
2024-06-04 00:00:00+09:00,3245.109666393649,3282.9535108996974,3202.5353413243447,3226.187744140625,207200
2024-06-05 00:00:00+09:00,3211.996433945953,3211.996433945953,3159.961145619877,3174.152587890625,119400
2024-06-06 00:00:00+09:00,3178.8828710644675,3207.265753841829,3145.7695078242127,3155.23046875,110000
2024-06-07 00:00:00+09:00,3164.691650390625,3174.152611976247,3155.230688805003,3164.691650390625,101800
2024-06-10 00:00:00+09:00,3169.422107133709,3178.8830686475408,3150.500184106045,3174.152587890625,87900
2024-06-11 00:00:00+09:00,3178.88298534292,3249.840194837182,3178.88298534292,3207.265869140625,203300
2024-06-12 00:00:00+09:00,3207.2660404673793,3245.1098875525404,3197.8050786960894,3235.64892578125,120900
2024-06-13 00:00:00+09:00,3245.1097383216993,3245.1097383216993,3197.804931640625,3197.804931640625,111000
2024-06-14 00:00:00+09:00,3216.726895066739,3278.22314453125,3211.9964143386997,3278.22314453125,272100
2024-06-17 00:00:00+09:00,3278.2231029984514,3282.9535836665586,3193.0744509725178,3197.804931640625,176000
2024-06-18 00:00:00+09:00,3202.535179398148,3207.265659722222,3159.960856481481,3193.07421875,174000
2024-06-19 00:00:00+09:00,3207.2660404673793,3240.379406666895,3193.074597810444,3235.64892578125,111900
2024-06-20 00:00:00+09:00,3235.6486785239363,3334.98876953125,3235.6486785239363,3334.98876953125,269500
2024-06-21 00:00:00+09:00,3334.988949983016,3358.641353883605,3259.301257501132,3264.03173828125,352200
2024-06-24 00:00:00+09:00,3287.683955505817,3287.683955505817,3207.265786809991,3240.379150390625,135400
2024-06-25 00:00:00+09:00,3282.9534953724256,3339.7192618630147,3264.0315732088957,3330.25830078125,227400
2024-06-26 00:00:00+09:00,3311.336158687233,3353.9104807274975,3301.875198233841,3320.797119140625,165400
2024-06-27 00:00:00+09:00,3320.7976440953594,3325.528125069854,3292.4147582483906,3306.606201171875,86600
2024-06-28 00:00:00+09:00,3320.7973162513276,3339.71923828125,3301.8753942214057,3339.71923828125,141300
2024-07-01 00:00:00+09:00,3349.1801875221004,3368.1021094855023,3330.258265558699,3344.44970703125,121200
2024-07-02 00:00:00+09:00,3344.4495912602424,3424.8677568209555,3334.9886306060407,3391.75439453125,239600
2024-07-03 00:00:00+09:00,3391.7547500107316,3448.5205198853882,3387.0242691878434,3443.7900390625,205400
2024-07-04 00:00:00+09:00,3476.903237396816,3510.0166015625,3462.711795611523,3510.0166015625,160100
2024-07-05 00:00:00+09:00,3495.825340386434,3495.825340386434,3424.868127794017,3439.0595703125,166300
2024-07-08 00:00:00+09:00,3429.5982842358435,3429.5982842358435,3344.4496371789537,3372.83251953125,194600
2024-07-09 00:00:00+09:00,3368.1020741637326,3387.0239959286973,3334.988711075044,3358.64111328125,134200
2024-07-10 00:00:00+09:00,3363.371652676197,3377.56309424867,3320.7973279587763,3334.98876953125,181100
2024-07-11 00:00:00+09:00,3353.9108646355267,3372.832787708224,3344.4499030991783,3363.371826171875,138500
2024-07-12 00:00:00+09:00,3349.1801523987674,3405.945917693662,3344.4496719575263,3358.64111328125,151900
2024-07-16 00:00:00+09:00,3368.1020391392008,3401.2154018835467,3353.9105979630526,3372.83251953125,156100
2024-07-17 00:00:00+09:00,3396.4849332316535,3396.4849332316535,3353.910609556048,3368.10205078125,130600
2024-07-18 00:00:00+09:00,3349.180199296211,3401.2154848784967,3339.71923828125,3339.71923828125,140300
2024-07-19 00:00:00+09:00,3344.449911543252,3349.1803923233692,3254.570776721014,3264.03173828125,189300
2024-07-22 00:00:00+09:00,3264.031624660576,3273.4925858914767,3202.535376659725,3211.996337890625,202300
2024-07-23 00:00:00+09:00,3235.64886554336,3259.30126953125,3230.918384745782,3259.30126953125,132800
2024-07-24 00:00:00+09:00,3245.1097383216993,3249.840218989807,3197.804931640625,3197.804931640625,117300
2024-07-25 00:00:00+09:00,3174.1524024024025,3174.1524024024025,3122.1171171171172,3150.5,183200
2024-07-26 00:00:00+09:00,3145.7697996942165,3159.961242399604,3112.656433381646,3136.308837890625,117900
2024-07-29 00:00:00+09:00,3169.421875,3188.343796641791,3145.769472947761,3169.421875,84400
2024-07-30 00:00:00+09:00,3150.5000117481204,3164.691453242481,3126.847609257519,3145.76953125,102300
2024-07-31 00:00:00+09:00,3141.038935185185,3202.535179398148,3136.308454861111,3193.07421875,158500
2024-08-01 00:00:00+09:00,3169.422071326734,3202.5354362510434,3141.039187105898,3188.343994140625,172600
2024-08-02 00:00:00+09:00,3093.7342843518427,3103.1952454660686,3018.046595438036,3032.238037109375,275400
2024-08-05 00:00:00+09:00,2885.593110294038,2932.8979153808255,2680.2902562173804,2730.433349609375,547900
2024-08-06 00:00:00+09:00,2876.132312192118,2951.820004618227,2824.097023649169,2880.86279296875,274300
2024-08-07 00:00:00+09:00,2857.210450783754,3013.316319783529,2847.749489026192,2951.820068359375,271000
2024-08-08 00:00:00+09:00,2913.976023181552,3093.7342843518427,2876.132178724649,3032.238037109375,315000
2024-08-09 00:00:00+09:00,3098.4645624325453,3117.3864834244996,2970.7415957368526,3013.31591796875,280000
2024-08-13 00:00:00+09:00,3103.195408950617,3117.386851369599,3051.1601200810182,3065.3515625,175000
2024-08-14 00:00:00+09:00,3079.5429448219757,3112.6563098200613,3051.160060537902,3089.00390625,118100
2024-08-15 00:00:00+09:00,3093.7343039772727,3136.3086292613634,3093.7343039772727,3122.1171875,135600
2024-08-16 00:00:00+09:00,3150.500268407615,3155.2307492911095,3103.1954595726656,3141.039306640625,109200
2024-08-19 00:00:00+09:00,3122.1174194520613,3145.7698241448797,3093.7345338206787,3126.847900390625,153000
2024-08-20 00:00:00+09:00,3131.5780317164176,3169.421875,3131.5780317164176,3169.421875,93300
2024-08-21 00:00:00+09:00,3150.5002805960125,3155.230761497808,3122.1173951852375,3136.308837890625,84300
2024-08-22 00:00:00+09:00,3103.195288753799,3112.65625,3084.273366261398,3112.65625,155500
2024-08-23 00:00:00+09:00,3117.3866833459215,3131.578125,3107.9257222432025,3131.578125,114600
2024-08-26 00:00:00+09:00,3131.578356988829,3150.5002805960125,3112.656433381646,3136.308837890625,156500
2024-08-27 00:00:00+09:00,3155.23046875,3183.6133515273614,3141.0390273613193,3155.23046875,153300
2024-08-28 00:00:00+09:00,3141.0389925373133,3169.421875,3136.3085121268655,3169.421875,97000
2024-08-29 00:00:00+09:00,3169.4218983907185,3169.4218983907185,3126.847574382485,3159.9609375,206000
2024-08-30 00:00:00+09:00,3164.691566963873,3202.5354123087327,3159.9610862957657,3197.804931640625,169000
2024-09-02 00:00:00+09:00,3197.8049555475704,3207.265916954516,3164.6915906232616,3188.343994140625,100600
2024-09-03 00:00:00+09:00,3197.805015940303,3197.805015940303,3159.9611695978138,3164.691650390625,77900
2024-09-04 00:00:00+09:00,3122.1174438661797,3164.691772646173,3112.65648191507,3117.386962890625,142300
2024-09-05 00:00:00+09:00,3079.542885638298,3141.039133738602,3070.0819243920973,3112.65625,87700
2024-09-06 00:00:00+09:00,3107.925829106049,3107.925829106049,3055.8905412519143,3089.00390625,125100
2024-09-09 00:00:00+09:00,3022.7771997407835,3079.54296875,3013.3162382392475,3079.54296875,150700
2024-09-10 00:00:00+09:00,3103.195300608828,3136.308665097032,3103.195300608828,3107.92578125,128300
2024-09-11 00:00:00+09:00,3107.9258897569443,3131.57829378858,3051.1601200810182,3065.3515625,167700
2024-09-12 00:00:00+09:00,3107.92584116181,3131.5782448236196,3074.8124760352757,3084.2734375,170000
2024-09-13 00:00:00+09:00,3065.3516110248447,3093.734496312112,3022.7772830939443,3046.4296875,184500
2024-09-17 00:00:00+09:00,3060.620849609375,3070.081810504613,3027.5074864760436,3060.620849609375,141100
2024-09-18 00:00:00+09:00,3074.8125120377504,3093.734435188752,3055.890588886749,3070.08203125,134900
2024-09-19 00:00:00+09:00,3089.003882395038,3107.925805104962,3065.3514790076338,3098.46484375,137200
2024-09-20 00:00:00+09:00,3136.3088622677524,3169.4222288376986,3117.3869385134976,3126.847900390625,489900
2024-09-24 00:00:00+09:00,3164.691359816122,3193.074241966939,3145.7694383822436,3183.61328125,184700
2024-09-25 00:00:00+09:00,3174.152378836078,3178.882859281437,3141.039015718563,3159.9609375,153500
2024-09-26 00:00:00+09:00,3178.8829385080644,3230.9182247038807,3174.1524579448082,3226.187744140625,327600
2024-09-27 00:00:00+09:00,3245.44852629162,3250.263731820243,3216.557293119885,3235.818115234375,167900
2024-09-30 00:00:00+09:00,3178.0357677012953,3221.3726190790403,3158.774944866742,3206.927001953125,152300
2024-10-01 00:00:00+09:00,3206.926783777234,3264.709248349797,3202.1115783961873,3259.89404296875,111400
2024-10-02 00:00:00+09:00,3255.0789574795085,3269.5245741547133,3216.5573130122953,3231.0029296875,116100
2024-10-03 00:00:00+09:00,3259.894183258512,3259.894183258512,3187.666099434468,3226.187744140625,154000
2024-10-04 00:00:00+09:00,3187.665956150141,3226.187599124765,3187.665956150141,3202.111572265625,174600
2024-10-07 00:00:00+09:00,3216.557228330034,3221.3724337616654,3168.405174013716,3192.481201171875,177500
2024-10-08 00:00:00+09:00,3187.666115956764,3187.666115956764,3153.95967666417,3163.590087890625,216900
2024-10-09 00:00:00+09:00,3168.405354071101,3187.6661768922017,3134.6989141341746,3149.14453125,327200
2024-10-10 00:00:00+09:00,3149.1445111223757,3168.405333820372,3115.4380714008826,3153.959716796875,412100
2024-10-11 00:00:00+09:00,3173.2204991170806,3216.5573496361303,3163.590087890625,3163.590087890625,267300
2024-10-15 00:00:00+09:00,3187.665995740243,3197.2964066035065,3158.7747631504526,3192.481201171875,159700
2024-10-16 00:00:00+09:00,3153.959532193611,3202.111586120231,3129.883505230301,3139.513916015625,139700
2024-10-17 00:00:00+09:00,3134.6988914572803,3144.329302798163,3091.362040423309,3096.17724609375,198800
2024-10-18 00:00:00+09:00,3120.2532991976354,3206.927001953125,3115.438093488997,3206.927001953125,229000
2024-10-21 00:00:00+09:00,3211.742123682086,3211.742123682086,3168.4052734375,3168.4052734375,113500
2024-10-22 00:00:00+09:00,3163.589942978935,3173.220353764259,3115.437889052315,3139.513916015625,127000
2024-10-23 00:00:00+09:00,3139.5140767541734,3144.3292823933666,3100.992431640625,3100.992431640625,112300
2024-10-24 00:00:00+09:00,3096.1773270918916,3100.992532888302,3062.4708865170187,3076.91650390625,112100
2024-10-25 00:00:00+09:00,3081.7315452755906,3086.5467508150837,3052.840312038632,3057.655517578125,118000
2024-10-28 00:00:00+09:00,3072.10115811847,3120.2532138883516,3062.470746964493,3110.622802734375,119600
2024-10-29 00:00:00+09:00,3110.6227827352204,3120.2531938272796,3091.361960551101,3115.43798828125,163100
2024-10-30 00:00:00+09:00,3120.253217610182,3168.4052734375,3100.9923952792556,3168.4052734375,1663100
2024-10-31 00:00:00+09:00,3129.883505230301,3149.144326800949,3110.622683659653,3139.513916015625,249100
2024-11-01 00:00:00+09:00,3134.698830619316,3153.959652927269,3105.807597157387,3110.622802734375,130800
2024-11-05 00:00:00+09:00,3110.622723106971,3129.883544921875,3081.7314903846154,3129.883544921875,107600
2024-11-06 00:00:00+09:00,3129.883648598031,3178.035704730308,3120.2532373715753,3163.590087890625,162100
2024-11-07 00:00:00+09:00,3192.481408461085,3409.165666953919,3187.6662027167995,3317.6767578125,493800
2024-11-08 00:00:00+09:00,3317.6764544007406,3336.93727561642,3255.0787854497835,3332.1220703125,239000
2024-11-11 00:00:00+09:00,3322.491883116883,3341.7527056277054,3312.8614718614717,3336.9375,110500
2024-11-12 00:00:00+09:00,3356.198136747056,3361.013342108243,3312.861288496377,3322.49169921875,130600
2024-11-13 00:00:00+09:00,3308.046222647671,3327.3070449047173,3288.785400390625,3288.785400390625,145500
2024-11-14 00:00:00+09:00,3288.7853153935184,3298.4157262731483,3250.263671875,3250.263671875,119900
2024-11-15 00:00:00+09:00,3269.5246351778865,3274.33984082616,3216.557373046875,3216.557373046875,158900
2024-11-18 00:00:00+09:00,3211.7422481674744,3221.3726597062077,3182.851013551275,3197.296630859375,325200
2024-11-19 00:00:00+09:00,3197.2964907786886,3235.818135245902,3168.4052574282787,3231.0029296875,412100
2024-11-20 00:00:00+09:00,3235.8180999087595,3303.2309769901917,3235.8180999087595,3298.415771484375,241200
2024-11-21 00:00:00+09:00,3298.4158484853792,3312.8614653400596,3221.37255859375,3221.37255859375,145200
2024-11-22 00:00:00+09:00,3240.6333207629978,3255.0789373488656,3226.18770417713,3235.818115234375,89200
2024-11-25 00:00:00+09:00,3269.524508473376,3269.524508473376,3187.666015625,3187.666015625,125200
2024-11-26 00:00:00+09:00,3206.9269617503273,3216.557373046875,3182.8509335089584,3216.557373046875,85600
2024-11-27 00:00:00+09:00,3216.5573905653623,3221.3725962398617,3139.514099773378,3153.959716796875,126700
2024-11-28 00:00:00+09:00,3139.514079768483,3178.0357249190165,3139.514079768483,3158.77490234375,94500
2024-11-29 00:00:00+09:00,3149.144592003888,3163.5902093984014,3129.883768811204,3134.698974609375,79000
2024-12-02 00:00:00+09:00,3129.883544921875,3149.144366736779,3115.437928560697,3129.883544921875,74600
2024-12-03 00:00:00+09:00,3139.5140003551137,3197.296466619318,3134.6987948330966,3178.03564453125,143200
2024-12-04 00:00:00+09:00,3173.2204991170806,3182.8509103435363,3163.590087890625,3163.590087890625,90600
2024-12-05 00:00:00+09:00,3182.850850053267,3197.296466619318,3168.405233487216,3178.03564453125,88800
2024-12-06 00:00:00+09:00,3178.0357249190165,3178.0357249190165,3153.959696699933,3158.77490234375,92700
2024-12-09 00:00:00+09:00,3178.0358267929146,3178.0358267929146,3134.698974609375,3134.698974609375,80300
2024-12-10 00:00:00+09:00,3163.5899830979565,3163.5899830979565,3120.253134014423,3129.883544921875,103500
2024-12-11 00:00:00+09:00,3134.698974609375,3144.329386205717,3125.068563013033,3134.698974609375,87700
2024-12-12 00:00:00+09:00,3153.9596169211645,3187.666055575284,3149.1444113991474,3178.03564453125,136800
2024-12-13 00:00:00+09:00,3149.1443916355424,3182.850830078125,3139.513980651948,3182.850830078125,141600
2024-12-16 00:00:00+09:00,3182.8508901856953,3197.2965069338907,3168.4052734375,3168.4052734375,65900
2024-12-17 00:00:00+09:00,3168.4054151965724,3182.8510325910856,3134.698974609375,3134.698974609375,87600
2024-12-18 00:00:00+09:00,3129.8835395645574,3134.6987450100414,3067.285868773266,3072.10107421875,286900
2024-12-19 00:00:00+09:00,3033.579352548189,3091.36181640625,3023.9489419051793,3091.36181640625,363400
2024-12-20 00:00:00+09:00,3091.3621212954813,3105.807738684712,3076.91650390625,3076.91650390625,151000
2024-12-23 00:00:00+09:00,3081.7315494590416,3120.2531938272796,3072.101138366982,3115.43798828125,104200
2024-12-24 00:00:00+09:00,3125.068339468149,3144.3291612830526,3120.253134014423,3129.883544921875,69900
2024-12-25 00:00:00+09:00,3144.329121408287,3144.329121408287,3120.253094444977,3139.513916015625,85100
2024-12-26 00:00:00+09:00,3144.329245523841,3168.4052734375,3139.5140399411093,3168.4052734375,101400
2024-12-27 00:00:00+09:00,3173.2203992399923,3192.481221086669,3163.589988316654,3187.666015625,94900
2024-12-30 00:00:00+09:00,3206.927001953125,3216.5574133704017,3187.666179118572,3206.927001953125,110800
2025-01-06 00:00:00+09:00,3231.0029052734376,3240.6333163174713,3178.03564453125,3178.03564453125,109700
2025-01-07 00:00:00+09:00,3182.850764549583,3197.296380727569,3134.698710622963,3139.513916015625,126700
2025-01-08 00:00:00+09:00,3139.513995888792,3139.513995888792,3105.807557282624,3120.253173828125,104400
2025-01-09 00:00:00+09:00,3115.438109399376,3120.253315132605,3081.7316692667705,3086.546875,103500
2025-01-10 00:00:00+09:00,3086.5469154990706,3100.992532888302,3076.91650390625,3076.91650390625,97900
2025-01-14 00:00:00+09:00,3076.9163801003406,3086.5467913056627,3028.7643240737316,3048.025146484375,184200
2025-01-15 00:00:00+09:00,3052.8404329478835,3067.286050138489,3019.133992836472,3028.764404296875,129400
2025-01-16 00:00:00+09:00,3038.3948360370223,3048.025247561704,3009.5036014629777,3023.94921875,113300
2025-01-17 00:00:00+09:00,3014.31884765625,3019.134053483177,2995.0580243485424,3014.31884765625,89500
2025-01-20 00:00:00+09:00,3014.318767051091,3052.8404126364085,3014.318767051091,3033.57958984375,70400
2025-01-21 00:00:00+09:00,3043.2100012400792,3048.025206938244,3014.318767051091,3033.57958984375,90400
2025-01-22 00:00:00+09:00,3033.579610027077,3052.8404329478835,3028.764404296875,3028.764404296875,99500
2025-01-23 00:00:00+09:00,3038.3948157572786,3043.2100214874804,3023.949198566673,3028.764404296875,97000
2025-01-24 00:00:00+09:00,3052.84033203125,3062.4707431733045,3033.5795097471414,3052.84033203125,150500
2025-01-27 00:00:00+09:00,3076.916299625319,3081.731505102041,3062.470683195153,3067.285888671875,69000
2025-01-28 00:00:00+09:00,3052.8402524368144,3091.3618960006856,3052.8402524368144,3072.10107421875,106600
2025-01-29 00:00:00+09:00,3081.731505102041,3100.9923270089284,3067.285888671875,3067.285888671875,130200
2025-01-30 00:00:00+09:00,3072.101197805464,3100.992431640625,3072.101197805464,3100.992431640625,95000
2025-01-31 00:00:00+09:00,3100.9924517641916,3105.807657434633,3086.5468347528677,3096.17724609375,106500
2025-02-03 00:00:00+09:00,3081.731606012658,3081.731606012658,3043.2099609375,3043.2099609375,146700
2025-02-04 00:00:00+09:00,3048.025247561704,3062.4708648487263,3023.94921875,3023.94921875,140100
2025-02-05 00:00:00+09:00,3057.6556386780853,3072.1012558686907,3028.764404296875,3028.764404296875,171600
2025-02-06 00:00:00+09:00,3062.470683195153,3096.1771215322065,3023.9490393813776,3067.285888671875,229900
2025-02-07 00:00:00+09:00,3014.318767051091,3052.8404126364085,3014.318767051091,3033.57958984375,189300
2025-02-10 00:00:00+09:00,3043.2099609375,3062.4707834750793,3038.3947553031053,3043.2099609375,136200
2025-02-12 00:00:00+09:00,3062.4707834750793,3062.4707834750793,3038.3947553031053,3043.2099609375,143700
2025-02-13 00:00:00+09:00,3043.210063331377,3076.91650390625,3033.579651738556,3076.91650390625,184600
2025-02-14 00:00:00+09:00,3081.7314593301435,3086.546664735347,3019.1337890625,3019.1337890625,349800
2025-02-17 00:00:00+09:00,3033.5796302746817,3052.8404533240446,3023.94921875,3023.94921875,400200
2025-02-18 00:00:00+09:00,3028.764199872907,3033.5794052781102,3014.3185836572966,3019.1337890625,188800
2025-02-19 00:00:00+09:00,3019.134053483177,3052.8404942716656,3014.31884765625,3014.31884765625,83900
2025-02-20 00:00:00+09:00,3014.318724010837,3019.133929640247,2985.427490234375,2985.427490234375,163700
2025-02-21 00:00:00+09:00,2985.4275103493537,2999.8731273349154,2970.9818933637926,2980.6123046875,149600
2025-02-25 00:00:00+09:00,2985.4274302768863,3019.1338690058187,2980.6122247441813,2999.873046875,117000
2025-02-26 00:00:00+09:00,2990.242736223832,2995.057941918234,2961.351502057418,2975.797119140625,190200
2025-02-27 00:00:00+09:00,2995.058064778646,3004.6884765625,2990.2428588867188,3004.6884765625,107000
2025-02-28 00:00:00+09:00,2999.873270670573,3019.1340942382812,2985.427652994792,3004.6884765625,120200
2025-03-03 00:00:00+09:00,3014.318807225319,3028.764424512341,3009.5036014629777,3023.94921875,112600
2025-03-04 00:00:00+09:00,3023.949259310104,3028.764465137031,3004.6884360023964,3014.31884765625,92700
2025-03-05 00:00:00+09:00,3023.949259310104,3033.5796709639576,3009.503641829323,3014.31884765625,101100
2025-03-06 00:00:00+09:00,3038.3946361003627,3076.916279664234,3038.3946361003627,3072.10107421875,95700
2025-03-07 00:00:00+09:00,3033.5795097471414,3067.285948744332,3014.3186874630323,3052.84033203125,165500
2025-03-10 00:00:00+09:00,3062.470803721771,3076.9164207204585,3033.5795697243957,3038.394775390625,117600
2025-03-11 00:00:00+09:00,3019.1340129876594,3033.5796302746817,3009.5036014629777,3023.94921875,130700
2025-03-12 00:00:00+09:00,3023.9490788016733,3057.655517578125,3019.1338732621803,3057.655517578125,192000
2025-03-13 00:00:00+09:00,3057.6556183345733,3062.470824032738,3028.764384145585,3033.57958984375,277500
2025-03-14 00:00:00+09:00,3028.764364058167,3052.8403923893125,3023.9491583919375,3038.394775390625,414500
2025-03-17 00:00:00+09:00,3072.1010345458985,3096.1770614624024,3067.2858291625976,3081.7314453125,163300
2025-03-18 00:00:00+09:00,3105.807597157387,3139.5140361963045,3100.992391580399,3110.622802734375,150600
2025-03-19 00:00:00+09:00,3115.438111286251,3153.9597571754166,3105.80769981396,3144.329345703125,103600
2025-03-21 00:00:00+09:00,3129.8836884243797,3163.590128145873,3125.068482749881,3153.959716796875,143900
2025-03-24 00:00:00+09:00,3153.959572190505,3153.959572190505,3120.253134014423,3129.883544921875,127600
2025-03-25 00:00:00+09:00,3149.144592003888,3149.144592003888,3115.4381514166907,3134.698974609375,119700
2025-03-26 00:00:00+09:00,3144.329265437714,3163.590087890625,3110.62282614512,3163.590087890625,156900
2025-03-27 00:00:00+09:00,3144.329245523841,3173.220479020232,3134.6988343583776,3168.4052734375,173400
2025-03-28 00:00:00+09:00,3153.66845703125,3183.1419940128503,3153.66845703125,3153.66845703125,164200
2025-03-31 00:00:00+09:00,3114.37060546875,3153.668657272772,3114.37060546875,3114.37060546875,204300
2025-04-01 00:00:00+09:00,3134.0194370202853,3143.8439493620413,3079.984619140625,3079.984619140625,121200
2025-04-02 00:00:00+09:00,3079.98481950159,3079.98481950159,3040.686767578125,3040.686767578125,142400
2025-04-03 00:00:00+09:00,2996.476415456219,3025.949953968903,2986.651902618658,3001.388671875,222600
2025-04-04 00:00:00+09:00,2957.178387521805,2971.915156894837,2833.389524788334,2886.44189453125,396300
2025-04-07 00:00:00+09:00,2689.9516075070997,2772.47751511506,2653.600910108355,2724.33740234375,394600
2025-04-08 00:00:00+09:00,2809.8105344239966,2886.4417308173784,2806.863180716559,2851.073486328125,232900
2025-04-09 00:00:00+09:00,2826.5123273013683,2834.371937526746,2757.7407378293155,2798.021240234375,225100
2025-04-10 00:00:00+09:00,2945.388850105062,2945.388850105062,2888.406677554664,2914.932861328125,202000
2025-04-11 00:00:00+09:00,2869.740143888156,2899.213681826069,2817.670226864509,2897.248779296875,155300
2025-04-14 00:00:00+09:00,2914.933008455409,2932.617131863632,2899.2137876480997,2910.020751953125,103400
2025-04-15 00:00:00+09:00,2928.6872763961032,2932.6170815304827,2909.038250724207,2919.84521484375,89700
2025-04-16 00:00:00+09:00,2917.8801362990052,2928.6870997667793,2908.0556240555743,2925.73974609375,86000
2025-04-17 00:00:00+09:00,2908.0557790485573,2939.4942199031366,2906.0908764951464,2928.687255859375,86800
2025-04-18 00:00:00+09:00,2952.2660610801295,2991.5641118099816,2952.2660610801295,2986.65185546875,57200
2025-04-21 00:00:00+09:00,2981.7394538525714,2986.6517099544703,2962.090429444976,2967.002685546875,50500
2025-04-22 00:00:00+09:00,2957.1782210474157,2981.739501953125,2952.265964866274,2981.739501953125,54900
2025-04-23 00:00:00+09:00,3006.30078125,3016.1252936070264,2996.476268892974,3006.30078125,77100
2025-04-24 00:00:00+09:00,3011.213184712561,3021.0376975501226,2986.651902618658,3001.388671875,44100
2025-04-25 00:00:00+09:00,3006.300878428324,3035.774416452131,2996.4763657537214,3011.213134765625,91900
2025-04-28 00:00:00+09:00,3030.862207586115,3040.686720414595,3016.1254383433948,3025.949951171875,80900
2025-04-30 00:00:00+09:00,3040.686672789432,3040.686672789432,3011.213134765625,3011.213134765625,132900
2025-05-01 00:00:00+09:00,2996.476267315387,3030.862060546875,2996.476267315387,3030.862060546875,92500
2025-05-02 00:00:00+09:00,3030.862257767966,3050.5112837502543,3016.12548828125,3016.12548828125,97600
2025-05-07 00:00:00+09:00,3016.125339434224,3055.4233894594254,3016.125339434224,3045.598876953125,101400
2025-05-08 00:00:00+09:00,3040.68661875,3075.0724125,3035.7743625,3070.16015625,108100
2025-05-09 00:00:00+09:00,3094.7213845724586,3153.668458564315,3075.0723599085068,3129.107177734375,210300
2025-05-12 00:00:00+09:00,3124.1949672965115,3173.3175296753875,3104.545942344961,3168.4052734375,144600
2025-05-13 00:00:00+09:00,3168.4053705646525,3183.1421397300696,3148.756345010763,3173.317626953125,127600
2025-05-14 00:00:00+09:00,3168.405373226648,3178.2298860118467,3119.2828093006533,3148.75634765625,115500
2025-05-15 00:00:00+09:00,3138.931691616396,3153.6684601216375,3104.5458984375,3104.5458984375,95100
2025-05-16 00:00:00+09:00,3104.5458984375,3124.194923111155,3084.8968737638447,3104.5458984375,91400
2025-05-19 00:00:00+09:00,3109.4582496571315,3153.6685565242947,3104.545993338558,3134.01953125,105100
2025-05-20 00:00:00+09:00,3143.8441443217666,3153.668657272772,3109.4583489932475,3114.37060546875,86800
2025-05-21 00:00:00+09:00,3114.37060546875,3129.1073748952585,3109.4583489932475,3114.37060546875,96500
2025-05-22 00:00:00+09:00,3089.8093293018833,3104.5460987580127,3060.3357903896235,3065.248046875,122300
2025-05-23 00:00:00+09:00,3065.247947352707,3094.7214853080213,3060.335691026821,3084.89697265625,98800
2025-05-26 00:00:00+09:00,3104.5460925177445,3124.1951184197555,3104.5460925177445,3114.37060546875,81400
2025-05-27 00:00:00+09:00,3114.3704077224493,3173.3174816856504,3114.3704077224493,3153.66845703125,119000
2025-05-28 00:00:00+09:00,3168.4053254800156,3173.3175817985893,3134.01953125,3134.01953125,84400
2025-05-29 00:00:00+09:00,3134.0194323768496,3168.4052255220504,3134.0194323768496,3153.66845703125,101000
2025-05-30 00:00:00+09:00,3119.28271484375,3138.931739819144,3119.28271484375,3119.28271484375,183900
2025-06-02 00:00:00+09:00,3114.3704107743274,3114.3704107743274,3089.8091299322587,3104.5458984375,94000
2025-06-03 00:00:00+09:00,3104.5459979597927,3104.5459979597927,3079.9847163303643,3084.89697265625,101100
2025-06-04 00:00:00+09:00,3079.984813211074,3109.4583520934766,3075.0725567306736,3089.809326171875,149900
2025-06-05 00:00:00+09:00,3075.072410559276,3104.5459480406744,3065.247898065476,3094.721435546875,117100
2025-06-06 00:00:00+09:00,3099.633836042242,3129.1073748952585,3099.633836042242,3114.37060546875,125100
2025-06-09 00:00:00+09:00,3114.3705106115644,3129.1072795892214,3084.89697265625,3084.89697265625,116100
2025-06-10 00:00:00+09:00,3084.89697265625,3124.1950232633358,3084.89697265625,3084.89697265625,136900
2025-06-11 00:00:00+09:00,3089.8092735818345,3134.019581152958,3089.8092735818345,3124.195068359375,138600
2025-06-12 00:00:00+09:00,3124.1949672965115,3178.229785913275,3119.282711058624,3168.4052734375,175900
2025-06-13 00:00:00+09:00,3173.317483228267,3173.317483228267,3114.370409236411,3129.107177734375,163000
2025-06-16 00:00:00+09:00,3168.4053705646525,3192.9666525070143,3163.4931141761804,3173.317626953125,172400
2025-06-17 00:00:00+09:00,3163.49296935845,3168.4052255220504,3143.8439447040496,3153.66845703125,88000
2025-06-18 00:00:00+09:00,3153.66845703125,3158.58071319485,3143.8439447040496,3153.66845703125,96700
2025-06-19 00:00:00+09:00,3153.6685066223145,3173.3175315856934,3143.843994140625,3143.843994140625,112200
2025-06-20 00:00:00+09:00,3143.8441412363068,3173.317680060397,3138.931884765625,3138.931884765625,290900
2025-06-23 00:00:00+09:00,3148.7562979168692,3163.4930668618777,3134.0195289718604,3158.580810546875,115200
2025-06-24 00:00:00+09:00,3168.405228626879,3178.2297409637063,3099.633642269086,3104.5458984375,96200
2025-06-25 00:00:00+09:00,3099.633642269086,3109.4581546059135,3084.8968737638447,3104.5458984375,126700
2025-06-26 00:00:00+09:00,3114.370552908054,3148.75634765625,3114.370552908054,3148.75634765625,128200
2025-06-27 00:00:00+09:00,3158.580810546875,3163.4930668618777,3143.844041601866,3158.580810546875,134500
2025-06-30 00:00:00+09:00,3168.4053231768808,3168.4053231768808,3148.7562979168692,3158.580810546875,120900
2025-07-01 00:00:00+09:00,3153.6685066223145,3163.493019104004,3138.9317378997803,3143.843994140625,90600
2025-07-02 00:00:00+09:00,3124.1951153535797,3148.756397706988,3124.1951153535797,3138.931884765625,90900
2025-07-03 00:00:00+09:00,3138.931736010174,3173.3175296753875,3138.931736010174,3168.4052734375,114500
2025-07-04 00:00:00+09:00,3178.2299274596235,3212.61572265625,3178.2299274596235,3212.61572265625,121300
2025-07-07 00:00:00+09:00,3197.8788108648255,3207.7033233406005,3163.493017199612,3168.4052734375,107000
2025-07-08 00:00:00+09:00,3173.3174786713957,3207.7032717839343,3163.4929663535277,3202.791015625,125000
2025-07-09 00:00:00+09:00,3202.791160025248,3242.089211068502,3202.791160025248,3222.440185546875,87700
2025-07-10 00:00:00+09:00,3222.4402325967376,3242.089258405254,3202.7912067882207,3237.177001953125,151900
2025-07-11 00:00:00+09:00,3242.0891588305994,3271.5626966381506,3227.352389926824,3256.825927734375,93700
2025-07-14 00:00:00+09:00,3261.738181839446,3291.211719627152,3256.825925541495,3281.38720703125,95700
2025-07-15 00:00:00+09:00,3276.4750535701583,3276.4750535701583,3237.177001953125,3237.177001953125,99700
2025-07-16 00:00:00+09:00,3237.1769520908188,3256.8259775966812,3227.3524393378875,3247.00146484375,89100
2025-07-17 00:00:00+09:00,3242.089063391838,3242.089063391838,3222.440038765221,3227.352294921875,57300
2025-07-18 00:00:00+09:00,3237.1770049395545,3247.0015178528765,3202.791209742928,3212.61572265625,67000
2025-07-22 00:00:00+09:00,3212.615627712674,3232.2646529586227,3173.3175772207755,3183.14208984375,75100
2025-07-23 00:00:00+09:00,3192.9666998206376,3217.52798212695,3188.054443359375,3188.054443359375,107400
2025-07-24 00:00:00+09:00,3197.878856524574,3232.2646506807523,3192.9666002165486,3207.703369140625,113400
2025-07-25 00:00:00+09:00,3212.615675403226,3212.615675403226,3178.2298807123657,3197.87890625,87900
2025-07-28 00:00:00+09:00,3188.0543461552375,3202.791115089699,3173.3175772207755,3183.14208984375,78600
2025-07-29 00:00:00+09:00,3173.3176739755872,3192.9666998206376,3168.4054175143247,3188.054443359375,70300
2025-07-30 00:00:00+09:00,3188.054294638597,3217.52783203125,3183.1420384064886,3217.52783203125,73300
2025-07-31 00:00:00+09:00,3217.5277826085667,3242.089063391838,3207.703270295258,3227.352294921875,135300
2025-08-01 00:00:00+09:00,3242.089203381148,3296.1240234375,3227.3524342748697,3296.1240234375,100300
2025-08-04 00:00:00+09:00,3251.9137683546687,3276.475050592997,3247.001511907003,3261.73828125,89500
2025-08-05 00:00:00+09:00,3271.5627912170685,3286.299560546875,3266.6505347737993,3286.299560546875,69800
2025-08-06 00:00:00+09:00,3296.123922549977,3359.9832533892463,3291.211666331572,3340.334228515625,148700
2025-08-07 00:00:00+09:00,3310.8607426228177,3359.9833055697436,3281.3872048546623,3305.948486328125,128400
2025-08-08 00:00:00+09:00,3301.0361313700146,3325.597412109375,3296.1238752221425,3325.597412109375,120100
2025-08-12 00:00:00+09:00,3330.5098627059556,3364.8956577486424,3330.5098627059556,3335.422119140625,134800
2025-08-13 00:00:00+09:00,3335.422019768599,3359.983301210194,3325.597507191961,3355.071044921875,70500
2025-08-14 00:00:00+09:00,3350.1587907909293,3355.0710470824115,3330.509765625,3330.509765625,83600
2025-08-15 00:00:00+09:00,3335.422021916482,3340.3342782079644,3315.772996750553,3330.509765625,78100
2025-08-18 00:00:00+09:00,3310.8607875022944,3364.8956074763673,3310.8607875022944,3345.24658203125,88500
2025-08-19 00:00:00+09:00,3335.422119140625,3345.2466320099643,3325.5976062712857,3335.422119140625,71600
2025-08-20 00:00:00+09:00,3359.9832036977637,3379.632228280792,3340.334179114736,3350.15869140625,104400
2025-08-21 00:00:00+09:00,3350.1586899847616,3389.456739134143,3335.4219215537437,3374.719970703125,67200
2025-08-22 00:00:00+09:00,3374.719970703125,3384.54448299047,3359.983202272107,3374.719970703125,72600
2025-08-25 00:00:00+09:00,3374.7200679335483,3394.369093074355,3369.8078116483466,3379.63232421875,95600
2025-08-26 00:00:00+09:00,3374.7201648817354,3394.3691905870146,3364.895652029096,3384.544677734375,88600
2025-08-27 00:00:00+09:00,3359.9832990779432,3394.369093074355,3350.15878650754,3379.63232421875,110800
2025-08-28 00:00:00+09:00,3379.632369118175,3418.930419921875,3379.632369118175,3418.930419921875,171300
2025-08-29 00:00:00+09:00,3399.28125,3418.930274566474,3389.456737716763,3399.28125,76200
2025-09-01 00:00:00+09:00,3394.369093074355,3418.9303745003635,3374.7200679335483,3379.63232421875,114200
2025-09-02 00:00:00+09:00,3379.6323221049784,3418.9303723620133,3379.6323221049784,3404.193603515625,72400
2025-09-03 00:00:00+09:00,3399.281248598906,3428.754785436469,3394.3689924593123,3423.842529296875,98800
2025-09-04 00:00:00+09:00,3433.667236328125,3443.4917491645433,3414.018210655289,3433.667236328125,69100
2025-09-05 00:00:00+09:00,3433.6670388055827,3477.8773440262553,3433.6670388055827,3472.965087890625,82800
2025-09-08 00:00:00+09:00,3502.438770492704,3502.438770492704,3472.965232452092,3492.6142578125,75500
2025-09-09 00:00:00+09:00,3527.0000998446253,3546.6491254705006,3492.6143049993434,3507.35107421875,115100
2025-09-10 00:00:00+09:00,3502.438817812281,3531.912356251094,3502.438817812281,3507.35107421875,61100
2025-09-11 00:00:00+09:00,3517.1755870316874,3527.0000998446253,3497.526561405812,3507.35107421875,84100
2025-09-12 00:00:00+09:00,3502.438671192089,3526.999952196241,3502.438671192089,3512.26318359375,122600
2025-09-16 00:00:00+09:00,3512.26318531305,3522.0876977195203,3487.701904296875,3487.701904296875,158300
2025-09-17 00:00:00+09:00,3477.8773953683035,3482.789651576451,3428.7548332868305,3438.579345703125,149100
2025-09-18 00:00:00+09:00,3443.49169921875,3448.4039555657096,3418.9304174839513,3443.49169921875,126600
2025-09-19 00:00:00+09:00,3428.7548828125,3448.403907928904,3423.8426265333987,3428.7548828125,388500
2025-09-22 00:00:00+09:00,3418.93042239508,3428.7549351031116,3389.456884270984,3394.369140625,146500
2025-09-24 00:00:00+09:00,3404.193703439654,3404.193703439654,3384.544677734375,3384.544677734375,191500
2025-09-25 00:00:00+09:00,3399.281294326241,3463.140625,3389.456781914894,3463.140625,234500
2025-09-26 00:00:00+09:00,3477.8774373259052,3536.824512534819,3468.0529247910863,3527.0,250800
2025-09-29 00:00:00+09:00,3520.0,3540.0,3490.0,3525.0,115300
2025-09-30 00:00:00+09:00,3530.0,3530.0,3465.0,3490.0,117800
2025-10-01 00:00:00+09:00,3460.0,3460.0,3365.0,3390.0,125900
2025-10-02 00:00:00+09:00,3370.0,3395.0,3360.0,3380.0,118600
2025-10-03 00:00:00+09:00,3380.0,3435.0,3380.0,3425.0,132100
2025-10-06 00:00:00+09:00,3495.0,3495.0,3435.0,3450.0,93600
2025-10-07 00:00:00+09:00,3430.0,3460.0,3430.0,3455.0,82600
2025-10-08 00:00:00+09:00,3480.0,3495.0,3450.0,3465.0,108100
2025-10-09 00:00:00+09:00,3465.0,3490.0,3460.0,3480.0,84400
2025-10-10 00:00:00+09:00,3440.0,3445.0,3400.0,3400.0,110100
2025-10-14 00:00:00+09:00,3370.0,3435.0,3370.0,3410.0,180600
2025-10-15 00:00:00+09:00,3450.0,3475.0,3440.0,3460.0,112000
2025-10-16 00:00:00+09:00,3460.0,3475.0,3445.0,3450.0,84900
2025-10-17 00:00:00+09:00,3420.0,3430.0,3405.0,3415.0,65900
2025-10-20 00:00:00+09:00,3440.0,3445.0,3420.0,3440.0,65500
2025-10-21 00:00:00+09:00,3450.0,3465.0,3435.0,3450.0,84000
2025-10-22 00:00:00+09:00,3450.0,3495.0,3445.0,3495.0,96600
2025-10-23 00:00:00+09:00,3480.0,3530.0,3475.0,3525.0,87600
2025-10-24 00:00:00+09:00,3545.0,3550.0,3520.0,3535.0,93300
2025-10-27 00:00:00+09:00,3545.0,3590.0,3535.0,3580.0,111600
2025-10-28 00:00:00+09:00,3570.0,3570.0,3465.0,3470.0,116700
2025-10-29 00:00:00+09:00,3470.0,3470.0,3395.0,3395.0,115600
2025-10-30 00:00:00+09:00,3390.0,3460.0,3380.0,3460.0,711600
2025-10-31 00:00:00+09:00,3480.0,3490.0,3440.0,3455.0,99600
2025-11-04 00:00:00+09:00,3430.0,3520.0,3430.0,3490.0,104600
2025-11-05 00:00:00+09:00,3480.0,3500.0,3400.0,3450.0,101400
2025-11-06 00:00:00+09:00,3440.0,3550.0,3435.0,3465.0,130000
2025-11-07 00:00:00+09:00,3465.0,3480.0,3415.0,3455.0,95500
2025-11-10 00:00:00+09:00,3490.0,3535.0,3465.0,3530.0,109200
2025-11-11 00:00:00+09:00,3540.0,3540.0,3475.0,3490.0,63500
2025-11-12 00:00:00+09:00,3510.0,3560.0,3495.0,3530.0,97900
2025-11-13 00:00:00+09:00,3550.0,3560.0,3530.0,3550.0,61500
2025-11-14 00:00:00+09:00,3540.0,3570.0,3520.0,3560.0,73500
2025-11-17 00:00:00+09:00,3530.0,3565.0,3505.0,3525.0,85400
2025-11-18 00:00:00+09:00,3500.0,3530.0,3480.0,3505.0,73200
2025-11-19 00:00:00+09:00,3500.0,3510.0,3465.0,3495.0,79200
2025-11-20 00:00:00+09:00,3500.0,3530.0,3490.0,3520.0,72600
2025-11-21 00:00:00+09:00,3525.0,3590.0,3525.0,3590.0,95700
2025-11-25 00:00:00+09:00,3600.0,3615.0,3575.0,3605.0,97900
2025-11-26 00:00:00+09:00,3615.0,3650.0,3600.0,3650.0,77100
2025-11-27 00:00:00+09:00,3660.0,3675.0,3645.0,3650.0,44800
2025-11-28 00:00:00+09:00,3660.0,3705.0,3645.0,3705.0,80600
2025-12-01 00:00:00+09:00,3710.0,3710.0,3620.0,3630.0,58400
2025-12-02 00:00:00+09:00,3625.0,3645.0,3595.0,3620.0,76000
2025-12-03 00:00:00+09:00,3610.0,3630.0,3585.0,3615.0,102900
2025-12-04 00:00:00+09:00,3610.0,3610.0,3560.0,3595.0,255400
2025-12-05 00:00:00+09:00,3600.0,3600.0,3555.0,3565.0,127600
2025-12-08 00:00:00+09:00,3570.0,3605.0,3550.0,3605.0,99400
2025-12-09 00:00:00+09:00,3620.0,3630.0,3570.0,3615.0,146800
2025-12-10 00:00:00+09:00,3640.0,3645.0,3605.0,3625.0,95700
2025-12-11 00:00:00+09:00,3640.0,3640.0,3600.0,3605.0,57400
2025-12-12 00:00:00+09:00,3650.0,3660.0,3625.0,3660.0,137100
2025-12-15 00:00:00+09:00,3660.0,3705.0,3650.0,3690.0,72100
2025-12-16 00:00:00+09:00,3695.0,3700.0,3660.0,3660.0,82100
2025-12-17 00:00:00+09:00,3670.0,3670.0,3620.0,3650.0,58500
2025-12-18 00:00:00+09:00,3665.0,3700.0,3640.0,3690.0,70000
2025-12-19 00:00:00+09:00,3690.0,3735.0,3690.0,3735.0,144200
2025-12-22 00:00:00+09:00,3750.0,3755.0,3710.0,3720.0,74200
2025-12-23 00:00:00+09:00,3705.0,3750.0,3705.0,3730.0,54600
2025-12-24 00:00:00+09:00,3730.0,3745.0,3715.0,3720.0,54200
2025-12-25 00:00:00+09:00,3745.0,3750.0,3720.0,3750.0,72600
2025-12-26 00:00:00+09:00,3750.0,3775.0,3705.0,3725.0,83900
2025-12-29 00:00:00+09:00,3730.0,3760.0,3720.0,3760.0,72200
2025-12-30 00:00:00+09:00,3780.0,3780.0,3745.0,3745.0,48400
2026-01-05 00:00:00+09:00,3755.0,3775.0,3735.0,3745.0,72900
2026-01-06 00:00:00+09:00,3765.0,3805.0,3755.0,3795.0,83800
2026-01-07 00:00:00+09:00,3780.0,3840.0,3770.0,3830.0,77400
2026-01-08 00:00:00+09:00,3810.0,3835.0,3795.0,3800.0,77400
2026-01-09 00:00:00+09:00,3820.0,3840.0,3810.0,3815.0,71400
2026-01-13 00:00:00+09:00,3885.0,3925.0,3865.0,3890.0,109700
2026-01-14 00:00:00+09:00,3865.0,3920.0,3855.0,3920.0,115900
2026-01-15 00:00:00+09:00,3920.0,3970.0,3920.0,3955.0,85700
2026-01-16 00:00:00+09:00,3950.0,4035.0,3930.0,4015.0,110100
2026-01-19 00:00:00+09:00,4020.0,4020.0,3955.0,3985.0,70800
2026-01-20 00:00:00+09:00,3980.0,3980.0,3920.0,3945.0,74300
2026-01-21 00:00:00+09:00,3905.0,3955.0,3905.0,3940.0,72400
2026-01-22 00:00:00+09:00,3980.0,4060.0,3960.0,4035.0,84100
2026-01-23 00:00:00+09:00,4030.0,4050.0,4010.0,4020.0,67900
