Date,Open,High,Low,Close,Volume
2012-11-30 00:00:00+09:00,387.5,417.5,350.25,350.25,8236800
2012-12-03 00:00:00+09:00,335.25,340.75,315.0,323.0,1051200
2012-12-04 00:00:00+09:00,323.75,349.75,322.75,324.75,540800
2012-12-05 00:00:00+09:00,327.25,335.0,303.0,305.75,364400
2012-12-06 00:00:00+09:00,303.75,336.75,303.0,329.0,590400
2012-12-07 00:00:00+09:00,363.0,404.0,355.0,404.0,2732000
2012-12-10 00:00:00+09:00,417.5,450.0,412.5,446.75,2945200
2012-12-11 00:00:00+09:00,437.5,446.25,401.25,401.25,989200
2012-12-12 00:00:00+09:00,391.25,396.25,345.0,360.25,1416000
2012-12-13 00:00:00+09:00,367.5,392.5,356.25,360.5,1314800
2012-12-14 00:00:00+09:00,381.75,435.5,368.0,435.5,2612000
2012-12-17 00:00:00+09:00,415.5,445.0,401.0,418.75,1218800
2012-12-18 00:00:00+09:00,419.5,456.25,400.0,420.0,2081200
2012-12-19 00:00:00+09:00,425.0,469.75,418.75,450.0,1902400
2012-12-20 00:00:00+09:00,462.5,495.0,446.25,495.0,1970000
2012-12-21 00:00:00+09:00,494.5,549.5,472.0,512.75,3650800
2012-12-25 00:00:00+09:00,500.25,511.5,433.0,439.25,2803200
2012-12-26 00:00:00+09:00,461.25,470.0,418.75,436.25,1396000
2012-12-27 00:00:00+09:00,436.5,436.5,402.5,413.25,578800
2012-12-28 00:00:00+09:00,409.0,435.0,402.5,405.0,623600
2013-01-04 00:00:00+09:00,417.5,429.25,387.5,427.25,777200
2013-01-07 00:00:00+09:00,427.5,460.0,408.75,439.5,889600
2013-01-08 00:00:00+09:00,441.5,470.5,420.0,420.0,976400
2013-01-09 00:00:00+09:00,429.25,442.0,422.75,429.25,439200
2013-01-10 00:00:00+09:00,425.25,427.5,403.5,421.5,1064000
2013-01-11 00:00:00+09:00,425.5,448.75,415.0,426.25,783600
2013-01-15 00:00:00+09:00,426.0,452.5,420.0,428.25,854400
2013-01-16 00:00:00+09:00,431.25,447.5,420.0,425.0,676400
2013-01-17 00:00:00+09:00,425.0,509.75,422.5,477.75,3942000
2013-01-18 00:00:00+09:00,492.5,574.25,485.0,567.5,7200800
2013-01-21 00:00:00+09:00,555.0,654.5,530.0,625.0,5439200
2013-01-22 00:00:00+09:00,612.5,696.0,580.0,609.0,3404000
2013-01-23 00:00:00+09:00,585.0,667.5,562.5,592.5,2563600
2013-01-24 00:00:00+09:00,600.5,621.5,595.0,609.25,1235200
2013-01-25 00:00:00+09:00,634.25,687.5,627.0,667.5,2413200
2013-01-28 00:00:00+09:00,700.0,792.5,693.0,792.5,2907200
2013-01-29 00:00:00+09:00,827.5,842.5,617.5,617.5,2385200
2013-01-30 00:00:00+09:00,600.0,615.25,495.0,544.5,2728400
2013-01-31 00:00:00+09:00,555.0,570.0,508.5,535.25,1142000
2013-02-01 00:00:00+09:00,530.5,562.5,514.25,532.5,928400
2013-02-04 00:00:00+09:00,537.5,540.0,511.5,512.5,499600
2013-02-05 00:00:00+09:00,513.0,537.5,500.0,531.0,642000
2013-02-06 00:00:00+09:00,537.75,562.5,535.0,555.0,790400
2013-02-07 00:00:00+09:00,545.0,548.75,525.0,535.0,299200
2013-02-08 00:00:00+09:00,544.75,555.0,526.25,536.25,269200
2013-02-12 00:00:00+09:00,538.75,540.0,452.0,463.75,613600
2013-02-13 00:00:00+09:00,445.0,487.25,430.0,486.25,649600
2013-02-14 00:00:00+09:00,494.75,505.0,470.0,497.5,293200
2013-02-15 00:00:00+09:00,500.0,514.75,442.5,472.5,324000
2013-02-18 00:00:00+09:00,448.0,462.0,431.25,435.0,369600
2013-02-19 00:00:00+09:00,412.5,423.75,403.0,411.5,440800
2013-02-20 00:00:00+09:00,424.75,431.25,401.5,415.25,361200
2013-02-21 00:00:00+09:00,420.5,469.75,420.5,438.0,428400
2013-02-22 00:00:00+09:00,458.0,462.5,447.5,458.25,256400
2013-02-25 00:00:00+09:00,478.25,526.0,467.5,507.5,1035600
2013-02-26 00:00:00+09:00,495.0,512.5,475.0,498.75,513600
2013-02-27 00:00:00+09:00,525.0,554.5,502.5,532.75,818400
2013-02-28 00:00:00+09:00,545.25,552.0,510.25,518.75,464000
2013-03-01 00:00:00+09:00,562.5,642.5,557.0,615.25,1971600
2013-03-04 00:00:00+09:00,677.75,735.0,657.5,725.5,1928800
2013-03-05 00:00:00+09:00,713.0,719.0,652.5,664.25,1297600
2013-03-06 00:00:00+09:00,676.75,697.25,642.5,685.75,1059600
2013-03-07 00:00:00+09:00,724.75,732.5,677.5,678.25,1017600
2013-03-08 00:00:00+09:00,662.5,673.25,635.0,635.25,601600
2013-03-11 00:00:00+09:00,597.75,605.0,516.25,560.75,843200
2013-03-12 00:00:00+09:00,582.5,582.5,522.0,527.5,429600
2013-03-13 00:00:00+09:00,552.5,581.25,540.25,566.25,419600
2013-03-14 00:00:00+09:00,590.0,607.5,560.0,607.5,588400
2013-03-15 00:00:00+09:00,645.0,661.25,582.5,607.25,608000
2013-03-18 00:00:00+09:00,622.25,664.5,614.0,651.75,575600
2013-03-19 00:00:00+09:00,676.75,719.5,640.0,700.25,1346400
2013-03-21 00:00:00+09:00,700.0,700.0,620.0,669.75,846800
2013-03-22 00:00:00+09:00,682.25,692.5,644.25,655.0,424000
2013-03-25 00:00:00+09:00,630.0,667.0,600.0,653.25,445600
2013-03-26 00:00:00+09:00,653.75,704.75,653.75,703.5,726800
2013-03-27 00:00:00+09:00,712.5,722.5,682.5,700.0,437600
2013-03-28 00:00:00+09:00,715.0,825.0,715.0,825.0,2448000
2013-03-29 00:00:00+09:00,798.75,847.5,753.75,767.5,1286000
2013-04-01 00:00:00+09:00,767.5,780.0,601.75,631.25,1251200
2013-04-02 00:00:00+09:00,607.5,690.0,587.5,645.25,582400
2013-04-03 00:00:00+09:00,640.0,700.0,640.0,685.0,485200
2013-04-04 00:00:00+09:00,662.5,698.75,650.0,673.0,394800
2013-04-05 00:00:00+09:00,673.75,675.0,650.0,652.5,353600
2013-04-08 00:00:00+09:00,692.25,768.75,675.0,737.5,978800
2013-04-09 00:00:00+09:00,735.0,832.5,713.0,726.5,1051200
2013-04-10 00:00:00+09:00,717.5,755.0,712.5,727.5,378800
2013-04-11 00:00:00+09:00,746.75,746.75,700.0,710.0,235200
2013-04-12 00:00:00+09:00,710.0,739.75,701.5,710.0,186000
2013-04-15 00:00:00+09:00,722.5,775.0,715.25,760.0,437600
2013-04-16 00:00:00+09:00,730.0,755.0,730.0,743.75,165200
2013-04-17 00:00:00+09:00,768.75,850.0,757.5,850.0,1150800
2013-04-18 00:00:00+09:00,832.5,902.5,795.0,812.5,1177200
2013-04-19 00:00:00+09:00,847.5,987.5,837.5,987.5,1715200
2013-04-22 00:00:00+09:00,1048.75,1162.5,1012.5,1101.25,1826800
2013-04-23 00:00:00+09:00,1082.5,1225.0,1052.5,1135.0,1210400
2013-04-24 00:00:00+09:00,1138.75,1310.0,1115.0,1310.0,1540000
2013-04-25 00:00:00+09:00,1425.0,1560.0,1327.5,1557.5,1496000
2013-04-26 00:00:00+09:00,1482.5,1805.0,1402.5,1800.0,1632000
2013-04-30 00:00:00+09:00,1950.0,2175.0,1930.0,2175.0,936400
2013-05-01 00:00:00+09:00,2437.5,2500.0,1800.0,1865.0,1875200
2013-05-02 00:00:00+09:00,1890.0,2240.0,1775.0,2240.0,1583200
2013-05-07 00:00:00+09:00,2367.5,2615.0,2367.5,2615.0,1628800
2013-05-08 00:00:00+09:00,2615.0,2785.0,2250.0,2397.5,1938000
2013-05-09 00:00:00+09:00,2400.0,2425.0,2022.5,2022.5,1338800
2013-05-10 00:00:00+09:00,2007.5,2137.5,1845.0,2057.5,905600
2013-05-13 00:00:00+09:00,2095.0,2105.0,1942.5,1975.0,534400
2013-05-14 00:00:00+09:00,1942.5,2350.0,1912.5,2350.0,1060000
2013-05-15 00:00:00+09:00,2275.0,2370.0,1975.0,1975.0,1202400
2013-05-16 00:00:00+09:00,1900.0,2022.5,1600.0,1925.0,1206800
2013-05-17 00:00:00+09:00,1850.0,2052.5,1727.5,1950.0,818000
2013-05-20 00:00:00+09:00,2025.0,2242.5,2000.0,2097.5,850800
2013-05-21 00:00:00+09:00,2107.5,2222.5,1915.0,1965.0,518400
2013-05-22 00:00:00+09:00,1935.0,2092.5,1730.0,1862.5,478000
2013-05-23 00:00:00+09:00,1825.0,2037.5,1487.5,1492.5,982800
2013-05-24 00:00:00+09:00,1625.0,1712.5,1405.0,1600.0,848800
2013-05-27 00:00:00+09:00,1625.0,1732.5,1450.0,1570.0,504400
2013-05-28 00:00:00+09:00,1512.5,1695.0,1512.5,1695.0,544400
2013-05-29 00:00:00+09:00,1800.0,1912.5,1750.0,1815.0,911200
2013-05-30 00:00:00+09:00,1690.0,1750.0,1500.0,1612.5,753600
2013-05-31 00:00:00+09:00,1712.5,1862.5,1652.5,1862.5,1296000
2013-06-03 00:00:00+09:00,2237.5,2237.5,2237.5,2237.5,304000
2013-06-04 00:00:00+09:00,2462.5,2612.5,1880.0,2045.0,3708400
2013-06-05 00:00:00+09:00,2097.5,2097.5,1700.0,1825.0,1206000
2013-06-06 00:00:00+09:00,1712.5,1775.0,1450.0,1450.0,1469200
2013-06-07 00:00:00+09:00,1250.0,1325.0,1200.0,1200.0,680000
2013-06-10 00:00:00+09:00,1265.0,1325.0,1025.0,1232.5,4348000
2013-06-11 00:00:00+09:00,1215.0,1350.0,1126.25,1142.5,1446000
2013-06-12 00:00:00+09:00,1072.5,1260.0,1050.0,1190.0,1646800
2013-06-13 00:00:00+09:00,1216.25,1325.0,1155.0,1175.0,1762400
2013-06-14 00:00:00+09:00,1245.0,1267.5,1042.5,1055.0,1399600
2013-06-17 00:00:00+09:00,1072.5,1075.0,966.25,1005.0,768000
2013-06-18 00:00:00+09:00,1008.75,1100.0,995.0,1012.5,824000
2013-06-19 00:00:00+09:00,1038.75,1086.25,838.75,908.75,1279600
2013-06-20 00:00:00+09:00,926.25,1037.5,910.0,958.75,1123600
2013-06-21 00:00:00+09:00,906.25,950.0,865.0,927.5,976800
2013-06-24 00:00:00+09:00,962.5,997.5,852.5,867.5,590000
2013-06-25 00:00:00+09:00,815.0,825.0,722.5,767.5,1188800
2013-06-26 00:00:00+09:00,792.5,797.5,592.5,592.75,1545200
2013-06-27 00:00:00+09:00,630.25,717.5,518.5,646.75,2330000
2013-06-28 00:00:00+09:00,634.25,772.5,612.5,744.0,1750000
2013-07-01 00:00:00+09:00,757.5,870.0,757.5,870.0,1461200
2013-07-02 00:00:00+09:00,905.0,1021.25,853.75,978.75,2236400
2013-07-03 00:00:00+09:00,1025.0,1073.75,940.0,1025.0,1240800
2013-07-04 00:00:00+09:00,1000.0,1067.5,912.5,977.5,1093600
2013-07-05 00:00:00+09:00,982.5,1152.5,940.0,1152.5,1730000
2013-07-08 00:00:00+09:00,1205.0,1327.5,1153.75,1228.75,3360800
2013-07-09 00:00:00+09:00,1212.5,1217.5,1082.5,1152.5,1379600
2013-07-10 00:00:00+09:00,1137.5,1137.5,977.5,987.5,2143200
2013-07-11 00:00:00+09:00,952.5,1070.0,950.0,1006.25,1277200
2013-07-12 00:00:00+09:00,988.75,1026.25,918.75,1005.0,1176000
2013-07-16 00:00:00+09:00,1005.0,1071.25,950.0,1001.25,1456000
2013-07-17 00:00:00+09:00,975.0,995.0,945.0,953.75,523600
2013-07-18 00:00:00+09:00,945.0,1000.0,930.0,978.75,2202400
2013-07-19 00:00:00+09:00,980.0,998.75,937.5,956.25,404000
2013-07-22 00:00:00+09:00,973.75,1025.0,955.0,957.5,400400
2013-07-23 00:00:00+09:00,950.0,1022.5,942.5,1022.5,847600
2013-07-24 00:00:00+09:00,1035.0,1195.0,1006.25,1143.75,2135600
2013-07-25 00:00:00+09:00,1126.25,1166.25,1087.5,1150.0,1027600
2013-07-26 00:00:00+09:00,1167.5,1272.5,1137.5,1227.5,1549200
2013-07-29 00:00:00+09:00,1203.75,1212.5,1052.5,1052.5,1592400
2013-07-30 00:00:00+09:00,1017.5,1113.75,960.0,1035.0,1038800
2013-07-31 00:00:00+09:00,1000.0,1025.0,860.0,862.5,982000
2013-08-01 00:00:00+09:00,880.0,918.75,747.5,815.0,1017200
2013-08-02 00:00:00+09:00,875.0,925.0,830.0,903.75,666000
2013-08-05 00:00:00+09:00,851.25,990.0,851.25,967.5,729200
2013-08-06 00:00:00+09:00,1142.5,1142.5,1006.25,1012.5,2963600
2013-08-07 00:00:00+09:00,980.0,997.5,925.0,928.75,873200
2013-08-08 00:00:00+09:00,901.25,1007.5,891.25,903.75,1022400
2013-08-09 00:00:00+09:00,932.5,962.5,845.0,895.0,530400
2013-08-12 00:00:00+09:00,860.0,1005.0,825.0,855.0,1514800
2013-08-13 00:00:00+09:00,841.25,941.25,782.5,933.75,938000
2013-08-14 00:00:00+09:00,973.75,998.75,895.0,943.75,711200
2013-08-15 00:00:00+09:00,917.5,982.5,912.5,948.75,387200
2013-08-16 00:00:00+09:00,922.5,975.0,915.0,965.0,448800
2013-08-19 00:00:00+09:00,960.0,1012.5,960.0,1000.0,568000
2013-08-20 00:00:00+09:00,991.25,1010.0,962.5,968.75,577200
2013-08-21 00:00:00+09:00,977.5,987.5,915.0,933.75,422800
2013-08-22 00:00:00+09:00,925.0,947.5,858.75,873.75,384800
2013-08-23 00:00:00+09:00,912.5,950.0,870.0,891.25,440000
2013-08-26 00:00:00+09:00,875.0,896.25,857.5,872.5,215200
2013-08-27 00:00:00+09:00,862.5,882.5,801.25,835.0,603200
2013-08-28 00:00:00+09:00,775.0,808.75,750.0,767.5,619600
2013-08-29 00:00:00+09:00,772.5,792.5,745.0,751.25,433200
2013-08-30 00:00:00+09:00,768.75,800.0,725.0,771.25,498000
2013-09-02 00:00:00+09:00,753.75,782.5,725.0,725.75,351600
2013-09-03 00:00:00+09:00,741.25,835.0,741.25,807.5,633600
2013-09-04 00:00:00+09:00,790.0,872.5,786.25,858.75,504000
2013-09-05 00:00:00+09:00,891.25,892.5,826.25,845.0,304400
2013-09-06 00:00:00+09:00,862.5,862.5,777.5,785.0,349200
2013-09-09 00:00:00+09:00,802.5,820.0,778.75,788.75,137600
2013-09-10 00:00:00+09:00,790.0,813.75,751.25,758.75,228000
2013-09-11 00:00:00+09:00,763.75,857.5,750.0,807.5,657200
2013-09-12 00:00:00+09:00,822.5,882.5,792.5,873.75,584400
2013-09-13 00:00:00+09:00,840.0,908.75,828.75,890.0,649200
2013-09-17 00:00:00+09:00,923.75,961.25,881.25,901.25,489200
2013-09-18 00:00:00+09:00,937.5,1020.0,937.5,998.75,936800
2013-09-19 00:00:00+09:00,1015.0,1055.0,950.0,992.5,722000
2013-09-20 00:00:00+09:00,996.25,1018.75,968.75,1011.25,376000
2013-09-24 00:00:00+09:00,1000.0,1016.25,975.0,1011.25,272400
2013-09-25 00:00:00+09:00,1011.25,1011.25,933.75,961.25,401200
2013-09-26 00:00:00+09:00,961.25,1011.25,957.5,1010.0,361200
2013-09-27 00:00:00+09:00,1016.25,1137.5,1007.5,1130.0,1009600
2013-09-30 00:00:00+09:00,1112.5,1168.75,1085.0,1116.25,842800
2013-10-01 00:00:00+09:00,1131.25,1195.0,1050.0,1057.5,728800
2013-10-02 00:00:00+09:00,1047.5,1086.25,978.75,1020.0,484800
2013-10-03 00:00:00+09:00,1002.5,1050.0,991.25,1035.0,279200
2013-10-04 00:00:00+09:00,1007.5,1031.25,940.0,1015.0,360800
2013-10-07 00:00:00+09:00,1007.5,1012.5,895.0,901.25,640400
2013-10-08 00:00:00+09:00,857.5,928.75,840.0,898.75,346800
2013-10-09 00:00:00+09:00,875.0,950.0,872.5,935.0,218800
2013-10-10 00:00:00+09:00,938.75,962.5,895.0,905.0,249200
2013-10-11 00:00:00+09:00,936.25,953.75,921.25,950.0,221200
2013-10-15 00:00:00+09:00,956.25,972.5,925.0,926.25,224000
2013-10-16 00:00:00+09:00,921.25,927.5,887.5,896.25,249200
2013-10-17 00:00:00+09:00,925.0,925.0,898.75,900.0,116400
2013-10-18 00:00:00+09:00,893.75,936.25,893.75,897.5,164000
2013-10-21 00:00:00+09:00,907.5,920.0,900.0,911.25,149200
2013-10-22 00:00:00+09:00,910.0,910.0,877.5,886.25,160400
2013-10-23 00:00:00+09:00,886.25,896.25,843.75,857.5,251600
2013-10-24 00:00:00+09:00,855.0,912.5,838.75,893.75,245600
2013-10-25 00:00:00+09:00,891.25,891.25,863.75,876.25,145600
2013-10-28 00:00:00+09:00,891.25,891.25,851.25,851.25,125600
2013-10-29 00:00:00+09:00,851.25,895.0,851.25,877.5,198000
2013-10-30 00:00:00+09:00,860.0,871.25,800.0,815.0,292400
2013-10-31 00:00:00+09:00,812.5,822.5,757.5,771.25,239600
2013-11-01 00:00:00+09:00,761.25,787.5,722.5,780.0,430400
2013-11-05 00:00:00+09:00,765.0,825.0,750.0,822.5,248800
2013-11-06 00:00:00+09:00,811.25,825.0,772.5,782.5,219200
2013-11-07 00:00:00+09:00,800.0,820.0,782.5,806.25,173600
2013-11-08 00:00:00+09:00,788.75,795.0,758.75,765.0,169200
2013-11-11 00:00:00+09:00,777.5,795.0,767.5,781.25,190000
2013-11-12 00:00:00+09:00,733.75,770.0,722.75,751.25,444400
2013-11-13 00:00:00+09:00,753.75,760.0,740.25,745.75,149200
2013-11-14 00:00:00+09:00,750.0,793.75,749.75,778.75,226400
2013-11-15 00:00:00+09:00,775.0,817.5,763.75,788.75,170000
2013-11-18 00:00:00+09:00,806.25,835.0,787.5,822.5,255200
2013-11-19 00:00:00+09:00,815.0,817.5,781.25,787.5,166000
2013-11-20 00:00:00+09:00,787.5,832.5,787.5,825.0,304400
2013-11-21 00:00:00+09:00,827.5,827.5,787.5,795.0,259600
2013-11-22 00:00:00+09:00,800.0,810.0,768.75,776.25,131600
2013-11-25 00:00:00+09:00,773.75,776.25,755.0,756.25,115200
2013-11-26 00:00:00+09:00,760.0,780.0,758.75,770.0,104400
2013-11-27 00:00:00+09:00,766.25,767.5,745.0,746.25,151200
2013-11-28 00:00:00+09:00,755.0,755.0,729.0,744.75,202000
2013-11-29 00:00:00+09:00,756.25,763.75,745.25,756.25,124800
2013-12-02 00:00:00+09:00,756.25,788.75,751.25,785.0,201600
2013-12-03 00:00:00+09:00,800.0,818.75,786.25,812.5,220000
2013-12-04 00:00:00+09:00,810.0,810.0,777.5,788.75,94000
2013-12-05 00:00:00+09:00,788.75,835.0,781.25,806.25,436800
2013-12-06 00:00:00+09:00,793.75,797.5,753.75,766.25,276800
2013-12-09 00:00:00+09:00,767.5,771.25,752.5,758.75,122400
2013-12-10 00:00:00+09:00,758.75,780.0,752.5,761.25,146400
2013-12-11 00:00:00+09:00,758.75,772.5,751.25,761.25,143600
2013-12-12 00:00:00+09:00,760.0,760.0,750.0,755.0,114400
2013-12-13 00:00:00+09:00,765.0,765.0,745.0,745.75,126000
2013-12-16 00:00:00+09:00,738.75,742.25,700.0,701.5,359200
2013-12-17 00:00:00+09:00,703.75,718.75,685.0,687.5,168400
2013-12-18 00:00:00+09:00,677.25,698.0,642.75,650.5,482000
2013-12-19 00:00:00+09:00,653.25,684.75,652.75,657.0,305200
2013-12-20 00:00:00+09:00,648.75,664.0,641.5,643.75,218800
2013-12-24 00:00:00+09:00,631.5,641.75,595.0,601.25,428800
2013-12-25 00:00:00+09:00,590.25,644.75,588.0,624.5,424800
2013-12-26 00:00:00+09:00,642.5,672.5,635.75,671.75,293600
2013-12-27 00:00:00+09:00,660.0,671.75,645.75,662.0,195600
2013-12-30 00:00:00+09:00,650.5,698.25,648.0,692.5,201200
2014-01-06 00:00:00+09:00,690.5,710.75,684.0,702.25,138400
2014-01-07 00:00:00+09:00,700.0,718.25,663.75,666.5,257200
2014-01-08 00:00:00+09:00,675.0,679.75,663.75,679.75,92400
2014-01-09 00:00:00+09:00,675.0,686.5,666.0,675.5,91600
2014-01-10 00:00:00+09:00,675.5,712.5,675.5,676.5,125200
2014-01-14 00:00:00+09:00,664.0,675.0,650.0,671.0,119600
2014-01-15 00:00:00+09:00,670.0,685.25,670.0,680.0,66400
2014-01-16 00:00:00+09:00,712.0,712.25,683.75,689.5,118400
2014-01-17 00:00:00+09:00,689.5,689.75,665.5,678.5,83200
2014-01-20 00:00:00+09:00,677.75,680.0,664.5,677.5,90800
2014-01-21 00:00:00+09:00,687.25,687.25,668.0,668.0,63200
2014-01-22 00:00:00+09:00,669.5,793.75,669.5,793.75,2386000
2014-01-23 00:00:00+09:00,758.75,765.0,708.0,713.75,1202400
2014-01-24 00:00:00+09:00,688.75,710.0,681.75,682.75,375200
2014-01-27 00:00:00+09:00,645.0,675.0,642.5,647.5,324800
2014-01-28 00:00:00+09:00,655.0,665.0,607.5,618.25,242400
2014-01-29 00:00:00+09:00,632.5,645.0,621.25,633.75,118000
2014-01-30 00:00:00+09:00,671.25,671.75,613.25,623.5,253200
2014-01-31 00:00:00+09:00,619.0,639.75,583.75,597.5,269200
2014-02-03 00:00:00+09:00,580.0,582.5,502.5,502.75,321600
2014-02-04 00:00:00+09:00,420.25,475.0,420.0,445.5,441600
2014-02-05 00:00:00+09:00,475.0,481.25,425.25,447.75,312800
2014-02-06 00:00:00+09:00,427.75,507.5,427.75,494.25,415600
2014-02-07 00:00:00+09:00,495.0,508.0,466.0,478.0,198400
2014-02-10 00:00:00+09:00,483.25,520.0,478.75,492.5,175600
2014-02-12 00:00:00+09:00,525.0,546.75,515.0,515.75,158400
2014-02-13 00:00:00+09:00,490.75,500.0,480.75,480.75,156000
2014-02-14 00:00:00+09:00,476.25,518.75,472.0,482.0,144000
2014-02-17 00:00:00+09:00,483.75,518.75,466.5,499.25,233600
2014-02-18 00:00:00+09:00,489.25,509.75,479.0,509.75,122400
2014-02-19 00:00:00+09:00,502.25,634.75,501.0,634.75,176400
2014-02-20 00:00:00+09:00,672.25,724.75,618.0,636.25,1876400
2014-02-21 00:00:00+09:00,631.0,648.25,608.75,635.0,331600
2014-02-24 00:00:00+09:00,645.75,687.5,645.0,679.0,392400
2014-02-25 00:00:00+09:00,691.5,705.0,650.75,655.75,320000
2014-02-26 00:00:00+09:00,643.25,644.75,611.25,626.25,382800
2014-02-27 00:00:00+09:00,637.5,637.5,595.0,596.5,198800
2014-02-28 00:00:00+09:00,615.0,625.25,593.75,605.0,155200
2014-03-03 00:00:00+09:00,580.0,580.5,545.0,546.5,257600
2014-03-04 00:00:00+09:00,540.75,556.25,535.0,551.25,118800
2014-03-05 00:00:00+09:00,570.0,592.75,562.5,568.0,198000
2014-03-06 00:00:00+09:00,568.0,575.0,555.0,570.25,82000
2014-03-07 00:00:00+09:00,582.75,599.25,573.0,593.75,157600
2014-03-10 00:00:00+09:00,588.0,601.25,587.75,600.0,104800
2014-03-11 00:00:00+09:00,595.0,595.75,557.5,575.0,153200
2014-03-12 00:00:00+09:00,567.75,586.25,559.25,566.25,98000
2014-03-13 00:00:00+09:00,558.75,566.5,545.0,545.0,115600
2014-03-14 00:00:00+09:00,520.0,530.0,503.5,509.0,153200
2014-03-17 00:00:00+09:00,503.0,550.0,503.0,516.25,113200
2014-03-18 00:00:00+09:00,528.75,545.0,527.75,535.75,57600
2014-03-19 00:00:00+09:00,550.0,559.5,532.5,543.5,121200
2014-03-20 00:00:00+09:00,540.0,549.75,516.25,543.5,108800
2014-03-24 00:00:00+09:00,545.0,561.0,545.0,555.0,96800
2014-03-25 00:00:00+09:00,550.0,558.75,516.5,518.75,78800
2014-03-26 00:00:00+09:00,513.75,537.25,509.0,509.0,98800
2014-03-27 00:00:00+09:00,497.0,524.25,476.75,502.5,211200
2014-03-28 00:00:00+09:00,496.25,537.5,496.0,530.75,151200
2014-03-31 00:00:00+09:00,530.75,549.25,520.25,523.75,74800
2014-04-01 00:00:00+09:00,521.5,547.0,520.25,546.5,81600
2014-04-02 00:00:00+09:00,550.0,568.5,547.25,568.25,137600
2014-04-03 00:00:00+09:00,567.5,567.5,553.5,558.0,51600
2014-04-04 00:00:00+09:00,545.5,557.25,544.0,546.25,58800
2014-04-07 00:00:00+09:00,527.5,533.75,520.0,523.0,60000
2014-04-08 00:00:00+09:00,515.25,540.0,508.25,523.0,49200
2014-04-09 00:00:00+09:00,512.75,528.25,512.75,513.25,62800
2014-04-10 00:00:00+09:00,521.25,542.25,510.5,519.5,128800
2014-04-11 00:00:00+09:00,495.5,497.5,483.0,483.75,180400
2014-04-14 00:00:00+09:00,483.75,489.75,472.25,475.25,95600
2014-04-15 00:00:00+09:00,478.25,491.25,472.75,473.75,52000
2014-04-16 00:00:00+09:00,468.75,487.0,462.5,480.0,70800
2014-04-17 00:00:00+09:00,485.0,492.75,481.25,485.5,40400
2014-04-18 00:00:00+09:00,485.5,491.5,483.75,487.5,44800
2014-04-21 00:00:00+09:00,491.75,496.5,476.25,476.5,44400
2014-04-22 00:00:00+09:00,474.5,491.25,463.75,463.75,97600
2014-04-23 00:00:00+09:00,465.25,486.0,454.25,480.5,80800
2014-04-24 00:00:00+09:00,476.25,484.0,467.5,467.5,56800
2014-04-25 00:00:00+09:00,467.5,477.5,455.5,474.0,38400
2014-04-28 00:00:00+09:00,458.0,471.5,448.75,449.0,54400
2014-04-30 00:00:00+09:00,439.0,444.5,407.5,423.75,127600
2014-05-01 00:00:00+09:00,420.5,463.75,420.25,445.5,96400
2014-05-02 00:00:00+09:00,445.5,472.5,445.5,460.5,52000
2014-05-07 00:00:00+09:00,450.5,451.25,442.0,443.75,33200
2014-05-08 00:00:00+09:00,444.25,449.5,437.0,437.25,34800
2014-05-09 00:00:00+09:00,431.5,433.0,424.0,426.0,34800
2014-05-12 00:00:00+09:00,417.75,425.75,387.5,407.5,150800
2014-05-13 00:00:00+09:00,407.5,419.0,405.75,412.25,38000
2014-05-14 00:00:00+09:00,412.5,448.5,400.0,415.75,120800
2014-05-15 00:00:00+09:00,405.75,422.0,405.75,410.25,52400
2014-05-16 00:00:00+09:00,400.25,408.75,386.5,399.0,106000
2014-05-19 00:00:00+09:00,402.5,402.5,377.0,386.25,88800
2014-05-20 00:00:00+09:00,386.25,396.0,378.25,389.0,75600
2014-05-21 00:00:00+09:00,380.0,392.25,376.25,392.25,51600
2014-05-22 00:00:00+09:00,393.75,413.75,391.75,413.75,83200
2014-05-23 00:00:00+09:00,409.25,446.25,409.25,435.0,69200
2014-05-26 00:00:00+09:00,437.5,460.0,433.0,458.75,72800
2014-05-27 00:00:00+09:00,462.75,483.75,450.25,450.25,107600
2014-05-28 00:00:00+09:00,462.75,470.5,458.75,469.5,59200
2014-05-29 00:00:00+09:00,469.5,503.0,469.5,499.75,128400
2014-05-30 00:00:00+09:00,504.5,515.5,483.75,504.25,165200
2014-06-02 00:00:00+09:00,516.75,543.5,508.0,533.0,153600
2014-06-03 00:00:00+09:00,545.5,545.5,518.75,537.5,89200
2014-06-04 00:00:00+09:00,537.5,537.5,521.25,532.25,40400
2014-06-05 00:00:00+09:00,537.5,537.5,478.25,496.25,146400
2014-06-06 00:00:00+09:00,499.75,510.75,485.25,510.75,83200
2014-06-09 00:00:00+09:00,519.75,531.25,518.75,522.5,62800
2014-06-10 00:00:00+09:00,532.25,532.25,500.0,501.25,66000
2014-06-11 00:00:00+09:00,500.0,512.5,492.5,512.5,57600
2014-06-12 00:00:00+09:00,507.25,527.0,495.25,525.5,91200
2014-06-13 00:00:00+09:00,572.5,621.25,550.25,582.25,712800
2014-06-16 00:00:00+09:00,575.0,606.25,562.75,594.25,291200
2014-06-17 00:00:00+09:00,587.5,590.25,555.5,575.25,146400
2014-06-18 00:00:00+09:00,571.5,582.5,562.25,571.75,64000
2014-06-19 00:00:00+09:00,571.75,587.0,568.25,576.25,69200
2014-06-20 00:00:00+09:00,582.5,587.25,562.75,562.75,108400
2014-06-23 00:00:00+09:00,572.25,573.5,563.0,572.5,34800
2014-06-24 00:00:00+09:00,569.25,597.5,567.5,591.75,130400
2014-06-25 00:00:00+09:00,586.25,596.25,552.0,563.75,132000
2014-06-26 00:00:00+09:00,557.5,569.5,552.0,564.0,75200
2014-06-27 00:00:00+09:00,558.75,564.25,528.75,546.25,100800
2014-06-30 00:00:00+09:00,535.0,556.0,532.5,547.5,96000
2014-07-01 00:00:00+09:00,554.5,562.75,532.5,532.5,95200
2014-07-02 00:00:00+09:00,537.0,540.0,523.5,526.5,94000
2014-07-03 00:00:00+09:00,535.0,535.0,517.75,520.0,44800
2014-07-04 00:00:00+09:00,522.5,530.0,516.25,530.0,48000
2014-07-07 00:00:00+09:00,517.5,532.5,517.5,518.75,56800
2014-07-08 00:00:00+09:00,515.25,515.25,503.0,506.5,28000
2014-07-09 00:00:00+09:00,500.25,501.75,478.75,484.0,102800
2014-07-10 00:00:00+09:00,486.25,487.5,467.5,476.5,102800
2014-07-11 00:00:00+09:00,462.75,480.75,462.5,480.75,41200
2014-07-14 00:00:00+09:00,480.75,498.5,480.0,498.5,35200
2014-07-15 00:00:00+09:00,498.5,511.0,495.0,508.5,44400
2014-07-16 00:00:00+09:00,501.75,501.75,478.25,480.0,61200
2014-07-17 00:00:00+09:00,478.25,479.0,465.25,466.25,67200
2014-07-18 00:00:00+09:00,462.25,462.25,453.0,454.0,82800
2014-07-22 00:00:00+09:00,450.5,472.0,445.0,470.5,92000
2014-07-23 00:00:00+09:00,462.5,482.5,455.5,468.75,53200
2014-07-24 00:00:00+09:00,477.5,568.75,474.5,518.25,1464800
2014-07-25 00:00:00+09:00,495.0,512.5,494.25,497.25,224400
2014-07-28 00:00:00+09:00,497.25,513.75,487.5,513.75,84800
2014-07-29 00:00:00+09:00,513.75,558.75,511.5,529.75,186000
2014-07-30 00:00:00+09:00,520.0,525.0,500.0,506.0,82400
2014-07-31 00:00:00+09:00,506.0,506.0,489.75,500.0,96800
2014-08-01 00:00:00+09:00,478.75,510.0,477.75,490.25,76400
2014-08-04 00:00:00+09:00,491.25,502.75,488.5,492.25,36000
2014-08-05 00:00:00+09:00,499.5,499.5,472.5,475.0,99600
2014-08-06 00:00:00+09:00,484.25,492.0,472.5,480.0,78000
2014-08-07 00:00:00+09:00,481.25,500.0,476.75,500.0,72800
2014-08-08 00:00:00+09:00,490.25,491.5,465.0,475.25,133200
2014-08-11 00:00:00+09:00,480.0,505.0,480.0,502.75,71600
2014-08-12 00:00:00+09:00,490.75,500.0,475.25,478.5,116400
2014-08-13 00:00:00+09:00,477.5,493.5,477.5,493.5,47600
2014-08-14 00:00:00+09:00,501.25,515.0,483.0,497.0,133200
2014-08-15 00:00:00+09:00,495.0,531.0,492.75,525.25,124800
2014-08-18 00:00:00+09:00,537.75,538.75,525.0,529.75,104800
2014-08-19 00:00:00+09:00,534.5,534.5,495.0,520.0,150400
2014-08-20 00:00:00+09:00,525.0,527.5,512.25,516.5,55200
2014-08-21 00:00:00+09:00,509.0,531.0,509.0,530.75,41200
2014-08-22 00:00:00+09:00,532.5,587.5,531.5,569.75,355200
2014-08-25 00:00:00+09:00,559.0,604.25,543.75,591.5,236000
2014-08-26 00:00:00+09:00,616.5,636.25,562.75,576.75,292000
2014-08-27 00:00:00+09:00,587.5,606.25,557.5,582.5,246800
2014-08-28 00:00:00+09:00,570.0,595.0,561.5,570.25,146800
2014-08-29 00:00:00+09:00,570.25,573.0,540.75,549.5,115200
2014-09-01 00:00:00+09:00,547.25,564.5,532.75,559.75,79600
2014-09-02 00:00:00+09:00,550.0,558.75,543.5,555.0,50000
2014-09-03 00:00:00+09:00,550.25,572.5,545.0,562.5,72400
2014-09-04 00:00:00+09:00,571.5,587.5,552.5,553.25,101600
2014-09-05 00:00:00+09:00,553.25,561.5,537.5,559.25,90400
2014-09-08 00:00:00+09:00,552.5,560.0,550.0,550.0,33600
2014-09-09 00:00:00+09:00,556.75,569.0,546.5,555.25,53200
2014-09-10 00:00:00+09:00,550.25,558.25,545.0,550.75,43200
2014-09-11 00:00:00+09:00,548.5,571.25,548.5,568.75,50400
2014-09-12 00:00:00+09:00,568.75,585.0,554.5,562.5,98400
2014-09-16 00:00:00+09:00,567.75,572.25,543.25,550.25,90000
2014-09-17 00:00:00+09:00,546.25,547.75,533.25,536.25,58400
2014-09-18 00:00:00+09:00,532.5,549.75,532.5,542.5,52000
2014-09-19 00:00:00+09:00,536.0,545.0,533.0,534.75,40000
2014-09-22 00:00:00+09:00,534.75,534.75,521.25,522.75,38000
2014-09-24 00:00:00+09:00,517.5,521.25,505.0,512.5,94400
2014-09-25 00:00:00+09:00,513.25,525.5,512.5,521.25,62400
2014-09-26 00:00:00+09:00,512.5,532.0,512.5,525.0,38800
2014-09-29 00:00:00+09:00,521.5,525.0,500.0,507.5,60400
2014-09-30 00:00:00+09:00,507.5,549.75,494.5,494.5,191200
2014-10-01 00:00:00+09:00,497.0,502.5,471.0,475.0,124000
2014-10-02 00:00:00+09:00,465.0,487.0,452.25,467.75,133200
2014-10-03 00:00:00+09:00,470.0,499.25,465.0,499.25,64800
2014-10-06 00:00:00+09:00,497.5,501.0,490.5,498.0,42800
2014-10-07 00:00:00+09:00,493.75,496.75,476.25,476.25,45200
2014-10-08 00:00:00+09:00,466.25,510.0,465.25,480.0,62800
2014-10-09 00:00:00+09:00,479.0,483.75,461.25,463.5,58400
2014-10-10 00:00:00+09:00,453.75,458.5,430.0,447.5,113200
2014-10-14 00:00:00+09:00,430.0,450.0,425.5,444.75,38800
2014-10-15 00:00:00+09:00,457.5,460.75,439.25,458.5,60800
2014-10-16 00:00:00+09:00,450.0,464.5,443.0,450.75,76000
2014-10-17 00:00:00+09:00,450.25,463.75,450.25,452.75,25600
2014-10-20 00:00:00+09:00,453.0,466.0,450.25,455.5,41600
2014-10-21 00:00:00+09:00,459.75,478.25,455.0,465.0,56800
2014-10-22 00:00:00+09:00,476.25,476.75,465.75,473.25,21200
2014-10-23 00:00:00+09:00,469.5,487.5,469.5,483.75,35200
2014-10-24 00:00:00+09:00,499.75,499.75,486.25,491.75,41600
2014-10-27 00:00:00+09:00,491.75,493.25,477.75,481.0,14400
2014-10-28 00:00:00+09:00,477.5,488.5,477.5,483.25,26400
2014-10-29 00:00:00+09:00,490.0,491.25,482.5,489.75,24800
2014-10-30 00:00:00+09:00,482.5,482.5,482.5,482.5,12400
2014-10-31 00:00:00+09:00,482.75,488.5,479.25,482.5,30000
2014-11-04 00:00:00+09:00,486.25,500.0,485.25,498.75,74000
2014-11-05 00:00:00+09:00,496.75,530.0,496.75,525.5,70000
2014-11-06 00:00:00+09:00,517.75,529.5,498.75,500.0,52400
2014-11-07 00:00:00+09:00,507.5,507.5,490.0,490.5,22800
2014-11-10 00:00:00+09:00,490.0,499.5,485.5,493.0,20400
2014-11-11 00:00:00+09:00,525.0,525.0,500.0,506.25,97600
2014-11-12 00:00:00+09:00,518.5,537.5,513.5,525.75,131600
2014-11-13 00:00:00+09:00,523.75,537.5,523.0,529.25,97600
2014-11-14 00:00:00+09:00,523.75,530.0,503.0,515.0,62000
2014-11-17 00:00:00+09:00,509.75,509.75,497.75,497.75,40800
2014-11-18 00:00:00+09:00,497.5,506.5,497.5,505.5,22400
2014-11-19 00:00:00+09:00,508.5,508.5,501.75,504.25,16400
2014-11-20 00:00:00+09:00,500.5,515.0,500.5,512.25,33200
2014-11-21 00:00:00+09:00,522.25,522.25,508.75,515.0,25600
2014-11-25 00:00:00+09:00,515.0,530.0,515.0,516.75,72800
2014-11-26 00:00:00+09:00,532.5,572.0,532.25,562.5,272400
2014-11-27 00:00:00+09:00,551.25,562.5,533.75,533.75,85600
2014-11-28 00:00:00+09:00,543.25,543.25,515.0,520.75,60400
2014-12-01 00:00:00+09:00,515.25,522.5,510.25,519.5,29600
2014-12-02 00:00:00+09:00,508.0,517.0,499.0,505.25,129200
2014-12-03 00:00:00+09:00,502.5,509.5,500.0,500.0,48400
2014-12-04 00:00:00+09:00,499.5,506.25,494.0,494.0,71600
2014-12-05 00:00:00+09:00,490.0,506.0,487.25,500.75,31600
2014-12-08 00:00:00+09:00,493.75,501.0,491.75,493.75,38800
2014-12-09 00:00:00+09:00,492.5,500.0,488.25,491.5,33200
2014-12-10 00:00:00+09:00,480.0,491.5,479.75,489.75,33600
2014-12-11 00:00:00+09:00,480.25,486.25,480.0,483.75,21200
2014-12-12 00:00:00+09:00,487.0,488.5,481.25,481.25,33200
2014-12-15 00:00:00+09:00,481.25,483.0,474.5,474.5,41600
2014-12-16 00:00:00+09:00,474.5,476.25,462.5,475.0,59600
2014-12-17 00:00:00+09:00,470.0,481.25,470.0,481.25,39200
2014-12-18 00:00:00+09:00,481.25,486.25,478.75,481.25,18800
2014-12-19 00:00:00+09:00,482.0,487.0,475.75,485.75,46800
2014-12-22 00:00:00+09:00,478.5,487.0,476.0,477.5,60400
2014-12-24 00:00:00+09:00,475.0,477.5,460.0,460.0,118400
2014-12-25 00:00:00+09:00,452.5,459.5,434.0,443.75,228000
2014-12-26 00:00:00+09:00,443.75,468.0,443.75,466.5,53200
2014-12-29 00:00:00+09:00,519.0,522.5,497.5,506.0,190400
2014-12-30 00:00:00+09:00,497.5,507.75,490.25,493.25,88000
2015-01-05 00:00:00+09:00,505.0,505.0,496.0,497.5,33600
2015-01-06 00:00:00+09:00,493.0,499.75,491.25,491.75,45600
2015-01-07 00:00:00+09:00,485.0,490.0,476.5,476.5,34000
2015-01-08 00:00:00+09:00,476.75,481.75,476.5,476.5,31200
2015-01-09 00:00:00+09:00,476.5,477.5,456.5,464.75,119200
2015-01-13 00:00:00+09:00,464.75,477.75,464.75,475.5,57200
2015-01-14 00:00:00+09:00,485.5,485.5,467.5,470.75,33600
2015-01-15 00:00:00+09:00,465.5,482.25,464.0,479.0,50400
2015-01-16 00:00:00+09:00,477.5,477.5,460.25,470.0,64800
2015-01-19 00:00:00+09:00,465.0,471.5,455.75,460.0,30800
2015-01-20 00:00:00+09:00,465.0,473.0,465.0,468.25,18400
2015-01-21 00:00:00+09:00,468.75,474.5,464.25,471.75,21600
2015-01-22 00:00:00+09:00,495.0,497.5,480.25,488.0,82000
2015-01-23 00:00:00+09:00,488.0,488.0,476.75,478.75,36400
2015-01-26 00:00:00+09:00,480.75,492.75,480.75,487.0,27200
2015-01-27 00:00:00+09:00,487.0,493.75,487.0,492.25,15200
2015-01-28 00:00:00+09:00,486.75,492.5,486.75,490.5,14000
2015-01-29 00:00:00+09:00,483.75,487.5,481.25,487.0,22000
2015-01-30 00:00:00+09:00,482.5,489.0,477.5,480.75,25200
2015-02-02 00:00:00+09:00,486.5,486.5,479.25,480.0,20800
2015-02-03 00:00:00+09:00,480.25,482.25,470.25,474.25,38000
2015-02-04 00:00:00+09:00,468.5,473.25,468.5,470.75,17600
2015-02-05 00:00:00+09:00,480.75,481.0,470.0,470.0,21600
2015-02-06 00:00:00+09:00,468.75,477.5,466.25,468.75,35600
2015-02-09 00:00:00+09:00,467.75,474.5,462.5,471.0,33600
2015-02-10 00:00:00+09:00,467.75,480.0,464.5,480.0,48400
2015-02-12 00:00:00+09:00,470.0,490.25,469.75,487.5,59200
2015-02-13 00:00:00+09:00,472.5,489.5,469.0,489.5,53600
2015-02-16 00:00:00+09:00,493.75,493.75,481.25,486.25,73600
2015-02-17 00:00:00+09:00,485.0,495.5,483.75,495.5,83600
2015-02-18 00:00:00+09:00,495.5,503.75,495.5,499.0,26000
2015-02-19 00:00:00+09:00,498.75,498.75,486.5,486.5,25200
2015-02-20 00:00:00+09:00,485.5,491.0,483.75,490.75,18400
2015-02-23 00:00:00+09:00,491.25,491.25,483.0,487.5,33600
2015-02-24 00:00:00+09:00,487.5,495.0,487.5,490.0,25200
2015-02-25 00:00:00+09:00,494.75,494.75,484.0,487.75,12800
2015-02-26 00:00:00+09:00,486.5,488.75,481.5,485.0,48000
2015-02-27 00:00:00+09:00,477.75,483.5,477.75,480.75,27200
2015-03-02 00:00:00+09:00,482.5,487.75,478.25,487.5,33600
2015-03-03 00:00:00+09:00,486.25,490.0,481.5,481.5,33200
2015-03-04 00:00:00+09:00,481.5,487.5,481.25,484.75,36800
2015-03-05 00:00:00+09:00,492.25,492.25,481.25,484.5,24400
2015-03-06 00:00:00+09:00,486.75,493.5,481.25,490.0,31200
2015-03-09 00:00:00+09:00,489.25,522.25,489.25,508.75,158400
2015-03-10 00:00:00+09:00,508.75,523.75,508.75,510.75,75600
2015-03-11 00:00:00+09:00,512.5,543.75,512.5,543.5,168400
2015-03-12 00:00:00+09:00,545.0,559.75,540.0,555.0,147600
2015-03-13 00:00:00+09:00,556.25,562.0,520.0,545.75,114400
2015-03-16 00:00:00+09:00,533.25,558.5,532.25,558.5,82000
2015-03-17 00:00:00+09:00,558.75,561.5,537.5,561.5,93600
2015-03-18 00:00:00+09:00,555.25,560.0,552.0,552.5,40800
2015-03-19 00:00:00+09:00,556.25,586.25,547.5,565.0,90000
2015-03-20 00:00:00+09:00,565.0,594.25,565.0,592.5,84800
2015-03-23 00:00:00+09:00,594.0,648.75,587.75,633.25,118400
2015-03-24 00:00:00+09:00,630.0,649.75,597.5,617.75,98800
2015-03-25 00:00:00+09:00,617.75,619.75,600.0,600.0,48800
2015-03-26 00:00:00+09:00,592.5,592.5,558.0,577.5,64000
2015-03-27 00:00:00+09:00,577.5,617.25,577.5,592.5,63600
2015-03-30 00:00:00+09:00,587.5,604.75,584.75,603.75,18800
2015-03-31 00:00:00+09:00,616.25,616.75,604.25,615.0,25200
2015-04-01 00:00:00+09:00,615.0,617.5,587.5,605.5,26000
2015-04-02 00:00:00+09:00,600.0,637.0,597.0,620.0,104400
2015-04-03 00:00:00+09:00,624.75,624.75,608.5,609.75,36000
2015-04-06 00:00:00+09:00,600.0,623.75,599.25,623.75,44800
2015-04-07 00:00:00+09:00,637.5,637.5,622.5,636.5,70000
2015-04-08 00:00:00+09:00,629.5,636.25,625.75,626.75,26400
2015-04-09 00:00:00+09:00,633.75,645.0,628.75,630.75,116000
2015-04-10 00:00:00+09:00,625.25,635.0,625.25,629.0,78000
2015-04-13 00:00:00+09:00,654.0,729.25,648.5,729.25,820000
2015-04-14 00:00:00+09:00,726.25,726.25,677.25,682.5,412400
2015-04-15 00:00:00+09:00,672.75,707.25,668.0,692.5,202400
2015-04-16 00:00:00+09:00,687.5,735.0,687.5,730.5,161200
2015-04-17 00:00:00+09:00,738.0,810.0,736.25,810.0,399600
2015-04-20 00:00:00+09:00,777.5,817.5,757.5,760.0,306400
2015-04-21 00:00:00+09:00,775.0,806.25,755.0,787.5,152400
2015-04-22 00:00:00+09:00,787.5,793.75,770.0,770.0,94800
2015-04-23 00:00:00+09:00,758.75,768.75,732.5,743.0,174800
2015-04-24 00:00:00+09:00,743.0,757.5,727.0,750.0,64000
2015-04-27 00:00:00+09:00,740.0,747.25,710.0,721.25,106400
2015-04-28 00:00:00+09:00,712.5,743.75,687.5,737.5,136400
2015-04-30 00:00:00+09:00,725.0,750.0,710.25,736.75,97600
2015-05-01 00:00:00+09:00,725.0,731.0,712.5,715.0,70800
2015-05-07 00:00:00+09:00,712.5,712.5,695.0,705.0,40800
2015-05-08 00:00:00+09:00,693.75,734.75,693.75,730.25,58000
2015-05-11 00:00:00+09:00,737.5,737.5,722.0,722.25,22000
2015-05-12 00:00:00+09:00,722.5,730.0,702.5,720.0,48800
2015-05-13 00:00:00+09:00,720.0,732.5,715.75,726.25,41200
2015-05-14 00:00:00+09:00,732.5,770.0,727.25,765.0,89200
2015-05-15 00:00:00+09:00,710.0,750.0,702.75,716.0,152000
2015-05-18 00:00:00+09:00,720.0,727.25,591.0,663.25,267200
2015-05-19 00:00:00+09:00,663.5,687.5,655.25,682.0,63200
2015-05-20 00:00:00+09:00,682.5,694.25,670.25,675.0,34000
2015-05-21 00:00:00+09:00,692.25,755.0,687.75,727.5,236400
2015-05-22 00:00:00+09:00,755.0,800.0,741.0,798.75,304000
2015-05-25 00:00:00+09:00,800.0,837.5,783.75,795.0,226000
2015-05-26 00:00:00+09:00,786.25,812.5,757.5,772.5,156000
2015-05-27 00:00:00+09:00,785.0,803.75,750.0,775.0,108400
2015-05-28 00:00:00+09:00,776.25,793.75,747.0,749.75,149200
2015-05-29 00:00:00+09:00,732.5,758.75,727.25,749.75,72400
2015-06-01 00:00:00+09:00,742.25,768.75,732.75,758.75,62800
2015-06-02 00:00:00+09:00,751.25,767.5,745.0,747.75,73200
2015-06-03 00:00:00+09:00,745.25,752.5,737.5,748.75,56000
2015-06-04 00:00:00+09:00,748.75,755.0,743.5,749.75,24400
2015-06-05 00:00:00+09:00,750.0,756.25,738.0,743.5,48400
2015-06-08 00:00:00+09:00,738.0,750.0,726.25,743.75,36400
2015-06-09 00:00:00+09:00,732.75,735.0,719.0,722.5,85200
2015-06-10 00:00:00+09:00,720.0,737.5,720.0,725.5,20800
2015-06-11 00:00:00+09:00,725.5,743.0,715.0,743.0,34400
2015-06-12 00:00:00+09:00,743.0,775.0,740.0,757.5,152400
2015-06-15 00:00:00+09:00,757.5,795.0,748.0,748.0,256000
2015-06-16 00:00:00+09:00,741.0,741.25,722.5,731.25,275200
2015-06-17 00:00:00+09:00,731.5,740.0,731.25,733.5,16000
2015-06-18 00:00:00+09:00,737.5,746.75,731.5,740.0,80800
2015-06-19 00:00:00+09:00,761.25,761.25,725.25,736.5,41200
2015-06-22 00:00:00+09:00,730.75,755.0,730.75,751.25,76000
2015-06-23 00:00:00+09:00,745.25,751.25,737.25,746.75,67200
2015-06-24 00:00:00+09:00,749.75,749.75,730.75,736.75,40800
2015-06-25 00:00:00+09:00,745.0,768.75,737.75,768.75,120800
2015-06-26 00:00:00+09:00,767.5,767.5,748.75,752.5,37200
2015-06-29 00:00:00+09:00,727.5,739.25,725.25,736.75,112800
2015-06-30 00:00:00+09:00,724.25,737.25,724.25,727.25,53600
2015-07-01 00:00:00+09:00,728.0,760.0,728.0,760.0,63200
2015-07-02 00:00:00+09:00,763.75,770.0,748.75,749.0,37200
2015-07-03 00:00:00+09:00,745.0,749.75,732.5,738.0,51200
2015-07-06 00:00:00+09:00,730.0,740.0,727.5,731.25,51600
2015-07-07 00:00:00+09:00,733.0,749.25,733.0,743.0,22400
2015-07-08 00:00:00+09:00,743.0,743.0,701.0,720.25,142800
2015-07-09 00:00:00+09:00,700.0,720.25,655.75,707.25,184000
2015-07-10 00:00:00+09:00,701.75,707.25,698.75,700.0,63600
2015-07-13 00:00:00+09:00,705.0,731.75,705.0,731.75,62800
2015-07-14 00:00:00+09:00,728.25,755.0,726.25,749.75,131600
2015-07-15 00:00:00+09:00,747.5,755.0,736.25,737.75,28800
2015-07-16 00:00:00+09:00,757.5,763.75,740.0,747.5,166400
2015-07-17 00:00:00+09:00,737.5,756.25,736.25,753.75,52400
2015-07-21 00:00:00+09:00,760.0,761.25,748.75,752.5,40000
2015-07-22 00:00:00+09:00,745.25,745.75,738.75,743.5,14400
2015-07-23 00:00:00+09:00,741.25,747.5,738.25,739.25,20400
2015-07-24 00:00:00+09:00,732.75,756.25,732.75,751.25,48000
2015-07-27 00:00:00+09:00,739.25,762.5,739.25,750.0,66000
2015-07-28 00:00:00+09:00,750.0,800.0,747.5,785.0,190400
2015-07-29 00:00:00+09:00,777.5,792.5,771.25,787.5,74000
2015-07-30 00:00:00+09:00,772.5,788.75,772.5,788.75,72000
2015-07-31 00:00:00+09:00,790.0,817.5,787.5,812.5,174800
2015-08-03 00:00:00+09:00,862.5,975.0,851.25,875.0,982000
2015-08-04 00:00:00+09:00,868.75,886.25,825.0,828.75,264800
2015-08-05 00:00:00+09:00,828.75,872.5,828.75,863.75,95600
2015-08-06 00:00:00+09:00,888.75,942.5,858.75,922.5,210000
2015-08-07 00:00:00+09:00,907.5,945.0,873.75,876.25,179200
2015-08-10 00:00:00+09:00,860.0,962.5,855.0,955.0,337600
2015-08-11 00:00:00+09:00,953.75,960.0,927.5,960.0,178800
2015-08-12 00:00:00+09:00,977.5,1037.5,951.25,1000.0,1295200
2015-08-13 00:00:00+09:00,1025.0,1027.5,960.0,960.0,313600
2015-08-14 00:00:00+09:00,942.5,943.75,841.25,850.0,577600
2015-08-17 00:00:00+09:00,843.75,876.25,841.25,848.75,154800
2015-08-18 00:00:00+09:00,848.75,887.5,848.75,887.5,106000
2015-08-19 00:00:00+09:00,887.5,921.25,843.75,847.5,169200
2015-08-20 00:00:00+09:00,848.75,848.75,812.5,823.75,137200
2015-08-21 00:00:00+09:00,753.75,786.25,748.75,760.0,222800
2015-08-24 00:00:00+09:00,700.0,740.0,631.25,639.0,367200
2015-08-25 00:00:00+09:00,600.25,680.5,575.0,603.5,352800
2015-08-26 00:00:00+09:00,612.5,641.25,603.5,629.75,297200
2015-08-27 00:00:00+09:00,675.0,700.0,637.5,650.0,275600
2015-08-28 00:00:00+09:00,670.0,687.75,666.25,676.0,154800
2015-08-31 00:00:00+09:00,667.75,705.5,661.25,691.25,134000
2015-09-01 00:00:00+09:00,678.75,686.0,638.25,638.25,186000
2015-09-02 00:00:00+09:00,625.0,659.5,612.5,640.0,122800
2015-09-03 00:00:00+09:00,657.5,663.75,647.5,648.0,74400
2015-09-04 00:00:00+09:00,635.5,635.5,575.0,590.75,184000
2015-09-07 00:00:00+09:00,582.5,605.75,564.0,598.0,94000
2015-09-08 00:00:00+09:00,600.0,618.0,560.25,562.5,149200
2015-09-09 00:00:00+09:00,600.0,616.75,585.0,614.0,64400
2015-09-10 00:00:00+09:00,604.0,637.5,590.75,630.5,113200
2015-09-11 00:00:00+09:00,618.0,646.25,618.0,637.5,52000
2015-09-14 00:00:00+09:00,638.0,643.75,590.0,606.0,64800
2015-09-15 00:00:00+09:00,606.0,617.5,583.0,597.5,99200
2015-09-16 00:00:00+09:00,597.5,611.25,583.0,584.75,24000
2015-09-17 00:00:00+09:00,595.75,611.25,588.25,610.25,34400
2015-09-18 00:00:00+09:00,611.75,622.0,587.5,617.0,48000
2015-09-24 00:00:00+09:00,604.5,616.25,598.5,602.75,92800
2015-09-25 00:00:00+09:00,606.25,607.5,592.75,607.5,40000
2015-09-28 00:00:00+09:00,605.0,607.5,592.0,605.0,36000
2015-09-29 00:00:00+09:00,597.5,602.25,585.0,591.0,72000
2015-09-30 00:00:00+09:00,603.25,610.0,595.25,607.0,28400
2015-10-01 00:00:00+09:00,609.75,609.75,588.0,591.75,58000
2015-10-02 00:00:00+09:00,590.0,599.75,572.25,575.25,74000
2015-10-05 00:00:00+09:00,588.75,601.5,582.5,592.5,54000
2015-10-06 00:00:00+09:00,603.75,604.25,590.0,590.0,28000
2015-10-07 00:00:00+09:00,590.0,600.0,587.75,599.75,24000
2015-10-08 00:00:00+09:00,603.0,603.0,590.0,590.0,15600
2015-10-09 00:00:00+09:00,590.0,590.0,580.0,586.5,31600
2015-10-13 00:00:00+09:00,586.25,607.0,582.25,601.0,79200
2015-10-14 00:00:00+09:00,592.75,612.25,581.25,584.75,127600
2015-10-15 00:00:00+09:00,577.5,585.75,576.25,580.75,24800
2015-10-16 00:00:00+09:00,580.75,583.75,577.5,581.0,24000
2015-10-19 00:00:00+09:00,576.25,580.75,571.25,572.0,26800
2015-10-20 00:00:00+09:00,567.75,570.0,557.5,570.0,28000
2015-10-21 00:00:00+09:00,570.0,570.0,553.0,557.5,15200
2015-10-22 00:00:00+09:00,568.75,569.75,556.75,565.75,9600
2015-10-23 00:00:00+09:00,567.5,581.25,567.5,571.0,23600
2015-10-26 00:00:00+09:00,571.0,585.0,571.0,575.0,24000
2015-10-27 00:00:00+09:00,586.0,586.0,570.0,575.25,41600
2015-10-28 00:00:00+09:00,581.25,581.25,570.25,570.75,14800
2015-10-29 00:00:00+09:00,566.25,571.75,557.0,566.25,25200
2015-10-30 00:00:00+09:00,566.25,584.5,561.75,577.5,31600
2015-11-02 00:00:00+09:00,577.5,579.75,558.0,568.25,28800
2015-11-04 00:00:00+09:00,571.25,582.5,571.25,572.75,25600
2015-11-05 00:00:00+09:00,572.25,575.0,561.25,562.25,24800
2015-11-06 00:00:00+09:00,557.5,568.25,556.75,562.5,12000
2015-11-09 00:00:00+09:00,562.5,577.0,562.5,575.25,16800
2015-11-10 00:00:00+09:00,584.5,584.5,575.75,580.0,16400
2015-11-11 00:00:00+09:00,582.0,588.0,579.25,587.5,26400
2015-11-12 00:00:00+09:00,581.75,606.0,581.75,600.0,44800
2015-11-13 00:00:00+09:00,612.5,627.5,596.25,615.0,202000
2015-11-16 00:00:00+09:00,578.75,610.0,578.75,597.0,59200
2015-11-17 00:00:00+09:00,597.5,597.5,570.0,575.75,130000
2015-11-18 00:00:00+09:00,566.5,587.25,564.0,564.0,74000
2015-11-19 00:00:00+09:00,566.5,581.25,560.25,565.5,118000
2015-11-20 00:00:00+09:00,572.5,582.5,565.0,577.75,69200
2015-11-24 00:00:00+09:00,586.25,633.75,581.75,627.75,151600
2015-11-25 00:00:00+09:00,640.25,652.5,615.25,616.5,117200
2015-11-26 00:00:00+09:00,641.5,684.75,640.25,662.5,260000
2015-11-27 00:00:00+09:00,655.0,667.5,639.25,645.75,73600
2015-11-30 00:00:00+09:00,650.0,650.25,626.75,626.75,64400
2015-12-01 00:00:00+09:00,639.25,652.5,639.25,640.25,188000
2015-12-02 00:00:00+09:00,652.5,656.0,625.75,625.75,216000
2015-12-03 00:00:00+09:00,626.25,636.75,599.0,603.75,179200
2015-12-04 00:00:00+09:00,597.0,597.25,580.5,582.5,151600
2015-12-07 00:00:00+09:00,590.0,597.0,580.5,586.0,138400
2015-12-08 00:00:00+09:00,581.25,582.5,569.75,577.75,125200
2015-12-09 00:00:00+09:00,575.0,580.25,562.25,565.5,183200
2015-12-10 00:00:00+09:00,556.25,579.0,542.5,549.5,186800
2015-12-11 00:00:00+09:00,549.5,562.5,546.25,557.0,104000
2015-12-14 00:00:00+09:00,545.0,548.75,528.75,540.25,168400
2015-12-15 00:00:00+09:00,540.25,546.5,511.25,517.0,159200
2015-12-16 00:00:00+09:00,529.5,550.0,522.0,544.75,112000
2015-12-17 00:00:00+09:00,558.5,558.5,542.25,542.25,78800
2015-12-18 00:00:00+09:00,542.25,542.25,530.0,534.5,26000
2015-12-21 00:00:00+09:00,522.0,532.5,508.75,516.0,150400
2015-12-22 00:00:00+09:00,508.0,532.5,508.0,520.0,65200
2015-12-24 00:00:00+09:00,513.0,515.0,497.75,512.5,116000
2015-12-25 00:00:00+09:00,512.5,512.5,512.5,512.5,0
2015-12-28 00:00:00+09:00,517.25,526.25,507.5,515.0,93200
2015-12-29 00:00:00+09:00,510.0,527.5,510.0,523.0,43600
2015-12-30 00:00:00+09:00,529.75,541.25,520.0,541.25,80800
2016-01-04 00:00:00+09:00,535.0,542.5,530.0,530.0,51200
2016-01-05 00:00:00+09:00,519.25,536.0,515.75,530.25,76400
2016-01-06 00:00:00+09:00,525.75,532.5,521.25,528.75,47200
2016-01-07 00:00:00+09:00,528.5,528.5,474.75,485.5,420800
2016-01-08 00:00:00+09:00,475.5,502.5,475.0,502.25,133200
2016-01-12 00:00:00+09:00,489.75,498.75,443.75,453.75,296000
2016-01-13 00:00:00+09:00,460.0,484.5,456.75,472.5,87200
2016-01-14 00:00:00+09:00,460.25,460.25,445.5,458.25,116800
2016-01-15 00:00:00+09:00,464.75,469.5,450.5,451.25,40400
2016-01-18 00:00:00+09:00,425.0,445.75,407.5,438.25,69200
2016-01-19 00:00:00+09:00,432.5,453.75,432.5,440.25,45200
2016-01-20 00:00:00+09:00,441.25,445.0,410.5,420.0,111600
2016-01-21 00:00:00+09:00,417.5,436.0,400.0,400.0,112800
2016-01-22 00:00:00+09:00,420.0,432.5,407.5,428.75,49600
2016-01-25 00:00:00+09:00,427.5,458.0,427.5,457.5,75600
2016-01-26 00:00:00+09:00,438.75,457.5,438.75,448.0,29200
2016-01-27 00:00:00+09:00,457.25,457.5,446.25,454.5,30400
2016-01-28 00:00:00+09:00,457.5,458.75,446.5,453.0,20800
2016-01-29 00:00:00+09:00,453.0,457.5,446.5,448.75,49200
2016-02-01 00:00:00+09:00,467.5,477.5,459.75,474.25,72800
2016-02-02 00:00:00+09:00,472.5,481.75,471.25,477.25,110000
2016-02-03 00:00:00+09:00,500.0,547.75,490.5,539.25,676800
2016-02-04 00:00:00+09:00,514.25,514.25,452.5,471.25,548000
2016-02-05 00:00:00+09:00,462.5,469.0,433.5,438.0,171200
2016-02-08 00:00:00+09:00,430.25,455.0,420.5,440.0,117600
2016-02-09 00:00:00+09:00,420.0,428.0,409.5,409.5,142400
2016-02-10 00:00:00+09:00,429.5,429.5,387.5,399.5,104800
2016-02-12 00:00:00+09:00,384.75,385.5,362.5,364.75,185200
2016-02-15 00:00:00+09:00,394.25,394.25,367.0,380.25,92000
2016-02-16 00:00:00+09:00,390.25,414.5,390.25,406.0,74000
2016-02-17 00:00:00+09:00,396.0,419.25,393.75,398.75,73600
2016-02-18 00:00:00+09:00,409.25,434.75,409.25,425.0,54000
2016-02-19 00:00:00+09:00,435.0,452.75,423.0,452.5,79600
2016-02-22 00:00:00+09:00,472.5,480.0,460.0,472.25,117200
2016-02-23 00:00:00+09:00,468.5,475.5,454.75,460.0,67600
2016-02-24 00:00:00+09:00,454.5,466.5,444.0,466.25,32800
2016-02-25 00:00:00+09:00,465.0,475.0,462.5,464.5,46400
2016-02-26 00:00:00+09:00,472.5,475.0,465.0,470.75,28000
2016-02-29 00:00:00+09:00,470.75,488.0,470.75,479.25,41200
2016-03-01 00:00:00+09:00,479.25,491.25,476.75,491.25,43200
2016-03-02 00:00:00+09:00,492.5,512.75,492.5,508.75,132000
2016-03-03 00:00:00+09:00,512.5,542.5,512.25,542.5,128400
2016-03-04 00:00:00+09:00,552.5,566.5,537.0,540.5,224800
2016-03-07 00:00:00+09:00,565.0,596.75,560.25,594.0,250400
2016-03-08 00:00:00+09:00,600.0,631.0,566.25,607.5,337600
2016-03-09 00:00:00+09:00,595.0,675.0,595.0,637.5,319200
2016-03-10 00:00:00+09:00,662.5,672.5,638.25,651.75,169600
2016-03-11 00:00:00+09:00,652.5,675.0,647.5,662.5,194400
2016-03-14 00:00:00+09:00,663.75,670.0,648.25,661.0,144000
2016-03-15 00:00:00+09:00,658.75,659.75,619.75,634.0,197200
2016-03-16 00:00:00+09:00,645.0,674.25,645.0,674.25,128400
2016-03-17 00:00:00+09:00,675.0,683.5,625.0,663.75,139600
2016-03-18 00:00:00+09:00,663.75,663.75,638.75,661.5,65600
2016-03-22 00:00:00+09:00,673.75,673.75,652.0,659.25,81600
2016-03-23 00:00:00+09:00,660.0,674.25,660.0,662.5,71600
2016-03-24 00:00:00+09:00,662.25,692.5,656.25,691.0,150400
2016-03-25 00:00:00+09:00,685.0,692.25,671.0,680.0,172000
2016-03-28 00:00:00+09:00,675.0,695.0,670.75,692.5,79200
2016-03-29 00:00:00+09:00,749.75,790.0,746.75,757.5,1015600
2016-03-30 00:00:00+09:00,752.5,753.75,746.75,753.75,440000
2016-03-31 00:00:00+09:00,751.25,755.0,747.5,749.75,199200
2016-04-01 00:00:00+09:00,749.75,751.25,747.25,749.25,603600
2016-04-04 00:00:00+09:00,747.75,749.25,746.0,747.25,850000
2016-04-05 00:00:00+09:00,746.5,747.25,745.75,746.0,620000
2016-04-06 00:00:00+09:00,746.0,746.75,746.0,746.5,164400
2016-04-07 00:00:00+09:00,746.5,747.0,746.25,746.25,163600
2016-04-08 00:00:00+09:00,746.25,746.75,746.25,746.75,262000
2016-04-11 00:00:00+09:00,746.75,747.25,746.5,746.5,328400
2016-04-12 00:00:00+09:00,747.0,749.25,747.0,747.5,170800
2016-04-13 00:00:00+09:00,747.5,748.75,747.25,747.25,166000
2016-04-14 00:00:00+09:00,747.5,748.75,747.5,748.5,198800
2016-04-15 00:00:00+09:00,748.75,749.5,748.0,748.75,147600
2016-04-18 00:00:00+09:00,748.75,749.25,748.0,748.5,116800
2016-04-19 00:00:00+09:00,748.25,749.5,748.0,748.5,254800
2016-04-20 00:00:00+09:00,749.0,749.75,748.5,748.5,301200
2016-04-21 00:00:00+09:00,749.25,800.0,748.5,766.25,786000
2016-04-22 00:00:00+09:00,775.0,810.0,756.25,763.75,751200
2016-04-25 00:00:00+09:00,772.5,790.0,765.0,773.75,284000
2016-04-26 00:00:00+09:00,773.75,781.25,758.75,761.25,334000
2016-04-27 00:00:00+09:00,760.0,772.5,756.25,768.75,150800
2016-04-28 00:00:00+09:00,766.25,768.75,757.5,758.75,161200
2016-05-02 00:00:00+09:00,753.75,761.25,753.75,755.0,173200
2016-05-06 00:00:00+09:00,762.5,766.25,758.75,762.5,58800
2016-05-09 00:00:00+09:00,762.5,762.5,752.5,756.25,69600
2016-05-10 00:00:00+09:00,758.75,760.0,752.5,753.75,64000
2016-05-11 00:00:00+09:00,752.5,755.0,751.25,752.5,121600
2016-05-12 00:00:00+09:00,755.0,765.0,751.25,752.5,122400
2016-05-13 00:00:00+09:00,787.5,787.5,761.25,766.25,546000
2016-05-16 00:00:00+09:00,772.5,788.75,766.25,775.0,472000
2016-05-17 00:00:00+09:00,785.0,798.75,772.5,782.5,212000
2016-05-18 00:00:00+09:00,771.25,781.25,748.25,753.75,422800
2016-05-19 00:00:00+09:00,757.5,762.5,750.0,755.0,264000
2016-05-20 00:00:00+09:00,751.25,763.75,750.0,757.5,202400
2016-05-23 00:00:00+09:00,757.5,761.25,750.0,755.0,256400
2016-05-24 00:00:00+09:00,755.0,757.5,747.5,748.0,593600
2016-05-25 00:00:00+09:00,747.5,749.5,747.25,748.75,350000
2016-05-26 00:00:00+09:00,741.25,748.75,687.5,710.0,368800
2016-05-27 00:00:00+09:00,697.5,710.0,665.0,691.75,289600
2016-05-30 00:00:00+09:00,700.0,763.75,700.0,751.25,220800
2016-05-31 00:00:00+09:00,757.5,926.25,757.5,926.25,666800
2016-06-01 00:00:00+09:00,873.75,942.5,845.0,883.75,555200
2016-06-02 00:00:00+09:00,877.5,947.5,827.5,866.25,238400
2016-06-03 00:00:00+09:00,866.25,942.5,866.25,910.0,216800
2016-06-06 00:00:00+09:00,910.0,917.5,863.75,897.5,108000
2016-06-07 00:00:00+09:00,915.0,967.5,900.0,930.0,233600
2016-06-08 00:00:00+09:00,960.0,998.75,936.25,998.75,350400
2016-06-09 00:00:00+09:00,1007.5,1070.0,930.0,982.5,529200
2016-06-10 00:00:00+09:00,976.25,1048.75,975.0,1032.5,236000
2016-06-13 00:00:00+09:00,1000.0,1028.75,967.5,978.75,229600
2016-06-14 00:00:00+09:00,966.25,982.5,803.75,817.5,482400
2016-06-15 00:00:00+09:00,800.0,863.75,778.75,832.5,248000
2016-06-16 00:00:00+09:00,815.0,832.5,712.5,770.0,330400
2016-06-17 00:00:00+09:00,800.0,832.5,757.5,762.5,194800
2016-06-20 00:00:00+09:00,797.5,862.5,792.5,835.0,132800
2016-06-21 00:00:00+09:00,826.25,875.0,825.0,840.0,85600
2016-06-22 00:00:00+09:00,832.5,875.0,802.5,841.25,147200
2016-06-23 00:00:00+09:00,823.75,875.0,805.0,857.5,103200
2016-06-24 00:00:00+09:00,900.0,925.0,682.5,761.25,582000
2016-06-27 00:00:00+09:00,781.25,845.0,781.25,807.5,205600
2016-06-28 00:00:00+09:00,800.0,887.5,792.5,850.0,116000
2016-06-29 00:00:00+09:00,897.5,916.25,863.75,875.0,131600
2016-06-30 00:00:00+09:00,916.25,923.75,855.0,858.75,188400
2016-07-01 00:00:00+09:00,875.0,882.5,831.25,875.0,81200
2016-07-04 00:00:00+09:00,892.5,942.5,885.0,932.5,154000
2016-07-05 00:00:00+09:00,932.5,968.75,920.0,951.25,157200
2016-07-06 00:00:00+09:00,916.25,942.5,877.5,916.25,166800
2016-07-07 00:00:00+09:00,902.5,920.0,845.0,856.25,188000
2016-07-08 00:00:00+09:00,853.75,882.5,812.5,872.5,167200
2016-07-11 00:00:00+09:00,872.5,872.5,872.5,872.5,0
2016-07-12 00:00:00+09:00,900.0,910.0,867.5,867.5,70800
2016-07-13 00:00:00+09:00,871.25,897.5,856.25,870.0,61200
2016-07-14 00:00:00+09:00,860.0,867.5,831.25,832.5,88800
2016-07-15 00:00:00+09:00,823.75,825.0,787.5,801.25,183600
2016-07-19 00:00:00+09:00,800.0,820.0,762.5,780.0,136400
2016-07-20 00:00:00+09:00,787.5,805.0,762.5,778.75,91200
2016-07-21 00:00:00+09:00,796.25,803.75,763.75,781.25,92000
2016-07-22 00:00:00+09:00,763.75,780.0,747.5,751.25,90400
2016-07-25 00:00:00+09:00,752.5,772.5,739.25,747.0,117200
2016-07-26 00:00:00+09:00,738.25,755.0,735.0,741.0,78800
2016-07-27 00:00:00+09:00,736.25,746.75,714.25,721.25,103200
2016-07-28 00:00:00+09:00,724.75,724.75,691.0,693.75,112000
2016-07-29 00:00:00+09:00,687.75,700.0,651.0,700.0,143200
2016-08-01 00:00:00+09:00,700.0,742.25,693.25,726.25,88000
2016-08-02 00:00:00+09:00,725.0,760.0,718.75,750.0,114800
2016-08-03 00:00:00+09:00,750.0,750.0,687.75,700.25,96800
2016-08-04 00:00:00+09:00,703.0,748.75,703.0,724.5,40400
2016-08-05 00:00:00+09:00,725.0,737.25,695.0,714.75,68800
2016-08-08 00:00:00+09:00,667.5,696.25,659.75,663.0,154800
2016-08-09 00:00:00+09:00,663.75,674.0,655.0,666.25,64400
2016-08-10 00:00:00+09:00,660.0,669.5,660.0,663.75,126400
2016-08-12 00:00:00+09:00,661.75,674.25,661.5,673.75,202400
2016-08-15 00:00:00+09:00,661.25,665.75,645.0,655.0,62000
2016-08-16 00:00:00+09:00,653.75,664.75,652.75,659.5,64800
2016-08-17 00:00:00+09:00,656.0,658.0,654.0,654.25,36000
2016-08-18 00:00:00+09:00,653.75,662.5,640.25,643.25,72800
2016-08-19 00:00:00+09:00,641.25,648.25,625.25,626.5,62400
2016-08-22 00:00:00+09:00,623.0,626.25,607.5,623.75,63200
2016-08-23 00:00:00+09:00,632.5,682.25,632.5,640.75,84800
2016-08-24 00:00:00+09:00,640.75,640.75,627.5,628.0,16400
2016-08-25 00:00:00+09:00,643.75,643.75,630.5,634.5,20400
2016-08-26 00:00:00+09:00,634.75,646.75,627.5,634.5,34000
2016-08-29 00:00:00+09:00,637.5,650.0,637.5,641.25,28000
2016-08-30 00:00:00+09:00,645.0,650.0,631.25,638.25,50000
2016-08-31 00:00:00+09:00,636.25,638.75,630.25,632.75,26800
2016-09-01 00:00:00+09:00,630.0,636.25,625.0,630.75,36400
2016-09-02 00:00:00+09:00,625.25,632.25,621.25,625.75,36400
2016-09-05 00:00:00+09:00,635.0,650.0,625.25,638.25,23600
2016-09-06 00:00:00+09:00,635.25,654.25,635.25,654.25,22000
2016-09-07 00:00:00+09:00,650.0,675.25,649.0,675.25,57200
2016-09-08 00:00:00+09:00,677.5,695.0,666.75,683.75,57600
2016-09-09 00:00:00+09:00,685.0,698.0,677.5,698.0,33200
2016-09-12 00:00:00+09:00,679.0,682.25,655.25,664.5,111200
2016-09-13 00:00:00+09:00,657.5,667.0,656.25,661.75,21600
2016-09-14 00:00:00+09:00,722.5,722.5,687.75,713.75,191200
2016-09-15 00:00:00+09:00,717.25,717.25,684.5,695.0,55600
2016-09-16 00:00:00+09:00,701.25,724.0,695.0,723.5,106400
2016-09-20 00:00:00+09:00,740.25,748.75,705.25,711.0,294000
2016-09-21 00:00:00+09:00,712.5,737.0,712.5,737.0,66000
2016-09-23 00:00:00+09:00,737.5,756.25,737.5,756.25,56000
2016-09-26 00:00:00+09:00,771.25,771.25,751.25,762.5,83600
2016-09-27 00:00:00+09:00,750.0,770.0,725.5,752.5,44800
2016-09-28 00:00:00+09:00,770.5,772.0,752.5,763.5,41000
2016-09-29 00:00:00+09:00,760.0,760.0,734.0,747.5,33400
2016-09-30 00:00:00+09:00,745.5,747.0,725.0,735.5,29000
2016-10-03 00:00:00+09:00,725.0,730.0,702.5,729.0,37600
2016-10-04 00:00:00+09:00,729.0,745.0,713.5,745.0,46000
2016-10-05 00:00:00+09:00,740.0,740.0,720.0,720.0,25400
2016-10-06 00:00:00+09:00,721.0,725.0,717.0,718.5,20800
2016-10-07 00:00:00+09:00,708.0,718.0,700.0,702.5,20400
2016-10-11 00:00:00+09:00,691.0,699.5,687.5,695.0,31400
2016-10-12 00:00:00+09:00,695.0,709.5,689.0,691.5,23200
2016-10-13 00:00:00+09:00,700.0,704.5,689.5,696.5,18600
2016-10-14 00:00:00+09:00,726.5,740.0,720.5,735.0,56000
2016-10-17 00:00:00+09:00,740.0,740.0,725.5,728.5,17000
2016-10-18 00:00:00+09:00,735.0,735.0,710.0,720.5,21000
2016-10-19 00:00:00+09:00,717.0,740.0,717.0,732.5,11600
2016-10-20 00:00:00+09:00,737.5,745.0,736.0,736.0,26600
2016-10-21 00:00:00+09:00,734.0,740.0,730.0,730.0,8400
2016-10-24 00:00:00+09:00,829.0,868.0,797.5,860.0,599800
2016-10-25 00:00:00+09:00,855.5,856.5,775.5,815.0,215200
2016-10-26 00:00:00+09:00,805.0,837.5,805.0,823.5,68200
2016-10-27 00:00:00+09:00,815.0,822.0,795.5,797.5,40000
2016-10-28 00:00:00+09:00,805.0,806.5,760.5,795.0,71600
2016-10-31 00:00:00+09:00,799.5,819.5,788.5,799.5,42200
2016-11-01 00:00:00+09:00,796.5,819.0,790.0,801.0,26600
2016-11-02 00:00:00+09:00,796.0,815.5,765.5,782.0,84200
2016-11-04 00:00:00+09:00,775.0,775.0,750.0,759.5,32600
2016-11-07 00:00:00+09:00,739.5,765.0,702.5,723.5,131000
2016-11-08 00:00:00+09:00,729.0,735.0,694.0,722.5,88600
2016-11-09 00:00:00+09:00,730.5,730.5,635.0,663.5,174600
2016-11-10 00:00:00+09:00,708.5,717.5,690.0,711.5,66400
2016-11-11 00:00:00+09:00,701.5,712.0,690.5,705.5,42800
2016-11-14 00:00:00+09:00,700.0,717.5,700.0,703.5,24800
2016-11-15 00:00:00+09:00,703.5,756.5,703.5,743.0,51600
2016-11-16 00:00:00+09:00,734.0,750.0,716.5,742.0,17800
2016-11-17 00:00:00+09:00,736.0,750.0,732.0,750.0,21600
2016-11-18 00:00:00+09:00,750.0,770.0,743.0,765.0,36200
2016-11-21 00:00:00+09:00,770.0,800.0,766.5,785.5,55400
2016-11-22 00:00:00+09:00,777.5,791.5,772.0,781.0,13000
2016-11-24 00:00:00+09:00,773.0,802.5,773.0,796.5,23200
2016-11-25 00:00:00+09:00,785.0,797.5,769.5,771.0,20800
2016-11-28 00:00:00+09:00,778.0,795.0,750.0,769.5,32400
2016-11-29 00:00:00+09:00,762.5,812.5,760.0,770.5,50600
2016-11-30 00:00:00+09:00,765.5,793.5,763.0,779.0,15800
2016-12-01 00:00:00+09:00,790.5,790.5,766.0,770.0,6800
2016-12-02 00:00:00+09:00,765.0,765.0,740.0,748.0,64800
2016-12-05 00:00:00+09:00,737.5,750.0,733.0,737.5,17200
2016-12-06 00:00:00+09:00,887.5,887.5,875.0,887.5,663200
2016-12-07 00:00:00+09:00,807.5,830.0,767.5,780.5,583800
2016-12-08 00:00:00+09:00,780.5,787.0,740.5,767.0,131400
2016-12-09 00:00:00+09:00,765.5,789.0,760.0,772.5,85800
2016-12-12 00:00:00+09:00,785.5,788.5,772.5,780.5,52000
2016-12-13 00:00:00+09:00,776.0,787.0,770.0,787.0,34000
2016-12-14 00:00:00+09:00,785.5,809.5,771.5,785.0,69800
2016-12-15 00:00:00+09:00,795.0,817.0,787.5,812.5,64600
2016-12-16 00:00:00+09:00,817.5,832.5,789.0,790.5,74800
2016-12-19 00:00:00+09:00,792.5,806.0,785.0,788.5,23000
2016-12-20 00:00:00+09:00,791.0,811.0,780.5,811.0,54400
2016-12-21 00:00:00+09:00,824.5,834.5,800.0,830.0,84400
2016-12-22 00:00:00+09:00,829.5,834.0,812.5,812.5,65000
2016-12-26 00:00:00+09:00,810.0,836.5,801.0,816.0,56600
2016-12-27 00:00:00+09:00,810.0,824.0,770.0,817.0,118400
2016-12-28 00:00:00+09:00,816.5,848.0,816.5,847.0,86200
2016-12-29 00:00:00+09:00,845.0,845.0,810.0,819.0,65400
2016-12-30 00:00:00+09:00,826.5,835.0,804.0,825.5,48800
2017-01-04 00:00:00+09:00,826.5,850.0,807.5,840.0,84200
2017-01-05 00:00:00+09:00,847.0,862.5,844.5,862.0,60200
2017-01-06 00:00:00+09:00,855.0,870.0,843.0,855.5,72000
2017-01-10 00:00:00+09:00,866.0,867.5,820.5,838.5,99200
2017-01-11 00:00:00+09:00,835.0,835.0,789.0,800.0,171000
2017-01-12 00:00:00+09:00,799.5,804.5,775.0,794.5,68600
2017-01-13 00:00:00+09:00,792.5,803.0,777.5,800.0,52600
2017-01-16 00:00:00+09:00,788.0,804.5,786.0,786.5,27600
2017-01-17 00:00:00+09:00,786.5,796.0,775.5,788.5,26600
2017-01-18 00:00:00+09:00,795.0,809.0,784.0,800.5,66200
2017-01-19 00:00:00+09:00,801.0,822.5,801.0,822.5,74000
2017-01-20 00:00:00+09:00,820.5,820.5,790.0,794.0,44800
2017-01-23 00:00:00+09:00,789.0,793.0,778.5,779.5,46200
2017-01-24 00:00:00+09:00,780.0,787.0,775.0,777.0,21600
2017-01-25 00:00:00+09:00,784.5,790.0,770.5,790.0,35000
2017-01-26 00:00:00+09:00,798.0,804.5,787.5,801.5,35600
2017-01-27 00:00:00+09:00,801.5,801.5,782.5,790.0,25800
2017-01-30 00:00:00+09:00,784.0,794.5,779.5,786.5,23000
2017-01-31 00:00:00+09:00,780.5,795.0,780.5,790.0,15800
2017-02-01 00:00:00+09:00,785.0,785.0,751.0,769.0,59000
2017-02-02 00:00:00+09:00,769.0,781.5,769.0,775.5,27400
2017-02-03 00:00:00+09:00,767.0,771.0,751.5,752.5,48400
2017-02-06 00:00:00+09:00,780.0,782.0,760.0,779.5,42200
2017-02-07 00:00:00+09:00,780.0,780.0,765.5,780.0,19400
2017-02-08 00:00:00+09:00,780.0,788.0,775.5,782.5,13600
2017-02-09 00:00:00+09:00,779.5,784.0,773.0,780.5,14400
2017-02-10 00:00:00+09:00,783.0,792.0,780.0,788.5,20000
2017-02-13 00:00:00+09:00,786.5,791.5,774.5,777.5,48400
2017-02-14 00:00:00+09:00,789.5,810.0,785.0,797.0,46800
2017-02-15 00:00:00+09:00,797.5,805.0,781.5,785.0,26800
2017-02-16 00:00:00+09:00,787.0,796.5,783.0,789.0,17000
2017-02-17 00:00:00+09:00,788.5,797.0,780.0,780.0,13000
2017-02-20 00:00:00+09:00,781.0,794.5,780.5,785.0,24400
2017-02-21 00:00:00+09:00,784.5,804.0,784.5,794.5,18200
2017-02-22 00:00:00+09:00,800.0,800.0,783.0,790.0,16800
2017-02-23 00:00:00+09:00,792.0,795.0,785.0,787.5,10000
2017-02-24 00:00:00+09:00,788.5,790.0,781.0,787.0,16000
2017-02-27 00:00:00+09:00,785.0,788.5,772.0,780.0,27200
2017-02-28 00:00:00+09:00,804.5,804.5,787.5,798.0,71800
2017-03-01 00:00:00+09:00,797.0,799.5,776.5,790.5,31400
2017-03-02 00:00:00+09:00,800.5,801.0,790.0,795.0,34600
2017-03-03 00:00:00+09:00,792.0,796.0,783.5,795.5,28000
2017-03-06 00:00:00+09:00,797.0,797.0,790.0,792.0,16000
2017-03-07 00:00:00+09:00,792.0,798.5,789.5,789.5,13800
2017-03-08 00:00:00+09:00,788.0,790.0,782.5,786.5,16200
2017-03-09 00:00:00+09:00,784.5,786.0,774.0,779.0,25800
2017-03-10 00:00:00+09:00,810.0,817.0,790.0,810.0,168200
2017-03-13 00:00:00+09:00,802.5,807.0,775.0,780.5,74600
2017-03-14 00:00:00+09:00,782.0,782.0,770.0,774.0,35200
2017-03-15 00:00:00+09:00,767.0,772.5,745.0,746.0,88400
2017-03-16 00:00:00+09:00,750.5,757.0,741.5,755.0,29200
2017-03-17 00:00:00+09:00,750.0,755.0,735.5,739.5,65600
2017-03-21 00:00:00+09:00,736.0,761.0,735.5,759.0,27800
2017-03-22 00:00:00+09:00,739.0,752.5,739.0,740.0,25800
2017-03-23 00:00:00+09:00,742.5,752.0,734.5,743.5,14400
2017-03-24 00:00:00+09:00,740.5,748.5,740.0,744.0,20800
2017-03-27 00:00:00+09:00,740.0,742.5,715.0,716.5,43400
2017-03-28 00:00:00+09:00,716.0,740.0,716.0,738.5,52200
2017-03-29 00:00:00+09:00,718.5,739.0,718.5,720.5,41800
2017-03-30 00:00:00+09:00,732.5,732.5,697.0,698.0,73600
2017-03-31 00:00:00+09:00,704.0,712.5,695.0,697.5,48200
2017-04-03 00:00:00+09:00,695.0,700.0,682.5,682.5,39400
2017-04-04 00:00:00+09:00,692.0,692.0,655.0,664.0,65800
2017-04-05 00:00:00+09:00,664.0,669.0,650.5,659.5,28800
2017-04-06 00:00:00+09:00,653.0,653.0,640.0,642.5,58200
2017-04-07 00:00:00+09:00,651.5,667.0,643.0,667.0,31400
2017-04-10 00:00:00+09:00,660.5,678.5,657.5,668.5,21400
2017-04-11 00:00:00+09:00,667.5,667.5,645.5,646.5,43600
2017-04-12 00:00:00+09:00,638.0,638.0,596.0,607.0,93000
2017-04-13 00:00:00+09:00,597.5,630.5,595.0,621.0,43200
2017-04-14 00:00:00+09:00,615.5,618.5,599.5,600.0,32600
2017-04-17 00:00:00+09:00,601.5,620.0,601.5,620.0,23800
2017-04-18 00:00:00+09:00,634.0,637.5,619.0,637.0,40200
2017-04-19 00:00:00+09:00,625.0,655.0,621.0,633.0,36200
2017-04-20 00:00:00+09:00,628.5,643.5,628.5,640.5,25200
2017-04-21 00:00:00+09:00,642.5,659.0,640.5,657.5,34000
2017-04-24 00:00:00+09:00,651.0,656.5,644.0,644.5,19800
2017-04-25 00:00:00+09:00,641.0,660.0,641.0,658.0,24000
2017-04-26 00:00:00+09:00,672.0,672.0,656.5,662.0,16200
2017-04-27 00:00:00+09:00,660.0,682.5,660.0,679.5,18800
2017-04-28 00:00:00+09:00,679.5,679.5,650.5,672.5,31800
2017-05-01 00:00:00+09:00,675.0,676.5,665.0,671.0,15200
2017-05-02 00:00:00+09:00,670.0,679.0,668.5,674.0,11200
2017-05-08 00:00:00+09:00,665.5,686.0,648.0,678.5,40000
2017-05-09 00:00:00+09:00,679.0,688.0,674.0,684.5,13200
2017-05-10 00:00:00+09:00,684.5,694.0,678.5,694.0,34000
2017-05-11 00:00:00+09:00,694.0,694.0,686.5,692.0,11200
2017-05-12 00:00:00+09:00,692.0,692.0,674.0,675.0,25400
2017-05-15 00:00:00+09:00,647.5,662.5,617.5,636.0,75000
2017-05-16 00:00:00+09:00,621.0,635.0,617.5,632.5,37200
2017-05-17 00:00:00+09:00,632.5,642.5,630.0,640.0,30200
2017-05-18 00:00:00+09:00,625.0,643.0,621.5,641.5,30800
2017-05-19 00:00:00+09:00,660.0,698.0,656.5,657.5,81400
2017-05-22 00:00:00+09:00,660.0,663.0,643.0,656.0,48000
2017-05-23 00:00:00+09:00,655.0,661.0,655.0,656.0,13000
2017-05-24 00:00:00+09:00,669.0,669.0,657.5,662.5,11800
2017-05-25 00:00:00+09:00,658.5,666.5,653.0,654.5,9800
2017-05-26 00:00:00+09:00,654.5,654.5,640.5,645.0,14600
2017-05-29 00:00:00+09:00,644.5,644.5,635.0,638.5,12200
2017-05-30 00:00:00+09:00,638.5,639.5,634.0,635.0,10800
2017-05-31 00:00:00+09:00,633.5,640.0,622.0,631.0,76600
2017-06-01 00:00:00+09:00,633.5,640.0,633.5,639.5,14200
2017-06-02 00:00:00+09:00,645.0,645.0,630.5,633.5,22400
2017-06-05 00:00:00+09:00,640.0,644.5,625.0,630.0,39800
2017-06-06 00:00:00+09:00,636.5,640.0,620.0,627.5,90600
2017-06-07 00:00:00+09:00,623.0,665.0,620.0,646.5,125400
2017-06-08 00:00:00+09:00,638.5,662.5,637.5,648.0,66600
2017-06-09 00:00:00+09:00,660.0,660.0,641.0,645.0,18800
2017-06-12 00:00:00+09:00,652.0,690.0,649.5,674.0,77800
2017-06-13 00:00:00+09:00,665.5,702.0,665.5,674.0,65200
2017-06-14 00:00:00+09:00,689.0,716.5,689.0,716.5,100800
2017-06-15 00:00:00+09:00,720.0,720.0,690.0,700.0,58600
2017-06-16 00:00:00+09:00,693.5,700.0,683.0,700.0,29600
2017-06-19 00:00:00+09:00,700.5,704.0,685.5,694.5,16400
2017-06-20 00:00:00+09:00,694.0,694.0,673.0,681.0,39200
2017-06-21 00:00:00+09:00,681.0,684.5,677.5,684.5,13000
2017-06-22 00:00:00+09:00,677.5,687.5,677.5,680.5,17800
2017-06-23 00:00:00+09:00,693.5,693.5,678.0,690.5,27000
2017-06-26 00:00:00+09:00,690.0,700.0,689.0,693.0,15000
2017-06-27 00:00:00+09:00,691.0,699.5,686.5,693.5,13800
2017-06-28 00:00:00+09:00,686.0,688.5,678.0,678.0,22400
2017-06-29 00:00:00+09:00,675.5,690.0,665.0,689.0,31400
2017-06-30 00:00:00+09:00,687.0,689.5,677.5,689.5,10600
2017-07-03 00:00:00+09:00,684.0,692.0,682.5,686.0,20200
2017-07-04 00:00:00+09:00,691.0,691.0,665.0,670.0,32800
2017-07-05 00:00:00+09:00,660.5,672.5,656.0,658.0,32000
2017-07-06 00:00:00+09:00,663.0,669.5,659.0,660.0,9600
2017-07-07 00:00:00+09:00,660.0,666.0,647.0,666.0,42600
2017-07-10 00:00:00+09:00,662.5,674.0,660.5,660.5,17600
2017-07-11 00:00:00+09:00,660.5,665.0,657.0,661.5,11800
2017-07-12 00:00:00+09:00,653.0,658.0,653.0,657.5,17400
2017-07-13 00:00:00+09:00,657.5,658.5,651.0,651.0,32600
2017-07-14 00:00:00+09:00,655.0,662.5,652.5,657.0,7800
2017-07-17 00:00:00+09:00,657.0,657.0,657.0,657.0,0
2017-07-18 00:00:00+09:00,659.5,672.0,650.5,668.5,14000
2017-07-19 00:00:00+09:00,663.0,665.5,656.5,664.0,17200
2017-07-20 00:00:00+09:00,665.0,668.0,662.5,664.5,15400
2017-07-21 00:00:00+09:00,664.0,664.0,658.5,658.5,6400
2017-07-24 00:00:00+09:00,660.0,668.0,656.0,660.0,11800
2017-07-25 00:00:00+09:00,660.0,664.0,657.0,661.0,10600
2017-07-26 00:00:00+09:00,661.0,664.0,658.0,660.5,7400
2017-07-27 00:00:00+09:00,660.5,660.5,655.0,657.5,7000
2017-07-28 00:00:00+09:00,655.0,660.0,645.5,651.5,25600
2017-07-31 00:00:00+09:00,648.5,668.5,648.0,655.0,19600
2017-08-01 00:00:00+09:00,651.5,672.0,649.0,668.0,44200
2017-08-02 00:00:00+09:00,659.5,674.5,651.5,653.5,17800
2017-08-03 00:00:00+09:00,623.5,642.0,623.5,627.0,81800
2017-08-04 00:00:00+09:00,628.5,652.0,628.5,642.5,16200
2017-08-07 00:00:00+09:00,636.0,640.0,623.0,629.5,35400
2017-08-08 00:00:00+09:00,629.5,634.0,622.0,629.5,15400
2017-08-09 00:00:00+09:00,625.0,625.0,600.0,616.0,45800
2017-08-10 00:00:00+09:00,613.0,616.5,597.5,612.5,29400
2017-08-11 00:00:00+09:00,612.5,612.5,612.5,612.5,0
2017-08-14 00:00:00+09:00,599.0,612.0,593.0,604.5,14800
2017-08-15 00:00:00+09:00,604.5,625.0,601.5,605.5,21000
2017-08-16 00:00:00+09:00,611.0,640.0,611.0,619.0,31600
2017-08-17 00:00:00+09:00,617.5,619.5,603.0,615.0,19000
2017-08-18 00:00:00+09:00,610.5,610.5,605.0,605.0,10400
2017-08-21 00:00:00+09:00,601.0,605.0,569.0,594.0,58000
2017-08-22 00:00:00+09:00,600.0,634.0,596.0,621.5,25000
2017-08-23 00:00:00+09:00,619.5,637.0,619.5,630.0,24200
2017-08-24 00:00:00+09:00,625.5,630.0,610.0,619.0,19400
2017-08-25 00:00:00+09:00,607.5,625.0,607.5,618.5,7200
2017-08-28 00:00:00+09:00,618.5,620.0,613.0,620.0,5800
2017-08-29 00:00:00+09:00,615.0,624.0,612.0,624.0,13000
2017-08-30 00:00:00+09:00,622.5,625.0,619.5,619.5,7000
2017-08-31 00:00:00+09:00,618.0,624.5,618.0,620.5,4800
2017-09-01 00:00:00+09:00,619.5,624.0,619.5,624.0,7600
2017-09-04 00:00:00+09:00,626.0,669.0,626.0,654.0,107400
2017-09-05 00:00:00+09:00,664.0,664.5,600.0,601.0,89200
2017-09-06 00:00:00+09:00,581.0,597.5,550.5,589.5,60000
2017-09-07 00:00:00+09:00,619.5,619.5,565.0,566.0,50000
2017-09-08 00:00:00+09:00,556.5,562.0,547.5,549.5,91800
2017-09-11 00:00:00+09:00,550.5,559.5,549.5,557.0,45400
2017-09-12 00:00:00+09:00,567.5,567.5,550.5,557.0,27600
2017-09-13 00:00:00+09:00,552.0,658.0,539.0,577.5,465600
2017-09-14 00:00:00+09:00,580.0,583.5,559.0,562.0,86000
2017-09-15 00:00:00+09:00,550.5,565.0,550.5,558.0,25800
2017-09-18 00:00:00+09:00,558.0,558.0,558.0,558.0,0
2017-09-19 00:00:00+09:00,600.0,600.0,580.0,587.5,67400
2017-09-20 00:00:00+09:00,587.5,587.5,575.0,576.0,20800
2017-09-21 00:00:00+09:00,578.0,588.5,573.0,580.0,34600
2017-09-22 00:00:00+09:00,580.0,583.0,556.5,563.5,46000
2017-09-25 00:00:00+09:00,569.5,580.5,565.0,565.0,17000
2017-09-26 00:00:00+09:00,565.5,582.5,556.0,556.0,25800
2017-09-27 00:00:00+09:00,556.5,572.5,552.5,569.5,26400
2017-09-28 00:00:00+09:00,582.5,688.0,571.5,655.0,520800
2017-09-29 00:00:00+09:00,651.0,668.5,635.5,640.5,161600
2017-10-02 00:00:00+09:00,641.0,645.5,607.5,640.0,77800
2017-10-03 00:00:00+09:00,629.5,640.5,620.0,620.0,38600
2017-10-04 00:00:00+09:00,620.0,620.5,606.0,606.0,35800
2017-10-05 00:00:00+09:00,606.0,606.5,582.5,588.5,72200
2017-10-06 00:00:00+09:00,594.5,615.0,594.5,600.0,42000
2017-10-09 00:00:00+09:00,600.0,600.0,600.0,600.0,0
2017-10-10 00:00:00+09:00,600.0,604.5,593.5,598.5,9200
2017-10-11 00:00:00+09:00,593.0,596.0,590.5,591.0,26400
2017-10-12 00:00:00+09:00,594.0,610.0,593.0,602.0,19200
2017-10-13 00:00:00+09:00,601.5,601.5,592.0,594.5,28600
2017-10-16 00:00:00+09:00,593.0,600.5,591.0,591.0,21600
2017-10-17 00:00:00+09:00,593.5,595.0,582.5,586.0,23600
2017-10-18 00:00:00+09:00,588.0,597.5,588.0,592.5,12000
2017-10-19 00:00:00+09:00,592.5,600.0,576.0,577.5,47800
2017-10-20 00:00:00+09:00,577.5,582.5,558.5,582.5,80000
2017-10-23 00:00:00+09:00,584.5,584.5,570.0,576.0,43800
2017-10-24 00:00:00+09:00,577.0,609.0,577.0,607.0,61400
2017-10-25 00:00:00+09:00,607.0,607.0,592.0,592.0,22600
2017-10-26 00:00:00+09:00,594.0,601.5,594.0,599.0,12800
2017-10-27 00:00:00+09:00,600.0,604.5,597.0,603.5,9200
2017-10-30 00:00:00+09:00,609.0,610.0,601.0,606.5,39800
2017-10-31 00:00:00+09:00,614.0,614.0,609.0,611.5,15200
2017-11-01 00:00:00+09:00,611.5,625.0,609.5,620.5,40600
2017-11-02 00:00:00+09:00,616.5,618.0,607.0,607.0,29400
2017-11-03 00:00:00+09:00,607.0,607.0,607.0,607.0,0
2017-11-06 00:00:00+09:00,601.5,616.0,601.5,608.0,23000
2017-11-07 00:00:00+09:00,601.0,608.0,581.0,590.0,54400
2017-11-08 00:00:00+09:00,590.5,610.0,588.5,610.0,23000
2017-11-09 00:00:00+09:00,607.5,647.5,590.0,638.5,170200
2017-11-10 00:00:00+09:00,650.5,788.5,650.0,788.5,393200
2017-11-13 00:00:00+09:00,824.5,971.0,773.5,925.5,3080400
2017-11-14 00:00:00+09:00,885.5,965.0,852.0,941.5,795600
2017-11-15 00:00:00+09:00,955.0,988.5,895.5,949.5,550800
2017-11-16 00:00:00+09:00,949.5,999.0,926.0,942.5,395400
2017-11-17 00:00:00+09:00,930.0,941.0,897.0,922.0,211600
2017-11-20 00:00:00+09:00,910.5,911.5,862.0,886.5,165000
2017-11-21 00:00:00+09:00,873.5,910.0,869.5,889.5,89200
2017-11-22 00:00:00+09:00,878.0,984.0,878.0,949.0,241200
2017-11-23 00:00:00+09:00,949.0,949.0,949.0,949.0,0
2017-11-24 00:00:00+09:00,931.0,995.0,924.0,933.5,146200
2017-11-27 00:00:00+09:00,923.0,940.0,897.5,900.0,75200
2017-11-28 00:00:00+09:00,900.0,973.0,884.0,965.0,142600
2017-11-29 00:00:00+09:00,1105.0,1165.0,1100.5,1165.0,571800
2017-11-30 00:00:00+09:00,1178.0,1410.0,1178.0,1215.0,2957000
2017-12-01 00:00:00+09:00,1175.0,1310.0,1150.5,1310.0,757800
2017-12-04 00:00:00+09:00,1290.0,1373.0,1290.0,1309.5,440800
2017-12-05 00:00:00+09:00,1300.0,1342.0,1225.0,1337.0,319000
2017-12-06 00:00:00+09:00,1372.5,1444.5,1290.0,1306.0,447000
2017-12-07 00:00:00+09:00,1306.0,1350.0,1291.5,1319.5,147400
2017-12-08 00:00:00+09:00,1369.5,1369.5,1291.0,1307.0,143800
2017-12-11 00:00:00+09:00,1332.0,1345.0,1295.5,1300.0,83800
2017-12-12 00:00:00+09:00,1293.5,1345.0,1241.0,1256.5,193800
2017-12-13 00:00:00+09:00,1245.0,1268.0,1218.5,1257.0,150800
2017-12-14 00:00:00+09:00,1250.5,1339.0,1239.0,1338.5,134000
2017-12-15 00:00:00+09:00,1313.5,1350.0,1297.5,1320.0,78800
2017-12-18 00:00:00+09:00,1335.0,1344.5,1285.0,1295.0,62400
2017-12-19 00:00:00+09:00,1297.5,1318.0,1286.0,1300.0,48000
2017-12-20 00:00:00+09:00,1300.0,1300.5,1280.0,1294.5,36000
2017-12-21 00:00:00+09:00,1295.0,1313.5,1287.5,1306.5,47600
2017-12-22 00:00:00+09:00,1300.5,1427.0,1298.5,1408.0,274000
2017-12-25 00:00:00+09:00,1404.0,1424.5,1345.5,1367.5,206200
2017-12-26 00:00:00+09:00,1360.5,1413.5,1355.0,1363.5,123000
2017-12-27 00:00:00+09:00,1370.5,1480.0,1370.5,1457.0,252600
2017-12-28 00:00:00+09:00,1425.5,1449.5,1387.5,1389.5,215800
2017-12-29 00:00:00+09:00,1380.5,1409.5,1377.5,1389.5,71000
2018-01-01 00:00:00+09:00,1389.5,1389.5,1389.5,1389.5,0
2018-01-02 00:00:00+09:00,1389.5,1389.5,1389.5,1389.5,0
2018-01-03 00:00:00+09:00,1389.5,1389.5,1389.5,1389.5,0
2018-01-04 00:00:00+09:00,1414.5,1432.5,1358.5,1387.5,144000
2018-01-05 00:00:00+09:00,1380.0,1396.0,1329.5,1367.5,205800
2018-01-08 00:00:00+09:00,1367.5,1367.5,1367.5,1367.5,0
2018-01-09 00:00:00+09:00,1392.5,1457.5,1354.0,1406.5,238000
2018-01-10 00:00:00+09:00,1400.0,1585.0,1389.5,1545.0,480000
2018-01-11 00:00:00+09:00,1527.5,1600.0,1505.0,1540.0,376600
2018-01-12 00:00:00+09:00,1600.0,1715.0,1582.5,1630.0,437600
2018-01-15 00:00:00+09:00,1650.0,1725.0,1610.0,1647.5,237200
2018-01-16 00:00:00+09:00,1635.0,1665.0,1537.5,1630.0,336000
2018-01-17 00:00:00+09:00,1585.0,1587.5,1486.0,1496.0,294400
2018-01-18 00:00:00+09:00,1515.0,1532.5,1475.0,1475.0,129600
2018-01-19 00:00:00+09:00,1484.0,1560.0,1475.0,1520.0,124800
2018-01-22 00:00:00+09:00,1520.0,1637.5,1515.0,1630.0,303000
2018-01-23 00:00:00+09:00,1617.5,1685.0,1605.0,1670.0,294200
2018-01-24 00:00:00+09:00,1705.0,1967.5,1705.0,1890.0,666400
2018-01-25 00:00:00+09:00,1855.0,1892.5,1822.5,1880.0,226800
2018-01-26 00:00:00+09:00,1867.5,1927.5,1840.0,1845.0,81400
2018-01-29 00:00:00+09:00,1815.0,1837.5,1690.0,1702.5,220000
2018-01-30 00:00:00+09:00,1722.5,1737.5,1610.0,1667.5,202200
2018-01-31 00:00:00+09:00,1682.5,1710.0,1632.5,1640.0,88600
2018-02-01 00:00:00+09:00,1662.5,1707.5,1627.5,1680.0,68000
2018-02-02 00:00:00+09:00,1680.0,1690.0,1600.0,1630.0,98000
2018-02-05 00:00:00+09:00,1525.0,1577.5,1500.0,1510.0,192000
2018-02-06 00:00:00+09:00,1350.0,1415.0,1210.5,1320.5,431400
2018-02-07 00:00:00+09:00,1460.0,1471.0,1296.5,1313.5,253800
2018-02-08 00:00:00+09:00,1335.5,1477.5,1304.5,1451.0,208600
2018-02-09 00:00:00+09:00,1365.5,1439.0,1365.5,1428.5,111000
2018-02-12 00:00:00+09:00,1428.5,1428.5,1428.5,1428.5,0
2018-02-13 00:00:00+09:00,1453.5,1500.0,1375.0,1375.0,79800
2018-02-14 00:00:00+09:00,1350.0,1389.5,1302.5,1340.5,86600
2018-02-15 00:00:00+09:00,1340.5,1482.5,1336.0,1453.5,104600
2018-02-16 00:00:00+09:00,1450.0,1481.0,1415.5,1427.5,55600
2018-02-19 00:00:00+09:00,1427.0,1510.0,1407.5,1499.5,64400
2018-02-20 00:00:00+09:00,1507.5,1542.5,1471.0,1478.5,34600
2018-02-21 00:00:00+09:00,1478.5,1530.0,1476.5,1500.0,24200
2018-02-22 00:00:00+09:00,1562.5,1570.0,1433.5,1438.0,103200
2018-02-23 00:00:00+09:00,1413.0,1473.0,1407.5,1439.0,30800
2018-02-26 00:00:00+09:00,1464.0,1478.5,1446.5,1470.0,16600
2018-02-27 00:00:00+09:00,1502.5,1505.0,1413.0,1416.5,39000
2018-02-28 00:00:00+09:00,1416.5,1437.5,1400.5,1436.5,23400
2018-03-01 00:00:00+09:00,1433.0,1433.0,1343.5,1355.0,95200
2018-03-02 00:00:00+09:00,1300.0,1359.5,1300.0,1357.0,36200
2018-03-05 00:00:00+09:00,1382.0,1382.0,1250.0,1290.5,87000
2018-03-06 00:00:00+09:00,1313.0,1358.5,1280.0,1333.0,47200
2018-03-07 00:00:00+09:00,1333.0,1347.5,1300.0,1312.5,23000
2018-03-08 00:00:00+09:00,1337.5,1348.5,1302.5,1318.5,16000
2018-03-09 00:00:00+09:00,1393.5,1393.5,1337.0,1337.0,30600
2018-03-12 00:00:00+09:00,1325.5,1344.0,1277.0,1294.0,28000
2018-03-13 00:00:00+09:00,1294.0,1338.0,1294.0,1303.5,27000
2018-03-14 00:00:00+09:00,1328.5,1347.5,1311.5,1347.5,17400
2018-03-15 00:00:00+09:00,1347.5,1380.0,1327.0,1353.0,29400
2018-03-16 00:00:00+09:00,1378.0,1379.5,1344.0,1354.0,32000
2018-03-19 00:00:00+09:00,1338.5,1363.5,1257.5,1274.5,60000
2018-03-20 00:00:00+09:00,1224.5,1279.0,1215.0,1265.5,52200
2018-03-21 00:00:00+09:00,1265.5,1265.5,1265.5,1265.5,0
2018-03-22 00:00:00+09:00,1254.0,1260.5,1225.0,1241.5,27400
2018-03-23 00:00:00+09:00,1215.0,1239.0,1185.5,1194.0,53800
2018-03-26 00:00:00+09:00,1189.0,1189.0,1152.5,1177.0,48000
2018-03-27 00:00:00+09:00,1177.5,1239.5,1177.5,1223.0,35000
2018-03-28 00:00:00+09:00,1198.0,1297.0,1198.0,1283.0,62000
2018-03-29 00:00:00+09:00,1300.0,1333.0,1272.5,1326.5,47400
2018-03-30 00:00:00+09:00,1307.0,1374.5,1307.0,1352.5,62400
2018-04-02 00:00:00+09:00,1377.5,1475.0,1373.5,1447.0,90200
2018-04-03 00:00:00+09:00,1430.0,1446.0,1395.0,1418.5,72400
2018-04-04 00:00:00+09:00,1475.0,1475.0,1426.5,1455.0,70600
2018-04-05 00:00:00+09:00,1450.0,1464.5,1437.5,1446.0,44000
2018-04-06 00:00:00+09:00,1447.5,1466.5,1373.0,1403.0,45400
2018-04-09 00:00:00+09:00,1361.0,1367.5,1312.5,1337.5,47600
2018-04-10 00:00:00+09:00,1430.0,1430.0,1338.0,1341.5,68400
2018-04-11 00:00:00+09:00,1341.5,1342.5,1254.5,1260.0,59200
2018-04-12 00:00:00+09:00,1310.0,1367.5,1244.5,1246.5,77400
2018-04-13 00:00:00+09:00,1243.5,1321.5,1240.0,1313.5,25600
2018-04-16 00:00:00+09:00,1300.5,1310.0,1246.5,1265.0,37000
2018-04-17 00:00:00+09:00,1280.5,1301.5,1219.0,1250.0,41400
2018-04-18 00:00:00+09:00,1237.5,1274.5,1237.5,1263.0,6800
2018-04-19 00:00:00+09:00,1263.0,1280.0,1220.5,1249.5,24600
2018-04-20 00:00:00+09:00,1224.5,1281.0,1222.0,1266.0,19400
2018-04-23 00:00:00+09:00,1266.0,1266.0,1231.5,1236.0,10000
2018-04-24 00:00:00+09:00,1236.0,1248.5,1193.5,1202.5,30000
2018-04-25 00:00:00+09:00,1190.0,1210.5,1141.5,1141.5,53400
2018-04-26 00:00:00+09:00,1142.0,1157.5,1107.5,1152.5,50800
2018-04-27 00:00:00+09:00,1152.5,1181.0,1131.5,1169.0,30400
2018-04-30 00:00:00+09:00,1169.0,1169.0,1169.0,1169.0,0
2018-05-01 00:00:00+09:00,1152.5,1159.0,1129.0,1129.0,13400
2018-05-02 00:00:00+09:00,1131.5,1159.0,1120.0,1153.0,18800
2018-05-03 00:00:00+09:00,1153.0,1153.0,1153.0,1153.0,0
2018-05-04 00:00:00+09:00,1153.0,1153.0,1153.0,1153.0,0
2018-05-07 00:00:00+09:00,1128.0,1165.5,1128.0,1155.5,16800
2018-05-08 00:00:00+09:00,1155.5,1181.0,1137.5,1147.0,19400
2018-05-09 00:00:00+09:00,1150.0,1163.0,1129.5,1151.0,12000
2018-05-10 00:00:00+09:00,1170.0,1170.0,1140.0,1150.0,13000
2018-05-11 00:00:00+09:00,1137.5,1151.0,1081.0,1085.5,67000
2018-05-14 00:00:00+09:00,1055.0,1063.0,990.5,1000.0,104200
2018-05-15 00:00:00+09:00,980.0,1000.0,850.0,946.5,316200
2018-05-16 00:00:00+09:00,979.5,1076.5,969.0,1040.5,176000
2018-05-17 00:00:00+09:00,1065.5,1159.5,1043.5,1120.0,140800
2018-05-18 00:00:00+09:00,1085.0,1140.0,1085.0,1110.5,64000
2018-05-21 00:00:00+09:00,1101.5,1106.5,1063.5,1082.5,50200
2018-05-22 00:00:00+09:00,1075.0,1103.5,1065.5,1083.5,31000
2018-05-23 00:00:00+09:00,1108.5,1108.5,1067.0,1084.0,25600
2018-05-24 00:00:00+09:00,1072.5,1100.0,1057.0,1084.5,26400
2018-05-25 00:00:00+09:00,1060.5,1080.0,1057.0,1070.5,32200
2018-05-28 00:00:00+09:00,1070.5,1093.5,1060.0,1080.5,29600
2018-05-29 00:00:00+09:00,1089.5,1089.5,974.0,1037.5,76200
2018-05-30 00:00:00+09:00,1012.5,1016.5,950.0,972.5,60400
2018-05-31 00:00:00+09:00,972.5,1045.5,970.0,1020.5,43800
2018-06-01 00:00:00+09:00,1005.5,1041.0,991.5,1006.5,38000
2018-06-04 00:00:00+09:00,921.5,975.0,831.0,860.5,436800
2018-06-05 00:00:00+09:00,845.5,856.0,808.0,837.5,132200
2018-06-06 00:00:00+09:00,845.0,845.5,814.5,821.0,68200
2018-06-07 00:00:00+09:00,844.5,865.0,825.0,863.0,76400
2018-06-08 00:00:00+09:00,862.5,863.0,848.0,863.0,43800
2018-06-11 00:00:00+09:00,853.5,869.5,842.0,852.5,19600
2018-06-12 00:00:00+09:00,852.5,887.5,850.0,869.5,36400
2018-06-13 00:00:00+09:00,853.0,933.0,851.0,896.0,125200
2018-06-14 00:00:00+09:00,896.0,915.0,885.0,898.0,58000
2018-06-15 00:00:00+09:00,888.5,902.0,865.0,887.5,37000
2018-06-18 00:00:00+09:00,882.0,882.0,825.5,847.0,70200
2018-06-19 00:00:00+09:00,850.0,853.0,825.0,835.0,33400
2018-06-20 00:00:00+09:00,849.5,849.5,810.0,849.0,40200
2018-06-21 00:00:00+09:00,851.5,885.0,851.5,868.5,70800
2018-06-22 00:00:00+09:00,855.5,855.5,825.0,834.5,48600
2018-06-25 00:00:00+09:00,814.5,851.0,806.0,806.0,38200
2018-06-26 00:00:00+09:00,805.5,825.0,803.0,812.5,42800
2018-06-27 00:00:00+09:00,798.0,807.0,752.0,772.0,32600
2018-06-28 00:00:00+09:00,817.0,818.0,717.0,766.0,69600
2018-06-29 00:00:00+09:00,816.0,829.0,759.0,793.0,71400
2018-07-02 00:00:00+09:00,790.0,806.0,754.0,766.0,21600
2018-07-03 00:00:00+09:00,761.0,770.0,730.0,737.0,17900
2018-07-04 00:00:00+09:00,767.0,767.0,717.0,727.0,46600
2018-07-05 00:00:00+09:00,735.0,735.0,677.0,682.0,63000
2018-07-06 00:00:00+09:00,700.0,735.0,682.0,721.0,52200
2018-07-09 00:00:00+09:00,723.0,740.0,706.0,737.0,32300
2018-07-10 00:00:00+09:00,744.0,759.0,726.0,731.0,55900
2018-07-11 00:00:00+09:00,730.0,756.0,724.0,746.0,70800
2018-07-12 00:00:00+09:00,747.0,769.0,738.0,748.0,53500
2018-07-13 00:00:00+09:00,763.0,830.0,755.0,757.0,131000
2018-07-16 00:00:00+09:00,757.0,757.0,757.0,757.0,0
2018-07-17 00:00:00+09:00,794.0,794.0,711.0,722.0,123000
2018-07-18 00:00:00+09:00,745.0,756.0,722.0,752.0,80100
2018-07-19 00:00:00+09:00,752.0,791.0,741.0,789.0,59800
2018-07-20 00:00:00+09:00,778.0,829.0,765.0,829.0,84500
2018-07-23 00:00:00+09:00,802.0,848.0,798.0,834.0,70800
2018-07-24 00:00:00+09:00,841.0,973.0,821.0,900.0,279300
2018-07-25 00:00:00+09:00,870.0,911.0,851.0,875.0,128100
2018-07-26 00:00:00+09:00,870.0,881.0,832.0,832.0,72200
2018-07-27 00:00:00+09:00,835.0,836.0,783.0,808.0,102800
2018-07-30 00:00:00+09:00,803.0,850.0,803.0,842.0,79000
2018-07-31 00:00:00+09:00,857.0,857.0,803.0,814.0,37700
2018-08-01 00:00:00+09:00,829.0,913.0,820.0,869.0,198400
2018-08-02 00:00:00+09:00,869.0,910.0,854.0,904.0,126500
2018-08-03 00:00:00+09:00,906.0,1016.0,873.0,928.0,397600
2018-08-06 00:00:00+09:00,910.0,929.0,873.0,907.0,128900
2018-08-07 00:00:00+09:00,930.0,970.0,918.0,930.0,102600
2018-08-08 00:00:00+09:00,923.0,1015.0,899.0,995.0,207200
2018-08-09 00:00:00+09:00,1001.0,1103.0,998.0,1072.0,309100
2018-08-10 00:00:00+09:00,1084.0,1089.0,1006.0,1032.0,214000
2018-08-13 00:00:00+09:00,1030.0,1032.0,953.0,980.0,181100
2018-08-14 00:00:00+09:00,971.0,979.0,924.0,971.0,140100
2018-08-15 00:00:00+09:00,972.0,994.0,931.0,945.0,81800
2018-08-16 00:00:00+09:00,945.0,947.0,847.0,859.0,266500
2018-08-17 00:00:00+09:00,859.0,1009.0,859.0,990.0,313300
2018-08-20 00:00:00+09:00,989.0,1090.0,940.0,1078.0,385200
2018-08-21 00:00:00+09:00,1058.0,1063.0,913.0,916.0,568100
2018-08-22 00:00:00+09:00,904.0,944.0,876.0,913.0,192800
2018-08-23 00:00:00+09:00,886.0,963.0,866.0,938.0,260500
2018-08-24 00:00:00+09:00,1030.0,1031.0,941.0,975.0,418900
2018-08-27 00:00:00+09:00,975.0,1030.0,975.0,1011.0,211800
2018-08-28 00:00:00+09:00,1005.0,1025.0,958.0,966.0,196100
2018-08-29 00:00:00+09:00,957.0,1006.0,955.0,1005.0,142200
2018-08-30 00:00:00+09:00,1007.0,1045.0,1001.0,1015.0,172700
2018-08-31 00:00:00+09:00,1005.0,1050.0,1005.0,1035.0,277800
2018-09-03 00:00:00+09:00,1037.0,1070.0,1002.0,1064.0,292700
2018-09-04 00:00:00+09:00,1034.0,1081.0,1028.0,1046.0,220900
2018-09-05 00:00:00+09:00,1033.0,1035.0,992.0,1001.0,160400
2018-09-06 00:00:00+09:00,999.0,1003.0,945.0,965.0,157600
2018-09-07 00:00:00+09:00,974.0,974.0,915.0,921.0,132900
2018-09-10 00:00:00+09:00,939.0,950.0,903.0,911.0,67700
2018-09-11 00:00:00+09:00,916.0,928.0,901.0,920.0,49500
2018-09-12 00:00:00+09:00,931.0,943.0,891.0,898.0,60800
2018-09-13 00:00:00+09:00,891.0,900.0,871.0,875.0,82200
2018-09-14 00:00:00+09:00,890.0,927.0,874.0,922.0,57300
2018-09-17 00:00:00+09:00,922.0,922.0,922.0,922.0,0
2018-09-18 00:00:00+09:00,928.0,949.0,911.0,938.0,76700
2018-09-19 00:00:00+09:00,944.0,944.0,896.0,931.0,102200
2018-09-20 00:00:00+09:00,942.0,942.0,905.0,930.0,66800
2018-09-21 00:00:00+09:00,933.0,963.0,928.0,939.0,81300
2018-09-24 00:00:00+09:00,939.0,939.0,939.0,939.0,0
2018-09-25 00:00:00+09:00,932.0,949.0,914.0,936.0,58600
2018-09-26 00:00:00+09:00,950.0,1009.0,948.0,999.0,162500
2018-09-27 00:00:00+09:00,985.0,1029.0,984.0,992.0,107700
2018-09-28 00:00:00+09:00,995.0,1013.0,975.0,999.0,64800
2018-10-01 00:00:00+09:00,1092.0,1097.0,990.0,1014.0,723000
2018-10-02 00:00:00+09:00,1020.0,1033.0,945.0,946.0,254300
2018-10-03 00:00:00+09:00,940.0,941.0,890.0,899.0,302100
2018-10-04 00:00:00+09:00,897.0,899.0,850.0,879.0,252100
2018-10-05 00:00:00+09:00,865.0,884.0,851.0,861.0,96900
2018-10-08 00:00:00+09:00,861.0,861.0,861.0,861.0,0
2018-10-09 00:00:00+09:00,860.0,875.0,837.0,862.0,111000
2018-10-10 00:00:00+09:00,852.0,895.0,852.0,877.0,91600
2018-10-11 00:00:00+09:00,802.0,870.0,802.0,865.0,151500
2018-10-12 00:00:00+09:00,850.0,892.0,849.0,876.0,102000
2018-10-15 00:00:00+09:00,876.0,923.0,868.0,872.0,112400
2018-10-16 00:00:00+09:00,872.0,892.0,861.0,878.0,44600
2018-10-17 00:00:00+09:00,889.0,925.0,889.0,916.0,124600
2018-10-18 00:00:00+09:00,920.0,955.0,913.0,918.0,95100
2018-10-19 00:00:00+09:00,903.0,913.0,884.0,905.0,34900
2018-10-22 00:00:00+09:00,920.0,920.0,880.0,888.0,48200
2018-10-23 00:00:00+09:00,891.0,900.0,857.0,862.0,52900
2018-10-24 00:00:00+09:00,865.0,903.0,839.0,888.0,71800
2018-10-25 00:00:00+09:00,858.0,873.0,816.0,817.0,101000
2018-10-26 00:00:00+09:00,823.0,839.0,764.0,780.0,155000
2018-10-29 00:00:00+09:00,785.0,792.0,739.0,740.0,124800
2018-10-30 00:00:00+09:00,735.0,790.0,725.0,787.0,103300
2018-10-31 00:00:00+09:00,784.0,867.0,784.0,856.0,94200
2018-11-01 00:00:00+09:00,856.0,875.0,833.0,855.0,65000
2018-11-02 00:00:00+09:00,878.0,918.0,874.0,908.0,106100
2018-11-05 00:00:00+09:00,899.0,923.0,871.0,880.0,88400
2018-11-06 00:00:00+09:00,895.0,938.0,870.0,928.0,108900
2018-11-07 00:00:00+09:00,943.0,963.0,921.0,947.0,106700
2018-11-08 00:00:00+09:00,959.0,968.0,926.0,930.0,88000
2018-11-09 00:00:00+09:00,945.0,959.0,890.0,919.0,75900
2018-11-12 00:00:00+09:00,919.0,926.0,897.0,917.0,38900
2018-11-13 00:00:00+09:00,880.0,922.0,860.0,900.0,86000
2018-11-14 00:00:00+09:00,900.0,906.0,873.0,873.0,57600
2018-11-15 00:00:00+09:00,858.0,893.0,856.0,874.0,56800
2018-11-16 00:00:00+09:00,879.0,923.0,876.0,885.0,117900
2018-11-19 00:00:00+09:00,874.0,947.0,865.0,940.0,92600
2018-11-20 00:00:00+09:00,927.0,938.0,896.0,922.0,56300
2018-11-21 00:00:00+09:00,904.0,930.0,891.0,905.0,60900
2018-11-22 00:00:00+09:00,905.0,934.0,897.0,929.0,60600
2018-11-23 00:00:00+09:00,929.0,929.0,929.0,929.0,0
2018-11-26 00:00:00+09:00,914.0,945.0,907.0,928.0,57300
2018-11-27 00:00:00+09:00,935.0,951.0,912.0,912.0,62500
2018-11-28 00:00:00+09:00,912.0,942.0,902.0,937.0,128400
2018-11-29 00:00:00+09:00,937.0,962.0,917.0,959.0,147200
2018-11-30 00:00:00+09:00,951.0,994.0,951.0,979.0,160200
2018-12-03 00:00:00+09:00,994.0,1008.0,979.0,1002.0,135800
2018-12-04 00:00:00+09:00,991.0,1018.0,991.0,1000.0,99300
2018-12-05 00:00:00+09:00,970.0,1003.0,963.0,995.0,81000
2018-12-06 00:00:00+09:00,995.0,998.0,954.0,970.0,87300
2018-12-07 00:00:00+09:00,999.0,1010.0,956.0,971.0,69100
2018-12-10 00:00:00+09:00,950.0,950.0,880.0,933.0,147500
2018-12-11 00:00:00+09:00,925.0,925.0,854.0,878.0,173900
2018-12-12 00:00:00+09:00,878.0,901.0,854.0,889.0,96000
2018-12-13 00:00:00+09:00,898.0,911.0,846.0,891.0,139300
2018-12-14 00:00:00+09:00,906.0,906.0,847.0,857.0,139700
2018-12-17 00:00:00+09:00,847.0,867.0,817.0,849.0,72500
2018-12-18 00:00:00+09:00,815.0,820.0,776.0,782.0,152400
2018-12-19 00:00:00+09:00,799.0,802.0,770.0,779.0,105700
2018-12-20 00:00:00+09:00,764.0,771.0,700.0,730.0,267500
2018-12-21 00:00:00+09:00,745.0,752.0,704.0,730.0,101800
2018-12-24 00:00:00+09:00,730.0,730.0,730.0,730.0,0
2018-12-25 00:00:00+09:00,680.0,693.0,629.0,658.0,203600
2018-12-26 00:00:00+09:00,691.0,698.0,670.0,688.0,72600
2018-12-27 00:00:00+09:00,710.0,788.0,710.0,788.0,159500
2018-12-28 00:00:00+09:00,799.0,799.0,750.0,784.0,97000
2018-12-31 00:00:00+09:00,784.0,784.0,784.0,784.0,0
2019-01-04 00:00:00+09:00,765.0,840.0,741.0,831.0,88800
2019-01-07 00:00:00+09:00,821.0,860.0,821.0,842.0,105900
2019-01-08 00:00:00+09:00,843.0,866.0,834.0,840.0,99100
2019-01-09 00:00:00+09:00,842.0,843.0,807.0,820.0,119800
2019-01-10 00:00:00+09:00,809.0,819.0,773.0,786.0,111400
2019-01-11 00:00:00+09:00,794.0,824.0,768.0,786.0,146300
2019-01-15 00:00:00+09:00,776.0,813.0,769.0,813.0,109100
2019-01-16 00:00:00+09:00,808.0,814.0,793.0,796.0,71400
2019-01-17 00:00:00+09:00,807.0,832.0,792.0,816.0,105800
2019-01-18 00:00:00+09:00,921.0,922.0,816.0,822.0,667200
2019-01-21 00:00:00+09:00,837.0,855.0,769.0,769.0,321700
2019-01-22 00:00:00+09:00,780.0,780.0,722.0,758.0,253900
2019-01-23 00:00:00+09:00,744.0,756.0,733.0,749.0,108800
2019-01-24 00:00:00+09:00,762.0,808.0,754.0,808.0,170500
2019-01-25 00:00:00+09:00,819.0,819.0,765.0,790.0,248400
2019-01-28 00:00:00+09:00,795.0,850.0,783.0,793.0,438700
2019-01-29 00:00:00+09:00,793.0,802.0,760.0,770.0,176900
2019-01-30 00:00:00+09:00,701.0,706.0,655.0,661.0,713800
2019-01-31 00:00:00+09:00,688.0,714.0,671.0,708.0,218100
2019-02-01 00:00:00+09:00,736.0,736.0,692.0,730.0,367200
2019-02-04 00:00:00+09:00,717.0,735.0,695.0,718.0,364100
2019-02-05 00:00:00+09:00,729.0,750.0,719.0,732.0,243100
2019-02-06 00:00:00+09:00,740.0,763.0,717.0,725.0,221600
2019-02-07 00:00:00+09:00,726.0,730.0,698.0,725.0,184000
2019-02-08 00:00:00+09:00,701.0,730.0,701.0,706.0,135400
2019-02-12 00:00:00+09:00,715.0,725.0,707.0,715.0,107600
2019-02-13 00:00:00+09:00,720.0,743.0,709.0,733.0,138600
2019-02-14 00:00:00+09:00,755.0,773.0,744.0,752.0,196300
2019-02-15 00:00:00+09:00,742.0,760.0,730.0,744.0,117000
2019-02-18 00:00:00+09:00,760.0,783.0,751.0,763.0,193700
2019-02-19 00:00:00+09:00,765.0,790.0,757.0,790.0,143000
2019-02-20 00:00:00+09:00,786.0,810.0,785.0,810.0,210400
2019-02-21 00:00:00+09:00,809.0,824.0,801.0,816.0,171000
2019-02-22 00:00:00+09:00,825.0,826.0,800.0,807.0,132800
2019-02-25 00:00:00+09:00,818.0,830.0,801.0,820.0,169400
2019-02-26 00:00:00+09:00,826.0,830.0,801.0,807.0,151700
2019-02-27 00:00:00+09:00,810.0,858.0,801.0,855.0,272300
2019-02-28 00:00:00+09:00,855.0,891.0,838.0,870.0,350400
2019-03-01 00:00:00+09:00,893.0,896.0,855.0,863.0,296900
2019-03-04 00:00:00+09:00,868.0,904.0,865.0,899.0,281700
2019-03-05 00:00:00+09:00,884.0,931.0,883.0,916.0,356700
2019-03-06 00:00:00+09:00,930.0,946.0,900.0,910.0,254400
2019-03-07 00:00:00+09:00,911.0,915.0,893.0,899.0,139700
2019-03-08 00:00:00+09:00,876.0,898.0,856.0,874.0,242300
2019-03-11 00:00:00+09:00,871.0,877.0,837.0,876.0,133200
2019-03-12 00:00:00+09:00,891.0,897.0,874.0,883.0,183800
2019-03-13 00:00:00+09:00,883.0,897.0,855.0,859.0,171200
2019-03-14 00:00:00+09:00,870.0,881.0,849.0,860.0,98900
2019-03-15 00:00:00+09:00,848.0,859.0,828.0,828.0,153300
2019-03-18 00:00:00+09:00,830.0,860.0,829.0,829.0,94700
2019-03-19 00:00:00+09:00,839.0,843.0,826.0,837.0,81000
2019-03-20 00:00:00+09:00,840.0,868.0,830.0,854.0,112700
2019-03-22 00:00:00+09:00,852.0,853.0,800.0,821.0,118800
2019-03-25 00:00:00+09:00,795.0,812.0,790.0,808.0,86600
2019-03-26 00:00:00+09:00,816.0,823.0,799.0,816.0,110800
2019-03-27 00:00:00+09:00,834.0,859.0,829.0,831.0,99800
2019-03-28 00:00:00+09:00,831.0,835.0,807.0,815.0,90400
2019-03-29 00:00:00+09:00,839.0,872.0,836.0,872.0,159600
2019-04-01 00:00:00+09:00,874.0,884.0,829.0,830.0,145800
2019-04-02 00:00:00+09:00,832.0,855.0,804.0,805.0,108300
2019-04-03 00:00:00+09:00,811.0,840.0,803.0,837.0,116800
2019-04-04 00:00:00+09:00,853.0,853.0,820.0,824.0,76000
2019-04-05 00:00:00+09:00,816.0,839.0,813.0,835.0,49800
2019-04-08 00:00:00+09:00,838.0,850.0,824.0,828.0,77800
2019-04-09 00:00:00+09:00,844.0,863.0,820.0,859.0,80700
2019-04-10 00:00:00+09:00,854.0,872.0,847.0,863.0,71700
2019-04-11 00:00:00+09:00,868.0,868.0,835.0,846.0,65700
2019-04-12 00:00:00+09:00,842.0,843.0,820.0,823.0,83800
2019-04-15 00:00:00+09:00,836.0,852.0,826.0,841.0,52000
2019-04-16 00:00:00+09:00,836.0,851.0,835.0,843.0,31100
2019-04-17 00:00:00+09:00,838.0,843.0,818.0,840.0,74400
2019-04-18 00:00:00+09:00,833.0,838.0,813.0,814.0,87300
2019-04-19 00:00:00+09:00,828.0,837.0,816.0,823.0,73200
2019-04-22 00:00:00+09:00,831.0,838.0,813.0,813.0,97100
2019-04-23 00:00:00+09:00,819.0,819.0,802.0,809.0,48300
2019-04-24 00:00:00+09:00,806.0,825.0,806.0,811.0,94900
2019-04-25 00:00:00+09:00,819.0,819.0,797.0,801.0,79600
2019-04-26 00:00:00+09:00,803.0,821.0,791.0,819.0,54200
2019-05-07 00:00:00+09:00,818.0,843.0,813.0,833.0,78600
2019-05-08 00:00:00+09:00,834.0,835.0,817.0,823.0,45400
2019-05-09 00:00:00+09:00,820.0,823.0,785.0,790.0,126800
2019-05-10 00:00:00+09:00,783.0,799.0,771.0,789.0,104100
2019-05-13 00:00:00+09:00,786.0,789.0,726.0,726.0,204400
2019-05-14 00:00:00+09:00,680.0,716.0,676.0,709.0,208200
2019-05-15 00:00:00+09:00,717.0,722.0,690.0,693.0,152200
2019-05-16 00:00:00+09:00,702.0,710.0,685.0,691.0,74600
2019-05-17 00:00:00+09:00,701.0,705.0,678.0,683.0,174100
2019-05-20 00:00:00+09:00,675.0,686.0,664.0,671.0,91500
2019-05-21 00:00:00+09:00,677.0,686.0,662.0,680.0,52900
2019-05-22 00:00:00+09:00,681.0,697.0,675.0,692.0,53700
2019-05-23 00:00:00+09:00,692.0,695.0,679.0,691.0,57800
2019-05-24 00:00:00+09:00,671.0,677.0,658.0,667.0,128900
2019-05-27 00:00:00+09:00,654.0,666.0,654.0,655.0,69800
2019-05-28 00:00:00+09:00,655.0,655.0,646.0,652.0,133900
2019-05-29 00:00:00+09:00,646.0,683.0,638.0,647.0,107000
2019-05-30 00:00:00+09:00,648.0,656.0,637.0,645.0,72000
2019-05-31 00:00:00+09:00,643.0,644.0,627.0,630.0,74900
2019-06-03 00:00:00+09:00,634.0,634.0,602.0,606.0,89300
2019-06-04 00:00:00+09:00,612.0,612.0,593.0,605.0,101800
2019-06-05 00:00:00+09:00,615.0,635.0,611.0,619.0,29400
2019-06-06 00:00:00+09:00,616.0,616.0,597.0,602.0,58700
2019-06-07 00:00:00+09:00,600.0,609.0,598.0,609.0,45900
2019-06-10 00:00:00+09:00,614.0,618.0,606.0,608.0,38000
2019-06-11 00:00:00+09:00,603.0,604.0,579.0,583.0,199500
2019-06-12 00:00:00+09:00,585.0,589.0,576.0,579.0,89600
2019-06-13 00:00:00+09:00,583.0,583.0,568.0,577.0,56300
2019-06-14 00:00:00+09:00,577.0,588.0,572.0,588.0,38900
2019-06-17 00:00:00+09:00,597.0,597.0,586.0,588.0,39800
2019-06-18 00:00:00+09:00,593.0,596.0,574.0,575.0,49500
2019-06-19 00:00:00+09:00,577.0,587.0,575.0,586.0,29100
2019-06-20 00:00:00+09:00,592.0,633.0,589.0,627.0,141900
2019-06-21 00:00:00+09:00,617.0,627.0,605.0,605.0,77800
2019-06-24 00:00:00+09:00,609.0,609.0,595.0,596.0,42600
2019-06-25 00:00:00+09:00,605.0,605.0,591.0,592.0,54000
2019-06-26 00:00:00+09:00,596.0,650.0,590.0,619.0,275000
2019-06-27 00:00:00+09:00,621.0,634.0,615.0,621.0,62300
2019-06-28 00:00:00+09:00,621.0,630.0,611.0,625.0,70100
2019-07-01 00:00:00+09:00,635.0,660.0,628.0,650.0,146100
2019-07-02 00:00:00+09:00,642.0,698.0,642.0,686.0,226200
2019-07-03 00:00:00+09:00,698.0,704.0,671.0,687.0,187500
2019-07-04 00:00:00+09:00,705.0,739.0,693.0,709.0,245700
2019-07-05 00:00:00+09:00,700.0,715.0,700.0,711.0,71200
2019-07-08 00:00:00+09:00,720.0,758.0,720.0,753.0,258400
2019-07-09 00:00:00+09:00,747.0,747.0,701.0,707.0,244700
2019-07-10 00:00:00+09:00,709.0,709.0,690.0,699.0,109400
2019-07-11 00:00:00+09:00,690.0,700.0,670.0,699.0,111500
2019-07-12 00:00:00+09:00,698.0,698.0,665.0,681.0,80400
2019-07-16 00:00:00+09:00,691.0,691.0,670.0,673.0,44400
2019-07-17 00:00:00+09:00,668.0,680.0,656.0,677.0,80100
2019-07-18 00:00:00+09:00,670.0,671.0,634.0,640.0,141400
2019-07-19 00:00:00+09:00,645.0,662.0,635.0,654.0,65900
2019-07-22 00:00:00+09:00,651.0,678.0,639.0,675.0,71200
2019-07-23 00:00:00+09:00,675.0,676.0,658.0,666.0,36400
2019-07-24 00:00:00+09:00,666.0,671.0,659.0,668.0,28700
2019-07-25 00:00:00+09:00,670.0,677.0,665.0,674.0,18600
2019-07-26 00:00:00+09:00,674.0,676.0,660.0,675.0,26600
2019-07-29 00:00:00+09:00,667.0,675.0,664.0,671.0,34400
2019-07-30 00:00:00+09:00,665.0,696.0,665.0,689.0,78100
2019-07-31 00:00:00+09:00,697.0,697.0,679.0,687.0,34300
2019-08-01 00:00:00+09:00,677.0,697.0,675.0,690.0,46500
2019-08-02 00:00:00+09:00,680.0,692.0,665.0,671.0,43700
2019-08-05 00:00:00+09:00,671.0,674.0,638.0,643.0,82700
2019-08-06 00:00:00+09:00,603.0,659.0,603.0,657.0,104500
2019-08-07 00:00:00+09:00,657.0,669.0,649.0,658.0,39200
2019-08-08 00:00:00+09:00,650.0,677.0,650.0,674.0,48900
2019-08-09 00:00:00+09:00,672.0,688.0,671.0,671.0,32800
2019-08-13 00:00:00+09:00,655.0,677.0,652.0,665.0,49200
2019-08-14 00:00:00+09:00,670.0,676.0,659.0,665.0,39300
2019-08-15 00:00:00+09:00,651.0,664.0,645.0,655.0,46100
2019-08-16 00:00:00+09:00,665.0,685.0,655.0,675.0,75700
2019-08-19 00:00:00+09:00,703.0,718.0,691.0,714.0,184100
2019-08-20 00:00:00+09:00,719.0,739.0,710.0,722.0,136100
2019-08-21 00:00:00+09:00,715.0,738.0,715.0,734.0,86500
2019-08-22 00:00:00+09:00,739.0,748.0,726.0,726.0,89100
2019-08-23 00:00:00+09:00,727.0,756.0,727.0,742.0,130900
2019-08-26 00:00:00+09:00,725.0,773.0,720.0,767.0,180000
2019-08-27 00:00:00+09:00,775.0,784.0,712.0,723.0,246900
2019-08-28 00:00:00+09:00,716.0,730.0,702.0,710.0,124100
2019-08-29 00:00:00+09:00,717.0,734.0,687.0,705.0,131400
2019-08-30 00:00:00+09:00,701.0,725.0,675.0,712.0,269600
2019-09-02 00:00:00+09:00,702.0,715.0,678.0,685.0,132800
2019-09-03 00:00:00+09:00,682.0,705.0,682.0,688.0,100300
2019-09-04 00:00:00+09:00,695.0,695.0,680.0,689.0,38000
2019-09-05 00:00:00+09:00,688.0,697.0,683.0,685.0,63500
2019-09-06 00:00:00+09:00,682.0,685.0,676.0,678.0,46000
2019-09-09 00:00:00+09:00,678.0,680.0,649.0,649.0,92900
2019-09-10 00:00:00+09:00,659.0,659.0,624.0,634.0,142100
2019-09-11 00:00:00+09:00,664.0,664.0,634.0,657.0,104600
2019-09-12 00:00:00+09:00,664.0,667.0,648.0,650.0,55000
2019-09-13 00:00:00+09:00,645.0,671.0,645.0,649.0,74000
2019-09-17 00:00:00+09:00,640.0,675.0,640.0,665.0,75400
2019-09-18 00:00:00+09:00,669.0,679.0,664.0,675.0,57200
2019-09-19 00:00:00+09:00,692.0,698.0,669.0,684.0,118900
2019-09-20 00:00:00+09:00,682.0,723.0,681.0,700.0,127800
2019-09-24 00:00:00+09:00,700.0,724.0,687.0,704.0,251500
2019-09-25 00:00:00+09:00,714.0,820.0,712.0,735.0,1085400
2019-09-26 00:00:00+09:00,746.0,753.0,724.0,726.0,171500
2019-09-27 00:00:00+09:00,727.0,765.0,727.0,740.0,220500
2019-09-30 00:00:00+09:00,744.0,784.0,744.0,752.0,199600
2019-10-01 00:00:00+09:00,757.0,758.0,688.0,698.0,330500
2019-10-02 00:00:00+09:00,690.0,723.0,683.0,702.0,168900
2019-10-03 00:00:00+09:00,694.0,717.0,694.0,700.0,71000
2019-10-04 00:00:00+09:00,706.0,725.0,706.0,723.0,94700
2019-10-07 00:00:00+09:00,746.0,746.0,719.0,738.0,112200
2019-10-08 00:00:00+09:00,753.0,799.0,741.0,764.0,383300
2019-10-09 00:00:00+09:00,748.0,760.0,714.0,757.0,198300
2019-10-10 00:00:00+09:00,746.0,758.0,734.0,743.0,106600
2019-10-11 00:00:00+09:00,739.0,754.0,727.0,747.0,56800
2019-10-15 00:00:00+09:00,749.0,752.0,730.0,736.0,43900
2019-10-16 00:00:00+09:00,748.0,753.0,738.0,745.0,56600
2019-10-17 00:00:00+09:00,745.0,782.0,742.0,775.0,97500
2019-10-18 00:00:00+09:00,778.0,810.0,770.0,798.0,215200
2019-10-21 00:00:00+09:00,793.0,833.0,793.0,821.0,228900
2019-10-23 00:00:00+09:00,828.0,841.0,811.0,831.0,154900
2019-10-24 00:00:00+09:00,830.0,865.0,822.0,844.0,204000
2019-10-25 00:00:00+09:00,836.0,836.0,806.0,814.0,123900
2019-10-28 00:00:00+09:00,828.0,828.0,776.0,781.0,174300
2019-10-29 00:00:00+09:00,784.0,812.0,784.0,791.0,76600
2019-10-30 00:00:00+09:00,788.0,795.0,760.0,763.0,121800
2019-10-31 00:00:00+09:00,766.0,780.0,766.0,771.0,41600
2019-11-01 00:00:00+09:00,765.0,783.0,745.0,748.0,78300
2019-11-05 00:00:00+09:00,748.0,780.0,747.0,776.0,128800
2019-11-06 00:00:00+09:00,791.0,791.0,750.0,762.0,154700
2019-11-07 00:00:00+09:00,764.0,771.0,747.0,763.0,67200
2019-11-08 00:00:00+09:00,770.0,770.0,734.0,735.0,114500
2019-11-11 00:00:00+09:00,730.0,732.0,707.0,717.0,135500
2019-11-12 00:00:00+09:00,711.0,714.0,690.0,695.0,171000
2019-11-13 00:00:00+09:00,720.0,748.0,675.0,692.0,799700
2019-11-14 00:00:00+09:00,700.0,742.0,699.0,735.0,280900
2019-11-15 00:00:00+09:00,730.0,737.0,715.0,730.0,135600
2019-11-18 00:00:00+09:00,740.0,774.0,736.0,760.0,107600
2019-11-19 00:00:00+09:00,760.0,806.0,756.0,772.0,306200
2019-11-20 00:00:00+09:00,787.0,803.0,774.0,787.0,262700
2019-11-21 00:00:00+09:00,782.0,786.0,746.0,747.0,202200
2019-11-22 00:00:00+09:00,752.0,795.0,750.0,770.0,311500
2019-11-25 00:00:00+09:00,810.0,885.0,810.0,848.0,1084800
2019-11-26 00:00:00+09:00,863.0,907.0,839.0,905.0,659500
2019-11-27 00:00:00+09:00,898.0,936.0,883.0,891.0,500000
2019-11-28 00:00:00+09:00,905.0,930.0,870.0,918.0,395400
2019-11-29 00:00:00+09:00,920.0,963.0,912.0,960.0,483200
2019-12-02 00:00:00+09:00,969.0,1000.0,956.0,995.0,588800
2019-12-03 00:00:00+09:00,986.0,1024.0,972.0,999.0,576400
2019-12-04 00:00:00+09:00,1005.0,1044.0,981.0,983.0,547800
2019-12-05 00:00:00+09:00,988.0,1000.0,886.0,897.0,1109200
2019-12-06 00:00:00+09:00,890.0,931.0,884.0,927.0,414800
2019-12-09 00:00:00+09:00,928.0,935.0,886.0,920.0,259400
2019-12-10 00:00:00+09:00,910.0,971.0,909.0,971.0,296900
2019-12-11 00:00:00+09:00,971.0,991.0,958.0,972.0,208000
2019-12-12 00:00:00+09:00,969.0,1006.0,960.0,967.0,339200
2019-12-13 00:00:00+09:00,987.0,990.0,945.0,954.0,274900
2019-12-16 00:00:00+09:00,943.0,963.0,926.0,940.0,167500
2019-12-17 00:00:00+09:00,951.0,1004.0,945.0,998.0,292000
2019-12-18 00:00:00+09:00,995.0,995.0,948.0,968.0,302300
2019-12-19 00:00:00+09:00,963.0,965.0,926.0,942.0,276800
2019-12-20 00:00:00+09:00,940.0,957.0,928.0,945.0,147100
2019-12-23 00:00:00+09:00,940.0,947.0,929.0,943.0,103900
2019-12-24 00:00:00+09:00,948.0,974.0,944.0,967.0,143200
2019-12-25 00:00:00+09:00,972.0,1018.0,971.0,1013.0,424600
2019-12-26 00:00:00+09:00,1005.0,1033.0,989.0,1025.0,257900
2019-12-27 00:00:00+09:00,1015.0,1042.0,1015.0,1028.0,151300
2019-12-30 00:00:00+09:00,1016.0,1034.0,1001.0,1022.0,126700
2020-01-06 00:00:00+09:00,1011.0,1058.0,998.0,1012.0,221200
2020-01-07 00:00:00+09:00,1038.0,1075.0,1022.0,1032.0,292900
2020-01-08 00:00:00+09:00,1014.0,1020.0,980.0,990.0,283700
2020-01-09 00:00:00+09:00,1020.0,1043.0,1003.0,1014.0,200600
2020-01-10 00:00:00+09:00,1020.0,1031.0,1005.0,1017.0,101400
2020-01-14 00:00:00+09:00,1016.0,1030.0,953.0,973.0,344000
2020-01-15 00:00:00+09:00,980.0,1012.0,975.0,997.0,206300
2020-01-16 00:00:00+09:00,1002.0,1002.0,944.0,951.0,306300
2020-01-17 00:00:00+09:00,960.0,960.0,919.0,944.0,200400
2020-01-20 00:00:00+09:00,950.0,978.0,945.0,976.0,179500
2020-01-21 00:00:00+09:00,971.0,974.0,948.0,967.0,118300
2020-01-22 00:00:00+09:00,978.0,980.0,953.0,956.0,144900
2020-01-23 00:00:00+09:00,970.0,988.0,958.0,969.0,153600
2020-01-24 00:00:00+09:00,959.0,961.0,932.0,947.0,115600
2020-01-27 00:00:00+09:00,925.0,949.0,922.0,938.0,86800
2020-01-28 00:00:00+09:00,923.0,979.0,923.0,972.0,123700
2020-01-29 00:00:00+09:00,975.0,980.0,940.0,950.0,95300
2020-01-30 00:00:00+09:00,962.0,966.0,888.0,925.0,202200
2020-01-31 00:00:00+09:00,926.0,950.0,921.0,943.0,100200
2020-02-03 00:00:00+09:00,913.0,942.0,900.0,931.0,156400
2020-02-04 00:00:00+09:00,940.0,961.0,923.0,954.0,74100
2020-02-05 00:00:00+09:00,954.0,1004.0,954.0,977.0,301900
2020-02-06 00:00:00+09:00,981.0,1030.0,963.0,1001.0,341600
2020-02-07 00:00:00+09:00,1000.0,1000.0,972.0,983.0,136900
2020-02-10 00:00:00+09:00,979.0,1033.0,979.0,1028.0,202900
2020-02-12 00:00:00+09:00,1040.0,1065.0,1031.0,1035.0,239100
2020-02-13 00:00:00+09:00,1035.0,1037.0,988.0,1002.0,207900
2020-02-14 00:00:00+09:00,997.0,997.0,952.0,959.0,183600
2020-02-17 00:00:00+09:00,950.0,950.0,915.0,923.0,234700
2020-02-18 00:00:00+09:00,948.0,960.0,900.0,909.0,299300
2020-02-19 00:00:00+09:00,909.0,925.0,896.0,914.0,163300
2020-02-20 00:00:00+09:00,929.0,929.0,859.0,875.0,951100
2020-02-21 00:00:00+09:00,886.0,893.0,854.0,868.0,288700
2020-02-25 00:00:00+09:00,793.0,833.0,793.0,817.0,384400
2020-02-26 00:00:00+09:00,809.0,819.0,765.0,789.0,261500
2020-02-27 00:00:00+09:00,778.0,789.0,734.0,748.0,368700
2020-02-28 00:00:00+09:00,704.0,754.0,700.0,708.0,487300
2020-03-02 00:00:00+09:00,699.0,775.0,699.0,754.0,352400
2020-03-03 00:00:00+09:00,802.0,818.0,735.0,741.0,296000
2020-03-04 00:00:00+09:00,727.0,769.0,718.0,748.0,176400
2020-03-05 00:00:00+09:00,758.0,767.0,716.0,740.0,265900
2020-03-06 00:00:00+09:00,733.0,733.0,687.0,694.0,334800
2020-03-09 00:00:00+09:00,662.0,670.0,611.0,626.0,436600
2020-03-10 00:00:00+09:00,600.0,654.0,570.0,640.0,367500
2020-03-11 00:00:00+09:00,639.0,653.0,595.0,595.0,314100
2020-03-12 00:00:00+09:00,575.0,608.0,550.0,550.0,420900
2020-03-13 00:00:00+09:00,501.0,530.0,463.0,488.0,463900
2020-03-16 00:00:00+09:00,504.0,557.0,494.0,504.0,311900
2020-03-17 00:00:00+09:00,488.0,559.0,484.0,541.0,404600
2020-03-18 00:00:00+09:00,640.0,640.0,530.0,535.0,447000
2020-03-19 00:00:00+09:00,560.0,560.0,473.0,479.0,383200
2020-03-23 00:00:00+09:00,471.0,508.0,456.0,508.0,271000
2020-03-24 00:00:00+09:00,498.0,529.0,491.0,505.0,340700
2020-03-25 00:00:00+09:00,535.0,540.0,497.0,533.0,343600
2020-03-26 00:00:00+09:00,521.0,535.0,500.0,512.0,253600
2020-03-27 00:00:00+09:00,512.0,538.0,506.0,530.0,178200
2020-03-30 00:00:00+09:00,500.0,530.0,489.0,503.0,244900
2020-03-31 00:00:00+09:00,513.0,544.0,510.0,524.0,219600
2020-04-01 00:00:00+09:00,516.0,519.0,499.0,503.0,198800
2020-04-02 00:00:00+09:00,497.0,509.0,479.0,487.0,196200
2020-04-03 00:00:00+09:00,518.0,518.0,457.0,466.0,254800
2020-04-06 00:00:00+09:00,470.0,478.0,444.0,474.0,188000
2020-04-07 00:00:00+09:00,489.0,504.0,473.0,500.0,183300
2020-04-08 00:00:00+09:00,503.0,518.0,484.0,509.0,167100
2020-04-09 00:00:00+09:00,508.0,522.0,508.0,513.0,157600
2020-04-10 00:00:00+09:00,514.0,521.0,496.0,507.0,135100
2020-04-13 00:00:00+09:00,517.0,528.0,502.0,525.0,257700
2020-04-14 00:00:00+09:00,529.0,575.0,528.0,565.0,288600
2020-04-15 00:00:00+09:00,595.0,600.0,550.0,557.0,313100
2020-04-16 00:00:00+09:00,550.0,559.0,531.0,555.0,264000
2020-04-17 00:00:00+09:00,557.0,570.0,545.0,558.0,199600
2020-04-20 00:00:00+09:00,560.0,590.0,559.0,586.0,173900
2020-04-21 00:00:00+09:00,577.0,584.0,543.0,553.0,190700
2020-04-22 00:00:00+09:00,528.0,552.0,525.0,541.0,126500
2020-04-23 00:00:00+09:00,546.0,589.0,542.0,588.0,260500
2020-04-24 00:00:00+09:00,578.0,648.0,572.0,621.0,624000
2020-04-27 00:00:00+09:00,631.0,641.0,619.0,624.0,286100
2020-04-28 00:00:00+09:00,628.0,631.0,601.0,625.0,218000
2020-04-30 00:00:00+09:00,635.0,669.0,629.0,666.0,298200
2020-05-01 00:00:00+09:00,656.0,700.0,655.0,681.0,398700
2020-05-07 00:00:00+09:00,700.0,769.0,692.0,732.0,745700
2020-05-08 00:00:00+09:00,762.0,763.0,680.0,705.0,604600
2020-05-11 00:00:00+09:00,710.0,725.0,692.0,713.0,260200
2020-05-12 00:00:00+09:00,715.0,727.0,707.0,712.0,358400
2020-05-13 00:00:00+09:00,712.0,725.0,696.0,718.0,184700
2020-05-14 00:00:00+09:00,715.0,735.0,690.0,694.0,273600
2020-05-15 00:00:00+09:00,691.0,700.0,673.0,695.0,167200
2020-05-18 00:00:00+09:00,697.0,728.0,696.0,722.0,196200
2020-05-19 00:00:00+09:00,718.0,748.0,707.0,748.0,272900
2020-05-20 00:00:00+09:00,743.0,747.0,717.0,735.0,174800
2020-05-21 00:00:00+09:00,741.0,743.0,727.0,733.0,124000
2020-05-22 00:00:00+09:00,732.0,753.0,728.0,744.0,146000
2020-05-25 00:00:00+09:00,745.0,752.0,736.0,743.0,190600
2020-05-26 00:00:00+09:00,739.0,739.0,686.0,697.0,503900
2020-05-27 00:00:00+09:00,691.0,711.0,669.0,708.0,326900
2020-05-28 00:00:00+09:00,702.0,708.0,658.0,676.0,387300
2020-05-29 00:00:00+09:00,668.0,683.0,665.0,678.0,231600
2020-06-01 00:00:00+09:00,688.0,688.0,663.0,679.0,212500
2020-06-02 00:00:00+09:00,682.0,709.0,678.0,706.0,185200
2020-06-03 00:00:00+09:00,711.0,712.0,672.0,679.0,302000
2020-06-04 00:00:00+09:00,686.0,690.0,670.0,678.0,135100
2020-06-05 00:00:00+09:00,680.0,694.0,672.0,693.0,107400
2020-06-08 00:00:00+09:00,699.0,699.0,679.0,690.0,142900
2020-06-09 00:00:00+09:00,696.0,739.0,682.0,738.0,360600
2020-06-10 00:00:00+09:00,725.0,888.0,723.0,888.0,1082200
2020-06-11 00:00:00+09:00,925.0,948.0,862.0,866.0,2535700
2020-06-12 00:00:00+09:00,793.0,834.0,763.0,800.0,873400
2020-06-15 00:00:00+09:00,815.0,848.0,760.0,765.0,600100
2020-06-16 00:00:00+09:00,790.0,809.0,771.0,787.0,317000
2020-06-17 00:00:00+09:00,797.0,826.0,794.0,802.0,393000
2020-06-18 00:00:00+09:00,814.0,814.0,761.0,779.0,400400
2020-06-19 00:00:00+09:00,769.0,835.0,745.0,823.0,651500
2020-06-22 00:00:00+09:00,809.0,866.0,790.0,856.0,1119100
2020-06-23 00:00:00+09:00,864.0,872.0,816.0,831.0,749300
2020-06-24 00:00:00+09:00,841.0,864.0,816.0,827.0,698800
2020-06-25 00:00:00+09:00,815.0,853.0,811.0,852.0,621600
2020-06-26 00:00:00+09:00,837.0,848.0,772.0,789.0,829600
2020-06-29 00:00:00+09:00,784.0,800.0,750.0,756.0,484300
2020-06-30 00:00:00+09:00,775.0,784.0,711.0,750.0,410700
2020-07-01 00:00:00+09:00,735.0,741.0,690.0,693.0,585400
2020-07-02 00:00:00+09:00,686.0,686.0,596.0,608.0,1034500
2020-07-03 00:00:00+09:00,609.0,631.0,609.0,626.0,411000
2020-07-06 00:00:00+09:00,616.0,639.0,597.0,630.0,359000
2020-07-07 00:00:00+09:00,620.0,634.0,611.0,617.0,374100
2020-07-08 00:00:00+09:00,620.0,636.0,597.0,623.0,366900
2020-07-09 00:00:00+09:00,619.0,627.0,585.0,590.0,540400
2020-07-10 00:00:00+09:00,595.0,605.0,579.0,590.0,272100
2020-07-13 00:00:00+09:00,602.0,604.0,581.0,599.0,333200
2020-07-14 00:00:00+09:00,590.0,592.0,566.0,581.0,412200
2020-07-15 00:00:00+09:00,581.0,592.0,571.0,583.0,198500
2020-07-16 00:00:00+09:00,582.0,582.0,567.0,573.0,221800
2020-07-17 00:00:00+09:00,566.0,572.0,536.0,540.0,445800
2020-07-20 00:00:00+09:00,535.0,549.0,521.0,549.0,237100
2020-07-21 00:00:00+09:00,549.0,571.0,543.0,565.0,215200
2020-07-22 00:00:00+09:00,564.0,570.0,555.0,565.0,124100
2020-07-27 00:00:00+09:00,560.0,560.0,535.0,553.0,170900
2020-07-28 00:00:00+09:00,550.0,555.0,532.0,538.0,231400
2020-07-29 00:00:00+09:00,535.0,543.0,525.0,529.0,137100
2020-07-30 00:00:00+09:00,534.0,535.0,518.0,523.0,126500
2020-07-31 00:00:00+09:00,521.0,533.0,517.0,520.0,150800
2020-08-03 00:00:00+09:00,522.0,541.0,520.0,539.0,118600
2020-08-04 00:00:00+09:00,549.0,565.0,544.0,556.0,160500
2020-08-05 00:00:00+09:00,557.0,580.0,547.0,571.0,184500
2020-08-06 00:00:00+09:00,571.0,572.0,536.0,543.0,233500
2020-08-07 00:00:00+09:00,547.0,585.0,537.0,579.0,233600
2020-08-11 00:00:00+09:00,584.0,589.0,558.0,574.0,259000
2020-08-12 00:00:00+09:00,564.0,579.0,555.0,564.0,168100
2020-08-13 00:00:00+09:00,560.0,572.0,548.0,569.0,194800
2020-08-14 00:00:00+09:00,570.0,587.0,570.0,581.0,129400
2020-08-17 00:00:00+09:00,580.0,584.0,572.0,583.0,100700
2020-08-18 00:00:00+09:00,581.0,616.0,581.0,615.0,206300
2020-08-19 00:00:00+09:00,609.0,637.0,609.0,629.0,187300
2020-08-20 00:00:00+09:00,622.0,629.0,600.0,610.0,240600
2020-08-21 00:00:00+09:00,620.0,641.0,614.0,630.0,271200
2020-08-24 00:00:00+09:00,623.0,639.0,606.0,630.0,217000
2020-08-25 00:00:00+09:00,621.0,621.0,604.0,611.0,239900
2020-08-26 00:00:00+09:00,604.0,623.0,584.0,620.0,168500
2020-08-27 00:00:00+09:00,616.0,616.0,595.0,598.0,184200
2020-08-28 00:00:00+09:00,603.0,622.0,589.0,590.0,263000
2020-08-31 00:00:00+09:00,620.0,625.0,609.0,616.0,173300
2020-09-01 00:00:00+09:00,615.0,636.0,613.0,631.0,143600
2020-09-02 00:00:00+09:00,638.0,646.0,620.0,626.0,127600
2020-09-03 00:00:00+09:00,626.0,637.0,621.0,633.0,147200
2020-09-04 00:00:00+09:00,618.0,631.0,614.0,629.0,116200
2020-09-07 00:00:00+09:00,624.0,628.0,606.0,615.0,92200
2020-09-08 00:00:00+09:00,613.0,637.0,608.0,636.0,133700
2020-09-09 00:00:00+09:00,628.0,655.0,628.0,652.0,152800
2020-09-10 00:00:00+09:00,652.0,656.0,636.0,641.0,184800
2020-09-11 00:00:00+09:00,651.0,670.0,639.0,670.0,222600
2020-09-14 00:00:00+09:00,667.0,698.0,664.0,666.0,276100
2020-09-15 00:00:00+09:00,675.0,685.0,666.0,685.0,105900
2020-09-16 00:00:00+09:00,684.0,690.0,678.0,689.0,92700
2020-09-17 00:00:00+09:00,683.0,684.0,657.0,662.0,225600
2020-09-18 00:00:00+09:00,653.0,695.0,653.0,691.0,229100
2020-09-23 00:00:00+09:00,730.0,733.0,691.0,706.0,442100
2020-09-24 00:00:00+09:00,700.0,706.0,659.0,670.0,324500
2020-09-25 00:00:00+09:00,665.0,686.0,653.0,678.0,218400
2020-09-28 00:00:00+09:00,670.0,670.0,623.0,630.0,330100
2020-09-29 00:00:00+09:00,628.0,650.0,626.0,641.0,129100
2020-09-30 00:00:00+09:00,641.0,675.0,641.0,669.0,234800
2020-10-02 00:00:00+09:00,659.0,661.0,606.0,614.0,487800
2020-10-05 00:00:00+09:00,621.0,640.0,610.0,635.0,353600
2020-10-06 00:00:00+09:00,640.0,666.0,633.0,663.0,292800
2020-10-07 00:00:00+09:00,659.0,663.0,643.0,648.0,174500
2020-10-08 00:00:00+09:00,643.0,648.0,634.0,637.0,114200
2020-10-09 00:00:00+09:00,635.0,641.0,620.0,641.0,141100
2020-10-12 00:00:00+09:00,639.0,639.0,626.0,636.0,106200
2020-10-13 00:00:00+09:00,633.0,633.0,620.0,622.0,127900
2020-10-14 00:00:00+09:00,620.0,621.0,606.0,614.0,198400
2020-10-15 00:00:00+09:00,615.0,619.0,598.0,613.0,188100
2020-10-16 00:00:00+09:00,606.0,611.0,599.0,604.0,158500
2020-10-19 00:00:00+09:00,600.0,612.0,584.0,604.0,170900
2020-10-20 00:00:00+09:00,599.0,600.0,585.0,587.0,150500
2020-10-21 00:00:00+09:00,580.0,589.0,569.0,579.0,194500
2020-10-22 00:00:00+09:00,581.0,581.0,549.0,555.0,221100
2020-10-23 00:00:00+09:00,559.0,565.0,535.0,565.0,161700
2020-10-26 00:00:00+09:00,560.0,565.0,549.0,553.0,106200
2020-10-27 00:00:00+09:00,560.0,571.0,543.0,569.0,202700
2020-10-28 00:00:00+09:00,572.0,572.0,553.0,561.0,79600
2020-10-29 00:00:00+09:00,551.0,567.0,547.0,562.0,89900
2020-10-30 00:00:00+09:00,562.0,562.0,532.0,536.0,211200
2020-11-02 00:00:00+09:00,538.0,543.0,523.0,526.0,205400
2020-11-04 00:00:00+09:00,526.0,546.0,526.0,541.0,99000
2020-11-05 00:00:00+09:00,550.0,556.0,544.0,550.0,86400
2020-11-06 00:00:00+09:00,555.0,555.0,535.0,537.0,89100
2020-11-09 00:00:00+09:00,537.0,552.0,530.0,551.0,88400
2020-11-10 00:00:00+09:00,555.0,559.0,532.0,536.0,192800
2020-11-11 00:00:00+09:00,546.0,575.0,540.0,559.0,193200
2020-11-12 00:00:00+09:00,561.0,562.0,540.0,547.0,120700
2020-11-13 00:00:00+09:00,545.0,548.0,517.0,522.0,233200
2020-11-16 00:00:00+09:00,528.0,534.0,522.0,527.0,78300
2020-11-17 00:00:00+09:00,531.0,531.0,509.0,514.0,153400
2020-11-18 00:00:00+09:00,515.0,525.0,513.0,515.0,55600
2020-11-19 00:00:00+09:00,525.0,525.0,507.0,510.0,95400
2020-11-20 00:00:00+09:00,509.0,537.0,509.0,534.0,151300
2020-11-24 00:00:00+09:00,540.0,549.0,534.0,540.0,136300
2020-11-25 00:00:00+09:00,541.0,549.0,519.0,520.0,109900
2020-11-26 00:00:00+09:00,517.0,530.0,517.0,522.0,36100
2020-11-27 00:00:00+09:00,522.0,538.0,521.0,536.0,83200
2020-11-30 00:00:00+09:00,540.0,542.0,516.0,521.0,97000
2020-12-01 00:00:00+09:00,522.0,543.0,522.0,542.0,83600
2020-12-02 00:00:00+09:00,550.0,574.0,547.0,562.0,176200
2020-12-03 00:00:00+09:00,558.0,560.0,546.0,548.0,78700
2020-12-04 00:00:00+09:00,544.0,554.0,537.0,548.0,72800
2020-12-07 00:00:00+09:00,550.0,556.0,530.0,536.0,90600
2020-12-08 00:00:00+09:00,528.0,532.0,519.0,519.0,103000
2020-12-09 00:00:00+09:00,523.0,523.0,506.0,508.0,117500
2020-12-10 00:00:00+09:00,506.0,509.0,490.0,501.0,237000
2020-12-11 00:00:00+09:00,500.0,518.0,500.0,515.0,118300
2020-12-14 00:00:00+09:00,510.0,520.0,507.0,510.0,119300
2020-12-15 00:00:00+09:00,510.0,511.0,500.0,500.0,68300
2020-12-16 00:00:00+09:00,500.0,502.0,490.0,491.0,130900
2020-12-17 00:00:00+09:00,490.0,495.0,484.0,484.0,119100
2020-12-18 00:00:00+09:00,481.0,498.0,479.0,494.0,146700
2020-12-21 00:00:00+09:00,500.0,503.0,485.0,488.0,73500
2020-12-22 00:00:00+09:00,485.0,486.0,462.0,469.0,193900
2020-12-23 00:00:00+09:00,471.0,480.0,465.0,467.0,103900
2020-12-24 00:00:00+09:00,475.0,487.0,468.0,485.0,119200
2020-12-25 00:00:00+09:00,485.0,499.0,478.0,482.0,94600
2020-12-28 00:00:00+09:00,482.0,488.0,474.0,480.0,115200
2020-12-29 00:00:00+09:00,480.0,503.0,480.0,503.0,127100
2020-12-30 00:00:00+09:00,496.0,504.0,494.0,497.0,66800
2021-01-04 00:00:00+09:00,496.0,500.0,475.0,481.0,107100
2021-01-05 00:00:00+09:00,474.0,484.0,470.0,479.0,69800
2021-01-06 00:00:00+09:00,478.0,493.0,478.0,493.0,51500
2021-01-07 00:00:00+09:00,499.0,501.0,482.0,484.0,66600
2021-01-08 00:00:00+09:00,484.0,492.0,480.0,490.0,50100
2021-01-12 00:00:00+09:00,492.0,495.0,488.0,492.0,54600
2021-01-13 00:00:00+09:00,494.0,494.0,481.0,482.0,74400
2021-01-14 00:00:00+09:00,481.0,486.0,476.0,478.0,109900
2021-01-15 00:00:00+09:00,478.0,484.0,475.0,478.0,92700
2021-01-18 00:00:00+09:00,478.0,487.0,469.0,483.0,110000
2021-01-19 00:00:00+09:00,483.0,503.0,483.0,498.0,118900
2021-01-20 00:00:00+09:00,499.0,520.0,497.0,519.0,117500
2021-01-21 00:00:00+09:00,529.0,537.0,521.0,525.0,135600
2021-01-22 00:00:00+09:00,530.0,530.0,513.0,520.0,84100
2021-01-25 00:00:00+09:00,525.0,534.0,515.0,532.0,78300
2021-01-26 00:00:00+09:00,530.0,530.0,518.0,524.0,53500
2021-01-27 00:00:00+09:00,521.0,536.0,520.0,532.0,79200
2021-01-28 00:00:00+09:00,530.0,530.0,517.0,517.0,135000
2021-01-29 00:00:00+09:00,527.0,557.0,520.0,525.0,240600
2021-02-01 00:00:00+09:00,515.0,529.0,508.0,528.0,101200
2021-02-02 00:00:00+09:00,528.0,543.0,528.0,535.0,61500
2021-02-03 00:00:00+09:00,537.0,563.0,537.0,558.0,147400
2021-02-04 00:00:00+09:00,563.0,573.0,550.0,556.0,199500
2021-02-05 00:00:00+09:00,559.0,559.0,540.0,553.0,125700
2021-02-08 00:00:00+09:00,563.0,588.0,560.0,582.0,284800
2021-02-09 00:00:00+09:00,576.0,576.0,558.0,562.0,199100
2021-02-10 00:00:00+09:00,565.0,572.0,558.0,569.0,71100
2021-02-12 00:00:00+09:00,573.0,584.0,555.0,577.0,212500
2021-02-15 00:00:00+09:00,589.0,590.0,553.0,562.0,211400
2021-02-16 00:00:00+09:00,555.0,555.0,511.0,511.0,475300
2021-02-17 00:00:00+09:00,500.0,516.0,484.0,508.0,341600
2021-02-18 00:00:00+09:00,506.0,511.0,497.0,505.0,130700
2021-02-19 00:00:00+09:00,502.0,506.0,486.0,501.0,135700
2021-02-22 00:00:00+09:00,502.0,517.0,501.0,509.0,67300
2021-02-24 00:00:00+09:00,510.0,522.0,502.0,507.0,125400
2021-02-25 00:00:00+09:00,522.0,557.0,514.0,547.0,379500
2021-02-26 00:00:00+09:00,539.0,565.0,529.0,552.0,241600
2021-03-01 00:00:00+09:00,550.0,550.0,521.0,535.0,212400
2021-03-02 00:00:00+09:00,534.0,537.0,508.0,518.0,117900
2021-03-03 00:00:00+09:00,515.0,517.0,509.0,513.0,61500
2021-03-04 00:00:00+09:00,507.0,507.0,484.0,496.0,231300
2021-03-05 00:00:00+09:00,491.0,502.0,476.0,502.0,266700
2021-03-08 00:00:00+09:00,502.0,502.0,488.0,493.0,129900
2021-03-09 00:00:00+09:00,485.0,497.0,473.0,497.0,155400
2021-03-10 00:00:00+09:00,492.0,507.0,491.0,507.0,114300
2021-03-11 00:00:00+09:00,502.0,505.0,496.0,504.0,68900
2021-03-12 00:00:00+09:00,504.0,515.0,502.0,511.0,75900
2021-03-15 00:00:00+09:00,515.0,527.0,512.0,521.0,61200
2021-03-16 00:00:00+09:00,521.0,523.0,512.0,516.0,67400
2021-03-17 00:00:00+09:00,514.0,532.0,514.0,526.0,74900
2021-03-18 00:00:00+09:00,524.0,536.0,524.0,524.0,62300
2021-03-19 00:00:00+09:00,521.0,530.0,516.0,524.0,92600
2021-03-22 00:00:00+09:00,524.0,527.0,516.0,524.0,70100
2021-03-23 00:00:00+09:00,521.0,524.0,511.0,512.0,100600
2021-03-24 00:00:00+09:00,512.0,513.0,484.0,495.0,225300
2021-03-25 00:00:00+09:00,498.0,504.0,489.0,499.0,67900
2021-03-26 00:00:00+09:00,500.0,515.0,500.0,512.0,83200
2021-03-29 00:00:00+09:00,512.0,512.0,494.0,497.0,112000
2021-03-30 00:00:00+09:00,505.0,507.0,498.0,500.0,51800
2021-03-31 00:00:00+09:00,507.0,508.0,501.0,504.0,37200
2021-04-01 00:00:00+09:00,508.0,516.0,503.0,507.0,41500
2021-04-02 00:00:00+09:00,512.0,514.0,506.0,512.0,36200
2021-04-05 00:00:00+09:00,512.0,512.0,504.0,507.0,42500
2021-04-06 00:00:00+09:00,509.0,516.0,506.0,509.0,57400
2021-04-07 00:00:00+09:00,509.0,509.0,499.0,502.0,79000
2021-04-08 00:00:00+09:00,502.0,502.0,489.0,491.0,108700
2021-04-09 00:00:00+09:00,498.0,498.0,488.0,488.0,105300
2021-04-12 00:00:00+09:00,490.0,492.0,482.0,486.0,77500
2021-04-13 00:00:00+09:00,486.0,489.0,480.0,481.0,104100
2021-04-14 00:00:00+09:00,480.0,486.0,476.0,486.0,123200
2021-04-15 00:00:00+09:00,482.0,488.0,479.0,486.0,41700
2021-04-16 00:00:00+09:00,490.0,490.0,477.0,479.0,134500
2021-04-19 00:00:00+09:00,479.0,483.0,473.0,482.0,158600
2021-04-20 00:00:00+09:00,480.0,482.0,475.0,476.0,85500
2021-04-21 00:00:00+09:00,473.0,473.0,464.0,466.0,162100
2021-04-22 00:00:00+09:00,466.0,474.0,464.0,472.0,54500
2021-04-23 00:00:00+09:00,475.0,477.0,466.0,470.0,65800
2021-04-26 00:00:00+09:00,467.0,467.0,460.0,463.0,79800
2021-04-27 00:00:00+09:00,463.0,463.0,454.0,458.0,91100
2021-04-28 00:00:00+09:00,452.0,458.0,450.0,455.0,86100
2021-04-30 00:00:00+09:00,455.0,456.0,449.0,452.0,70000
2021-05-06 00:00:00+09:00,452.0,457.0,449.0,451.0,64400
2021-05-07 00:00:00+09:00,450.0,453.0,443.0,450.0,79600
2021-05-10 00:00:00+09:00,452.0,454.0,447.0,454.0,59000
2021-05-11 00:00:00+09:00,450.0,451.0,443.0,446.0,73600
2021-05-12 00:00:00+09:00,444.0,444.0,417.0,423.0,248100
2021-05-13 00:00:00+09:00,411.0,426.0,406.0,417.0,128900
2021-05-14 00:00:00+09:00,411.0,414.0,393.0,410.0,284300
2021-05-17 00:00:00+09:00,416.0,440.0,414.0,427.0,208800
2021-05-18 00:00:00+09:00,427.0,428.0,421.0,421.0,58300
2021-05-19 00:00:00+09:00,421.0,434.0,416.0,433.0,49600
2021-05-20 00:00:00+09:00,437.0,444.0,435.0,439.0,44000
2021-05-21 00:00:00+09:00,445.0,451.0,441.0,445.0,54800
2021-05-24 00:00:00+09:00,445.0,445.0,425.0,439.0,123300
2021-05-25 00:00:00+09:00,446.0,446.0,422.0,426.0,116000
2021-05-26 00:00:00+09:00,426.0,441.0,421.0,440.0,59000
2021-05-27 00:00:00+09:00,434.0,436.0,428.0,430.0,38000
2021-05-28 00:00:00+09:00,430.0,434.0,427.0,430.0,26800
2021-05-31 00:00:00+09:00,431.0,433.0,423.0,429.0,38200
2021-06-01 00:00:00+09:00,429.0,446.0,420.0,422.0,173000
2021-06-02 00:00:00+09:00,438.0,444.0,426.0,442.0,136500
2021-06-03 00:00:00+09:00,438.0,450.0,430.0,445.0,117400
2021-06-04 00:00:00+09:00,447.0,483.0,445.0,480.0,294000
2021-06-07 00:00:00+09:00,485.0,491.0,467.0,475.0,160500
2021-06-08 00:00:00+09:00,482.0,496.0,476.0,492.0,190700
2021-06-09 00:00:00+09:00,495.0,508.0,492.0,502.0,192500
2021-06-10 00:00:00+09:00,498.0,502.0,486.0,498.0,92500
2021-06-11 00:00:00+09:00,501.0,501.0,488.0,497.0,104100
2021-06-14 00:00:00+09:00,500.0,513.0,499.0,512.0,116800
2021-06-15 00:00:00+09:00,514.0,530.0,505.0,526.0,231700
2021-06-16 00:00:00+09:00,527.0,531.0,510.0,511.0,134300
2021-06-17 00:00:00+09:00,510.0,553.0,495.0,547.0,472200
2021-06-18 00:00:00+09:00,553.0,569.0,546.0,554.0,329000
2021-06-21 00:00:00+09:00,551.0,576.0,542.0,571.0,393100
2021-06-22 00:00:00+09:00,585.0,604.0,568.0,595.0,618500
2021-06-23 00:00:00+09:00,603.0,654.0,603.0,645.0,924300
2021-06-24 00:00:00+09:00,636.0,636.0,551.0,572.0,1323100
2021-06-25 00:00:00+09:00,566.0,603.0,561.0,589.0,410800
2021-06-28 00:00:00+09:00,586.0,596.0,575.0,582.0,226200
2021-06-29 00:00:00+09:00,580.0,615.0,580.0,602.0,353800
2021-06-30 00:00:00+09:00,601.0,645.0,600.0,643.0,517700
2021-07-01 00:00:00+09:00,633.0,666.0,627.0,649.0,560000
2021-07-02 00:00:00+09:00,643.0,659.0,623.0,623.0,344400
2021-07-05 00:00:00+09:00,617.0,623.0,591.0,606.0,312900
2021-07-06 00:00:00+09:00,608.0,626.0,569.0,590.0,406100
2021-07-07 00:00:00+09:00,591.0,603.0,583.0,586.0,148100
2021-07-08 00:00:00+09:00,578.0,591.0,552.0,557.0,306100
2021-07-09 00:00:00+09:00,546.0,577.0,543.0,574.0,175800
2021-07-12 00:00:00+09:00,578.0,592.0,564.0,575.0,184000
2021-07-13 00:00:00+09:00,572.0,575.0,561.0,566.0,117900
2021-07-14 00:00:00+09:00,569.0,569.0,556.0,557.0,163000
2021-07-15 00:00:00+09:00,565.0,565.0,543.0,551.0,163100
2021-07-16 00:00:00+09:00,545.0,565.0,545.0,559.0,93500
2021-07-19 00:00:00+09:00,556.0,564.0,548.0,557.0,80100
2021-07-20 00:00:00+09:00,555.0,563.0,546.0,551.0,61300
2021-07-21 00:00:00+09:00,560.0,568.0,552.0,558.0,61400
2021-07-26 00:00:00+09:00,560.0,563.0,550.0,551.0,75200
2021-07-27 00:00:00+09:00,554.0,604.0,552.0,597.0,436500
2021-07-28 00:00:00+09:00,588.0,609.0,583.0,596.0,318200
2021-07-29 00:00:00+09:00,600.0,645.0,592.0,627.0,678700
2021-07-30 00:00:00+09:00,620.0,628.0,587.0,627.0,523000
2021-08-02 00:00:00+09:00,643.0,643.0,612.0,628.0,348100
2021-08-03 00:00:00+09:00,624.0,641.0,614.0,620.0,203300
2021-08-04 00:00:00+09:00,620.0,620.0,593.0,596.0,210100
2021-08-05 00:00:00+09:00,589.0,596.0,561.0,570.0,310500
2021-08-06 00:00:00+09:00,559.0,567.0,542.0,546.0,216500
2021-08-10 00:00:00+09:00,545.0,563.0,536.0,559.0,215700
2021-08-11 00:00:00+09:00,559.0,578.0,551.0,574.0,77100
2021-08-12 00:00:00+09:00,570.0,570.0,555.0,570.0,91700
2021-08-13 00:00:00+09:00,576.0,618.0,571.0,616.0,389600
2021-08-16 00:00:00+09:00,606.0,623.0,591.0,622.0,210500
2021-08-17 00:00:00+09:00,622.0,628.0,606.0,612.0,148100
2021-08-18 00:00:00+09:00,610.0,645.0,610.0,636.0,378100
2021-08-19 00:00:00+09:00,637.0,688.0,637.0,673.0,634900
2021-08-20 00:00:00+09:00,671.0,723.0,668.0,719.0,852900
2021-08-23 00:00:00+09:00,722.0,778.0,716.0,773.0,759800
2021-08-24 00:00:00+09:00,787.0,800.0,750.0,783.0,870800
2021-08-25 00:00:00+09:00,783.0,839.0,762.0,777.0,1057400
2021-08-26 00:00:00+09:00,762.0,824.0,750.0,819.0,596400
2021-08-27 00:00:00+09:00,819.0,833.0,802.0,806.0,411100
2021-08-30 00:00:00+09:00,807.0,818.0,770.0,807.0,453700
2021-08-31 00:00:00+09:00,806.0,826.0,790.0,804.0,292500
2021-09-01 00:00:00+09:00,817.0,821.0,790.0,820.0,374800
2021-09-02 00:00:00+09:00,820.0,824.0,785.0,797.0,468700
2021-09-03 00:00:00+09:00,790.0,796.0,763.0,785.0,386000
2021-09-06 00:00:00+09:00,796.0,798.0,762.0,796.0,308000
2021-09-07 00:00:00+09:00,790.0,811.0,788.0,797.0,211600
2021-09-08 00:00:00+09:00,802.0,806.0,778.0,791.0,197900
2021-09-09 00:00:00+09:00,789.0,789.0,770.0,778.0,181300
2021-09-10 00:00:00+09:00,779.0,800.0,768.0,797.0,286400
2021-09-13 00:00:00+09:00,806.0,864.0,793.0,858.0,831000
2021-09-14 00:00:00+09:00,850.0,858.0,831.0,835.0,364300
2021-09-15 00:00:00+09:00,824.0,825.0,755.0,770.0,801700
2021-09-16 00:00:00+09:00,777.0,777.0,675.0,708.0,1102000
2021-09-17 00:00:00+09:00,704.0,715.0,683.0,708.0,342800
2021-09-21 00:00:00+09:00,665.0,687.0,647.0,670.0,580700
2021-09-22 00:00:00+09:00,666.0,677.0,635.0,643.0,387500
2021-09-24 00:00:00+09:00,655.0,666.0,646.0,653.0,242800
2021-09-27 00:00:00+09:00,660.0,666.0,619.0,635.0,326800
2021-09-28 00:00:00+09:00,639.0,641.0,582.0,605.0,772600
2021-09-29 00:00:00+09:00,607.0,612.0,582.0,591.0,437400
2021-09-30 00:00:00+09:00,595.0,597.0,574.0,579.0,261300
2021-10-01 00:00:00+09:00,576.0,580.0,558.0,567.0,404700
2021-10-04 00:00:00+09:00,573.0,577.0,535.0,538.0,362700
2021-10-05 00:00:00+09:00,538.0,538.0,507.0,518.0,498500
2021-10-06 00:00:00+09:00,528.0,532.0,502.0,502.0,331100
2021-10-07 00:00:00+09:00,505.0,519.0,503.0,504.0,275400
2021-10-08 00:00:00+09:00,508.0,514.0,503.0,504.0,155800
2021-10-11 00:00:00+09:00,504.0,507.0,488.0,504.0,217500
2021-10-12 00:00:00+09:00,506.0,511.0,495.0,498.0,212000
2021-10-13 00:00:00+09:00,499.0,509.0,493.0,498.0,145300
2021-10-14 00:00:00+09:00,500.0,515.0,496.0,501.0,255700
2021-10-15 00:00:00+09:00,506.0,518.0,502.0,516.0,143100
2021-10-18 00:00:00+09:00,509.0,514.0,492.0,495.0,258300
2021-10-19 00:00:00+09:00,493.0,506.0,493.0,505.0,86600
2021-10-20 00:00:00+09:00,504.0,505.0,490.0,492.0,176800
2021-10-21 00:00:00+09:00,496.0,496.0,475.0,476.0,258900
2021-10-22 00:00:00+09:00,475.0,487.0,473.0,481.0,120400
2021-10-25 00:00:00+09:00,476.0,482.0,466.0,482.0,91500
2021-10-26 00:00:00+09:00,486.0,493.0,477.0,489.0,90400
2021-10-27 00:00:00+09:00,495.0,497.0,483.0,487.0,85200
2021-10-28 00:00:00+09:00,490.0,494.0,483.0,486.0,75600
2021-10-29 00:00:00+09:00,494.0,494.0,476.0,482.0,115100
2021-11-01 00:00:00+09:00,495.0,497.0,477.0,480.0,79000
2021-11-02 00:00:00+09:00,480.0,488.0,476.0,481.0,52800
2021-11-04 00:00:00+09:00,483.0,491.0,464.0,466.0,175600
2021-11-05 00:00:00+09:00,472.0,472.0,450.0,463.0,141000
2021-11-08 00:00:00+09:00,467.0,476.0,460.0,463.0,132500
2021-11-09 00:00:00+09:00,471.0,488.0,466.0,475.0,145800
2021-11-10 00:00:00+09:00,474.0,501.0,473.0,495.0,232800
2021-11-11 00:00:00+09:00,490.0,490.0,469.0,474.0,268000
2021-11-12 00:00:00+09:00,475.0,496.0,474.0,493.0,124200
2021-11-15 00:00:00+09:00,494.0,508.0,486.0,503.0,221800
2021-11-16 00:00:00+09:00,509.0,535.0,508.0,531.0,286400
2021-11-17 00:00:00+09:00,533.0,540.0,507.0,513.0,323200
2021-11-18 00:00:00+09:00,523.0,523.0,497.0,505.0,149600
2021-11-19 00:00:00+09:00,508.0,508.0,487.0,497.0,151700
2021-11-22 00:00:00+09:00,500.0,515.0,489.0,512.0,92700
2021-11-24 00:00:00+09:00,508.0,512.0,497.0,511.0,141500
2021-11-25 00:00:00+09:00,517.0,526.0,504.0,521.0,142100
2021-11-26 00:00:00+09:00,522.0,522.0,498.0,513.0,184100
2021-11-29 00:00:00+09:00,493.0,509.0,485.0,489.0,183000
2021-11-30 00:00:00+09:00,504.0,507.0,483.0,485.0,146400
2021-12-01 00:00:00+09:00,481.0,484.0,464.0,470.0,224000
2021-12-02 00:00:00+09:00,465.0,466.0,452.0,462.0,185500
2021-12-03 00:00:00+09:00,454.0,474.0,454.0,464.0,154000
2021-12-06 00:00:00+09:00,460.0,463.0,440.0,444.0,220900
2021-12-07 00:00:00+09:00,460.0,465.0,447.0,465.0,233900
2021-12-08 00:00:00+09:00,476.0,491.0,461.0,483.0,142400
2021-12-09 00:00:00+09:00,487.0,510.0,481.0,494.0,257100
2021-12-10 00:00:00+09:00,500.0,500.0,473.0,477.0,165600
2021-12-13 00:00:00+09:00,474.0,474.0,444.0,445.0,324300
2021-12-14 00:00:00+09:00,444.0,453.0,440.0,452.0,145100
2021-12-15 00:00:00+09:00,450.0,468.0,444.0,467.0,67000
2021-12-16 00:00:00+09:00,475.0,489.0,472.0,484.0,104200
2021-12-17 00:00:00+09:00,479.0,487.0,466.0,470.0,134700
2021-12-20 00:00:00+09:00,466.0,474.0,462.0,463.0,108700
2021-12-21 00:00:00+09:00,466.0,480.0,460.0,477.0,90000
2021-12-22 00:00:00+09:00,483.0,498.0,479.0,487.0,150200
2021-12-23 00:00:00+09:00,489.0,503.0,482.0,490.0,193000
2021-12-24 00:00:00+09:00,492.0,502.0,486.0,491.0,130100
2021-12-27 00:00:00+09:00,490.0,490.0,465.0,468.0,255600
2021-12-28 00:00:00+09:00,473.0,480.0,467.0,472.0,160400
2021-12-29 00:00:00+09:00,480.0,498.0,478.0,494.0,195200
2021-12-30 00:00:00+09:00,494.0,497.0,479.0,493.0,211200
2022-01-04 00:00:00+09:00,498.0,499.0,487.0,491.0,63200
2022-01-05 00:00:00+09:00,490.0,490.0,467.0,473.0,183300
2022-01-06 00:00:00+09:00,465.0,465.0,450.0,460.0,194400
2022-01-07 00:00:00+09:00,465.0,467.0,444.0,452.0,207500
2022-01-11 00:00:00+09:00,452.0,464.0,452.0,463.0,64700
2022-01-12 00:00:00+09:00,464.0,477.0,464.0,471.0,102200
2022-01-13 00:00:00+09:00,471.0,473.0,461.0,466.0,72200
2022-01-14 00:00:00+09:00,461.0,469.0,446.0,467.0,159000
2022-01-17 00:00:00+09:00,475.0,475.0,460.0,462.0,71500
2022-01-18 00:00:00+09:00,470.0,478.0,461.0,463.0,142400
2022-01-19 00:00:00+09:00,461.0,464.0,445.0,446.0,156700
2022-01-20 00:00:00+09:00,455.0,459.0,440.0,447.0,171400
2022-01-21 00:00:00+09:00,446.0,446.0,427.0,429.0,192300
2022-01-24 00:00:00+09:00,423.0,429.0,409.0,424.0,178200
2022-01-25 00:00:00+09:00,424.0,428.0,405.0,411.0,190100
2022-01-26 00:00:00+09:00,410.0,425.0,410.0,421.0,63300
2022-01-27 00:00:00+09:00,427.0,428.0,392.0,398.0,264400
2022-01-28 00:00:00+09:00,406.0,413.0,385.0,385.0,332900
2022-01-31 00:00:00+09:00,382.0,411.0,382.0,409.0,203800
2022-02-01 00:00:00+09:00,417.0,432.0,414.0,424.0,138900
2022-02-02 00:00:00+09:00,425.0,448.0,425.0,447.0,107600
2022-02-03 00:00:00+09:00,440.0,440.0,427.0,433.0,137900
2022-02-04 00:00:00+09:00,425.0,432.0,416.0,424.0,94600
2022-02-07 00:00:00+09:00,448.0,456.0,423.0,423.0,281700
2022-02-08 00:00:00+09:00,423.0,437.0,417.0,436.0,198500
2022-02-09 00:00:00+09:00,432.0,434.0,417.0,426.0,120900
2022-02-10 00:00:00+09:00,432.0,433.0,423.0,429.0,87300
2022-02-14 00:00:00+09:00,417.0,419.0,406.0,409.0,133300
2022-02-15 00:00:00+09:00,408.0,409.0,395.0,399.0,207500
2022-02-16 00:00:00+09:00,407.0,421.0,407.0,415.0,155600
2022-02-17 00:00:00+09:00,414.0,417.0,403.0,405.0,129400
2022-02-18 00:00:00+09:00,399.0,406.0,391.0,404.0,163900
2022-02-21 00:00:00+09:00,393.0,398.0,385.0,397.0,157600
2022-02-22 00:00:00+09:00,389.0,394.0,370.0,376.0,283600
2022-02-24 00:00:00+09:00,369.0,370.0,327.0,330.0,508500
2022-02-25 00:00:00+09:00,338.0,368.0,338.0,368.0,221500
2022-02-28 00:00:00+09:00,363.0,380.0,360.0,374.0,182700
2022-03-01 00:00:00+09:00,380.0,401.0,374.0,397.0,141000
2022-03-02 00:00:00+09:00,390.0,400.0,382.0,394.0,147400
2022-03-03 00:00:00+09:00,400.0,402.0,380.0,386.0,145500
2022-03-04 00:00:00+09:00,380.0,380.0,361.0,365.0,163900
2022-03-07 00:00:00+09:00,349.0,352.0,335.0,352.0,289300
2022-03-08 00:00:00+09:00,343.0,370.0,342.0,362.0,220200
2022-03-09 00:00:00+09:00,361.0,366.0,346.0,361.0,155400
2022-03-10 00:00:00+09:00,369.0,384.0,368.0,384.0,145500
2022-03-11 00:00:00+09:00,377.0,386.0,367.0,375.0,128300
2022-03-14 00:00:00+09:00,372.0,379.0,365.0,368.0,79700
2022-03-15 00:00:00+09:00,365.0,378.0,360.0,377.0,75200
2022-03-16 00:00:00+09:00,388.0,398.0,387.0,389.0,92400
2022-03-17 00:00:00+09:00,395.0,410.0,395.0,408.0,111400
2022-03-18 00:00:00+09:00,408.0,427.0,408.0,423.0,152600
2022-03-22 00:00:00+09:00,428.0,429.0,413.0,413.0,118600
2022-03-23 00:00:00+09:00,418.0,430.0,418.0,425.0,104200
2022-03-24 00:00:00+09:00,418.0,433.0,417.0,429.0,92600
2022-03-25 00:00:00+09:00,435.0,440.0,423.0,437.0,128700
2022-03-28 00:00:00+09:00,433.0,433.0,420.0,427.0,100500
2022-03-29 00:00:00+09:00,430.0,441.0,430.0,437.0,64600
2022-03-30 00:00:00+09:00,442.0,452.0,440.0,450.0,94500
2022-03-31 00:00:00+09:00,446.0,462.0,442.0,460.0,100700
2022-04-01 00:00:00+09:00,457.0,464.0,445.0,462.0,104700
2022-04-04 00:00:00+09:00,469.0,474.0,460.0,474.0,127200
2022-04-05 00:00:00+09:00,475.0,483.0,465.0,470.0,201200
2022-04-06 00:00:00+09:00,469.0,476.0,455.0,473.0,155100
2022-04-07 00:00:00+09:00,473.0,473.0,450.0,458.0,157000
2022-04-08 00:00:00+09:00,461.0,468.0,457.0,464.0,64900
2022-04-11 00:00:00+09:00,460.0,464.0,452.0,456.0,53200
2022-04-12 00:00:00+09:00,453.0,455.0,441.0,446.0,47300
2022-04-13 00:00:00+09:00,450.0,464.0,450.0,458.0,60400
2022-04-14 00:00:00+09:00,463.0,482.0,459.0,480.0,215000
2022-04-15 00:00:00+09:00,472.0,477.0,462.0,477.0,118500
2022-04-18 00:00:00+09:00,469.0,473.0,461.0,462.0,73100
2022-04-19 00:00:00+09:00,470.0,471.0,459.0,463.0,47100
2022-04-20 00:00:00+09:00,461.0,477.0,456.0,472.0,147700
2022-04-21 00:00:00+09:00,473.0,473.0,463.0,469.0,81100
2022-04-22 00:00:00+09:00,461.0,472.0,456.0,469.0,91800
2022-04-25 00:00:00+09:00,461.0,470.0,459.0,464.0,57700
2022-04-26 00:00:00+09:00,462.0,463.0,450.0,458.0,101600
2022-04-27 00:00:00+09:00,450.0,452.0,438.0,438.0,116200
2022-04-28 00:00:00+09:00,454.0,470.0,454.0,467.0,136100
2022-05-02 00:00:00+09:00,459.0,467.0,452.0,457.0,129900
2022-05-06 00:00:00+09:00,452.0,462.0,446.0,455.0,108600
2022-05-09 00:00:00+09:00,447.0,454.0,435.0,445.0,151100
2022-05-10 00:00:00+09:00,440.0,442.0,410.0,426.0,226700
2022-05-11 00:00:00+09:00,418.0,438.0,418.0,429.0,136400
2022-05-12 00:00:00+09:00,426.0,443.0,411.0,438.0,236900
2022-05-13 00:00:00+09:00,358.0,358.0,358.0,358.0,42100
2022-05-16 00:00:00+09:00,317.0,319.0,278.0,278.0,1640300
2022-05-17 00:00:00+09:00,254.0,273.0,254.0,260.0,669600
2022-05-18 00:00:00+09:00,261.0,298.0,261.0,278.0,1026800
2022-05-19 00:00:00+09:00,270.0,279.0,258.0,272.0,424300
2022-05-20 00:00:00+09:00,271.0,276.0,266.0,270.0,309300
2022-05-23 00:00:00+09:00,270.0,284.0,270.0,276.0,429100
2022-05-24 00:00:00+09:00,275.0,277.0,258.0,260.0,449700
2022-05-25 00:00:00+09:00,260.0,260.0,239.0,243.0,436300
2022-05-26 00:00:00+09:00,249.0,253.0,242.0,248.0,220300
2022-05-27 00:00:00+09:00,255.0,267.0,250.0,263.0,498800
2022-05-30 00:00:00+09:00,270.0,278.0,262.0,270.0,465400
2022-05-31 00:00:00+09:00,270.0,278.0,265.0,276.0,281300
2022-06-01 00:00:00+09:00,274.0,292.0,274.0,277.0,396200
2022-06-02 00:00:00+09:00,275.0,278.0,266.0,275.0,181900
2022-06-03 00:00:00+09:00,279.0,291.0,274.0,287.0,379000
2022-06-06 00:00:00+09:00,282.0,289.0,278.0,283.0,245500
2022-06-07 00:00:00+09:00,283.0,285.0,277.0,279.0,173100
2022-06-08 00:00:00+09:00,280.0,290.0,278.0,285.0,307700
2022-06-09 00:00:00+09:00,285.0,302.0,283.0,299.0,374800
2022-06-10 00:00:00+09:00,293.0,326.0,291.0,309.0,729000
2022-06-13 00:00:00+09:00,298.0,303.0,286.0,292.0,324700
2022-06-14 00:00:00+09:00,282.0,287.0,275.0,286.0,184100
2022-06-15 00:00:00+09:00,288.0,294.0,278.0,278.0,119500
2022-06-16 00:00:00+09:00,284.0,286.0,274.0,274.0,207400
2022-06-17 00:00:00+09:00,266.0,268.0,259.0,259.0,326900
2022-06-20 00:00:00+09:00,262.0,266.0,253.0,259.0,192100
2022-06-21 00:00:00+09:00,264.0,276.0,261.0,269.0,224000
2022-06-22 00:00:00+09:00,277.0,277.0,263.0,264.0,110400
2022-06-23 00:00:00+09:00,263.0,278.0,263.0,268.0,237600
2022-06-24 00:00:00+09:00,276.0,286.0,273.0,280.0,219800
2022-06-27 00:00:00+09:00,288.0,288.0,269.0,275.0,191200
2022-06-28 00:00:00+09:00,272.0,278.0,270.0,272.0,148100
2022-06-29 00:00:00+09:00,275.0,275.0,265.0,271.0,95600
2022-06-30 00:00:00+09:00,272.0,276.0,269.0,272.0,68700
2022-07-01 00:00:00+09:00,269.0,270.0,260.0,263.0,170600
2022-07-04 00:00:00+09:00,268.0,270.0,259.0,265.0,125500
2022-07-05 00:00:00+09:00,265.0,269.0,264.0,266.0,77800
2022-07-06 00:00:00+09:00,270.0,272.0,265.0,266.0,189300
2022-07-07 00:00:00+09:00,267.0,267.0,262.0,267.0,62400
2022-07-08 00:00:00+09:00,269.0,272.0,262.0,263.0,199900
2022-07-11 00:00:00+09:00,268.0,268.0,263.0,265.0,97800
2022-07-12 00:00:00+09:00,264.0,264.0,257.0,260.0,0
2022-07-13 00:00:00+09:00,260.0,275.0,258.0,266.0,214000
2022-07-14 00:00:00+09:00,266.0,271.0,264.0,266.0,72800
2022-07-15 00:00:00+09:00,266.0,267.0,260.0,260.0,115600
2022-07-19 00:00:00+09:00,260.0,265.0,257.0,261.0,132500
2022-07-20 00:00:00+09:00,263.0,264.0,259.0,259.0,124100
2022-07-21 00:00:00+09:00,260.0,265.0,260.0,264.0,135500
2022-07-22 00:00:00+09:00,264.0,271.0,263.0,265.0,172400
2022-07-25 00:00:00+09:00,268.0,268.0,256.0,258.0,261400
2022-07-26 00:00:00+09:00,258.0,259.0,250.0,256.0,217900
2022-07-27 00:00:00+09:00,253.0,260.0,248.0,251.0,280500
2022-07-28 00:00:00+09:00,252.0,253.0,243.0,243.0,248400
2022-07-29 00:00:00+09:00,244.0,244.0,240.0,241.0,187100
2022-08-01 00:00:00+09:00,244.0,246.0,240.0,246.0,123800
2022-08-02 00:00:00+09:00,242.0,243.0,240.0,240.0,146200
2022-08-03 00:00:00+09:00,241.0,243.0,236.0,236.0,284100
2022-08-04 00:00:00+09:00,236.0,238.0,233.0,238.0,122900
2022-08-05 00:00:00+09:00,236.0,237.0,231.0,234.0,206700
2022-08-08 00:00:00+09:00,234.0,236.0,229.0,234.0,190200
2022-08-09 00:00:00+09:00,232.0,241.0,232.0,238.0,231400
2022-08-10 00:00:00+09:00,238.0,239.0,233.0,239.0,88000
2022-08-12 00:00:00+09:00,236.0,243.0,236.0,239.0,174600
2022-08-15 00:00:00+09:00,238.0,240.0,231.0,232.0,171500
2022-08-16 00:00:00+09:00,233.0,235.0,230.0,231.0,161100
2022-08-17 00:00:00+09:00,231.0,234.0,227.0,232.0,155600
2022-08-18 00:00:00+09:00,231.0,237.0,229.0,237.0,154400
2022-08-19 00:00:00+09:00,238.0,254.0,238.0,246.0,382600
2022-08-22 00:00:00+09:00,243.0,245.0,238.0,238.0,103100
2022-08-23 00:00:00+09:00,237.0,245.0,234.0,244.0,70100
2022-08-24 00:00:00+09:00,244.0,249.0,242.0,245.0,87100
2022-08-25 00:00:00+09:00,246.0,254.0,243.0,253.0,199800
2022-08-26 00:00:00+09:00,253.0,257.0,250.0,252.0,110400
2022-08-29 00:00:00+09:00,247.0,252.0,241.0,243.0,168100
2022-08-30 00:00:00+09:00,245.0,256.0,243.0,254.0,147100
2022-08-31 00:00:00+09:00,252.0,253.0,246.0,247.0,80700
2022-09-01 00:00:00+09:00,325.0,325.0,267.0,267.0,7045600
2022-09-02 00:00:00+09:00,284.0,285.0,268.0,276.0,1262100
2022-09-05 00:00:00+09:00,272.0,294.0,262.0,294.0,669100
2022-09-06 00:00:00+09:00,286.0,301.0,277.0,277.0,1289800
2022-09-07 00:00:00+09:00,271.0,276.0,266.0,267.0,326400
2022-09-08 00:00:00+09:00,265.0,268.0,258.0,263.0,355600
2022-09-09 00:00:00+09:00,268.0,273.0,263.0,266.0,241900
2022-09-12 00:00:00+09:00,274.0,283.0,269.0,274.0,265700
2022-09-13 00:00:00+09:00,271.0,281.0,268.0,269.0,136500
2022-09-14 00:00:00+09:00,260.0,267.0,260.0,266.0,123500
2022-09-15 00:00:00+09:00,269.0,269.0,259.0,259.0,148900
2022-09-16 00:00:00+09:00,257.0,259.0,248.0,252.0,266700
2022-09-20 00:00:00+09:00,250.0,250.0,244.0,246.0,180800
2022-09-21 00:00:00+09:00,245.0,245.0,237.0,242.0,191200
2022-09-22 00:00:00+09:00,238.0,244.0,235.0,243.0,105500
2022-09-26 00:00:00+09:00,240.0,243.0,235.0,236.0,175000
2022-09-27 00:00:00+09:00,235.0,246.0,233.0,241.0,119600
2022-09-28 00:00:00+09:00,270.0,279.0,238.0,242.0,1694800
2022-09-29 00:00:00+09:00,245.0,254.0,243.0,248.0,228400
2022-09-30 00:00:00+09:00,244.0,251.0,241.0,243.0,144500
2022-10-03 00:00:00+09:00,241.0,241.0,233.0,237.0,199600
2022-10-04 00:00:00+09:00,240.0,248.0,240.0,245.0,107900
2022-10-05 00:00:00+09:00,246.0,253.0,240.0,242.0,108800
2022-10-06 00:00:00+09:00,245.0,251.0,245.0,245.0,132100
2022-10-07 00:00:00+09:00,243.0,249.0,240.0,241.0,172600
2022-10-11 00:00:00+09:00,243.0,243.0,239.0,239.0,191800
2022-10-12 00:00:00+09:00,239.0,239.0,229.0,230.0,248900
2022-10-13 00:00:00+09:00,231.0,231.0,211.0,211.0,554600
2022-10-14 00:00:00+09:00,213.0,219.0,204.0,216.0,177500
2022-10-17 00:00:00+09:00,216.0,218.0,213.0,217.0,61800
2022-10-18 00:00:00+09:00,218.0,223.0,217.0,218.0,130900
2022-10-19 00:00:00+09:00,217.0,218.0,213.0,216.0,90800
2022-10-20 00:00:00+09:00,215.0,217.0,211.0,213.0,98900
2022-10-21 00:00:00+09:00,212.0,212.0,208.0,209.0,106100
2022-10-24 00:00:00+09:00,213.0,214.0,206.0,206.0,136200
2022-10-25 00:00:00+09:00,207.0,209.0,202.0,206.0,139100
2022-10-26 00:00:00+09:00,206.0,212.0,206.0,212.0,79200
2022-10-27 00:00:00+09:00,210.0,213.0,206.0,206.0,99600
2022-10-28 00:00:00+09:00,205.0,208.0,204.0,206.0,55100
2022-10-31 00:00:00+09:00,207.0,208.0,206.0,206.0,48700
2022-11-01 00:00:00+09:00,206.0,208.0,203.0,206.0,71100
2022-11-02 00:00:00+09:00,207.0,207.0,203.0,204.0,64700
2022-11-04 00:00:00+09:00,202.0,204.0,200.0,201.0,131400
2022-11-07 00:00:00+09:00,209.0,277.0,207.0,252.0,10956400
2022-11-08 00:00:00+09:00,236.0,241.0,227.0,230.0,2708100
2022-11-09 00:00:00+09:00,294.0,310.0,282.0,310.0,4228000
2022-11-10 00:00:00+09:00,350.0,388.0,276.0,283.0,22972100
2022-11-11 00:00:00+09:00,291.0,313.0,272.0,295.0,7540300
2022-11-14 00:00:00+09:00,296.0,304.0,283.0,286.0,1391800
2022-11-15 00:00:00+09:00,286.0,308.0,285.0,304.0,1131800
2022-11-16 00:00:00+09:00,296.0,307.0,288.0,292.0,1039300
2022-11-17 00:00:00+09:00,287.0,295.0,284.0,295.0,436900
2022-11-18 00:00:00+09:00,296.0,319.0,295.0,308.0,1551500
2022-11-21 00:00:00+09:00,305.0,323.0,297.0,319.0,1006100
2022-11-22 00:00:00+09:00,316.0,345.0,310.0,319.0,2278900
2022-11-24 00:00:00+09:00,326.0,352.0,322.0,337.0,2269500
2022-11-25 00:00:00+09:00,331.0,336.0,321.0,323.0,967900
2022-11-28 00:00:00+09:00,321.0,324.0,307.0,318.0,620700
2022-11-29 00:00:00+09:00,326.0,328.0,297.0,300.0,1177800
2022-11-30 00:00:00+09:00,300.0,300.0,289.0,294.0,490300
2022-12-01 00:00:00+09:00,292.0,300.0,287.0,293.0,494800
2022-12-02 00:00:00+09:00,291.0,294.0,281.0,283.0,490200
2022-12-05 00:00:00+09:00,290.0,304.0,278.0,278.0,1426500
2022-12-06 00:00:00+09:00,278.0,283.0,268.0,279.0,448400
2022-12-07 00:00:00+09:00,274.0,290.0,274.0,289.0,275400
2022-12-08 00:00:00+09:00,287.0,295.0,286.0,289.0,326900
2022-12-09 00:00:00+09:00,289.0,295.0,281.0,295.0,324300
2022-12-12 00:00:00+09:00,291.0,297.0,290.0,294.0,214800
2022-12-13 00:00:00+09:00,295.0,295.0,285.0,291.0,250700
2022-12-14 00:00:00+09:00,288.0,289.0,278.0,279.0,263500
2022-12-15 00:00:00+09:00,280.0,288.0,278.0,284.0,217100
2022-12-16 00:00:00+09:00,283.0,285.0,279.0,279.0,136900
2022-12-19 00:00:00+09:00,275.0,276.0,268.0,269.0,277300
2022-12-20 00:00:00+09:00,268.0,273.0,257.0,258.0,471900
2022-12-21 00:00:00+09:00,260.0,271.0,258.0,264.0,325300
2022-12-22 00:00:00+09:00,266.0,268.0,261.0,263.0,189300
2022-12-23 00:00:00+09:00,255.0,268.0,252.0,256.0,283200
2022-12-26 00:00:00+09:00,258.0,260.0,249.0,251.0,308800
2022-12-27 00:00:00+09:00,252.0,260.0,251.0,252.0,230400
2022-12-28 00:00:00+09:00,252.0,263.0,250.0,254.0,320400
2022-12-29 00:00:00+09:00,258.0,260.0,253.0,259.0,189800
2022-12-30 00:00:00+09:00,259.0,269.0,259.0,267.0,170400
2023-01-04 00:00:00+09:00,272.0,272.0,259.0,265.0,199200
2023-01-05 00:00:00+09:00,265.0,265.0,255.0,256.0,140500
2023-01-06 00:00:00+09:00,259.0,262.0,253.0,260.0,81100
2023-01-10 00:00:00+09:00,266.0,297.0,258.0,263.0,1748000
2023-01-11 00:00:00+09:00,263.0,284.0,262.0,277.0,532600
2023-01-12 00:00:00+09:00,277.0,277.0,266.0,266.0,237600
2023-01-13 00:00:00+09:00,272.0,336.0,261.0,270.0,3870000
2023-01-16 00:00:00+09:00,266.0,266.0,254.0,255.0,645100
2023-01-17 00:00:00+09:00,256.0,262.0,254.0,254.0,195600
2023-01-18 00:00:00+09:00,253.0,265.0,253.0,265.0,252400
2023-01-19 00:00:00+09:00,262.0,269.0,259.0,266.0,137300
2023-01-20 00:00:00+09:00,265.0,276.0,265.0,273.0,221700
2023-01-23 00:00:00+09:00,274.0,282.0,272.0,279.0,264300
2023-01-24 00:00:00+09:00,284.0,289.0,281.0,282.0,435300
2023-01-25 00:00:00+09:00,286.0,295.0,282.0,292.0,323800
2023-01-26 00:00:00+09:00,293.0,305.0,293.0,298.0,496900
2023-01-27 00:00:00+09:00,296.0,301.0,290.0,291.0,399300
2023-01-30 00:00:00+09:00,293.0,297.0,287.0,293.0,218400
2023-01-31 00:00:00+09:00,294.0,307.0,289.0,303.0,535300
2023-02-01 00:00:00+09:00,301.0,310.0,300.0,304.0,372000
2023-02-02 00:00:00+09:00,304.0,305.0,294.0,296.0,255400
2023-02-03 00:00:00+09:00,296.0,296.0,287.0,290.0,258600
2023-02-06 00:00:00+09:00,290.0,297.0,288.0,297.0,133000
2023-02-07 00:00:00+09:00,295.0,301.0,291.0,298.0,230500
2023-02-08 00:00:00+09:00,290.0,294.0,280.0,294.0,441700
2023-02-09 00:00:00+09:00,291.0,302.0,286.0,288.0,296800
2023-02-10 00:00:00+09:00,288.0,288.0,275.0,280.0,250100
2023-02-13 00:00:00+09:00,282.0,282.0,275.0,279.0,209300
2023-02-14 00:00:00+09:00,279.0,292.0,279.0,289.0,282400
2023-02-15 00:00:00+09:00,291.0,292.0,283.0,291.0,129000
2023-02-16 00:00:00+09:00,294.0,301.0,288.0,300.0,306900
2023-02-17 00:00:00+09:00,296.0,303.0,291.0,294.0,215900
2023-02-20 00:00:00+09:00,295.0,303.0,290.0,299.0,268400
2023-02-21 00:00:00+09:00,298.0,301.0,291.0,295.0,167500
2023-02-22 00:00:00+09:00,291.0,293.0,283.0,283.0,199000
2023-02-24 00:00:00+09:00,286.0,286.0,271.0,283.0,327800
2023-02-27 00:00:00+09:00,276.0,276.0,271.0,271.0,163400
2023-02-28 00:00:00+09:00,273.0,274.0,267.0,267.0,137500
2023-03-01 00:00:00+09:00,265.0,265.0,255.0,261.0,316500
2023-03-02 00:00:00+09:00,264.0,265.0,259.0,263.0,130200
2023-03-03 00:00:00+09:00,262.0,267.0,262.0,265.0,122400
2023-03-06 00:00:00+09:00,268.0,269.0,262.0,266.0,93900
2023-03-07 00:00:00+09:00,266.0,272.0,264.0,266.0,92800
2023-03-08 00:00:00+09:00,266.0,267.0,263.0,265.0,62500
2023-03-09 00:00:00+09:00,266.0,267.0,261.0,262.0,76000
2023-03-10 00:00:00+09:00,263.0,264.0,258.0,259.0,135800
2023-03-13 00:00:00+09:00,259.0,259.0,251.0,256.0,185800
2023-03-14 00:00:00+09:00,251.0,252.0,241.0,242.0,268400
2023-03-15 00:00:00+09:00,243.0,252.0,242.0,247.0,202400
2023-03-16 00:00:00+09:00,244.0,244.0,228.0,243.0,345900
2023-03-17 00:00:00+09:00,243.0,250.0,240.0,248.0,186700
2023-03-20 00:00:00+09:00,245.0,246.0,236.0,236.0,160700
2023-03-22 00:00:00+09:00,240.0,246.0,239.0,240.0,67000
2023-03-23 00:00:00+09:00,241.0,244.0,236.0,240.0,66300
2023-03-24 00:00:00+09:00,240.0,244.0,236.0,242.0,123900
2023-03-27 00:00:00+09:00,240.0,243.0,238.0,240.0,42300
2023-03-28 00:00:00+09:00,242.0,242.0,238.0,238.0,52400
2023-03-29 00:00:00+09:00,238.0,250.0,238.0,245.0,100600
2023-03-30 00:00:00+09:00,246.0,257.0,246.0,255.0,117400
2023-03-31 00:00:00+09:00,258.0,258.0,252.0,256.0,92100
2023-04-03 00:00:00+09:00,257.0,258.0,251.0,251.0,73000
2023-04-04 00:00:00+09:00,250.0,252.0,246.0,248.0,72600
2023-04-05 00:00:00+09:00,247.0,249.0,243.0,244.0,67800
2023-04-06 00:00:00+09:00,242.0,243.0,239.0,242.0,55600
2023-04-07 00:00:00+09:00,242.0,247.0,239.0,247.0,55800
2023-04-10 00:00:00+09:00,247.0,247.0,242.0,244.0,41100
2023-04-11 00:00:00+09:00,244.0,249.0,244.0,247.0,79500
2023-04-12 00:00:00+09:00,246.0,253.0,246.0,253.0,65300
2023-04-13 00:00:00+09:00,250.0,252.0,249.0,250.0,32600
2023-04-14 00:00:00+09:00,254.0,257.0,251.0,252.0,125900
2023-04-17 00:00:00+09:00,255.0,255.0,249.0,249.0,73400
2023-04-18 00:00:00+09:00,249.0,256.0,249.0,254.0,111000
2023-04-19 00:00:00+09:00,254.0,258.0,252.0,253.0,87700
2023-04-20 00:00:00+09:00,252.0,258.0,251.0,251.0,60800
2023-04-21 00:00:00+09:00,252.0,252.0,243.0,244.0,126500
2023-04-24 00:00:00+09:00,244.0,247.0,242.0,242.0,38600
2023-04-25 00:00:00+09:00,241.0,245.0,240.0,240.0,59300
2023-04-26 00:00:00+09:00,237.0,240.0,235.0,239.0,78700
2023-04-27 00:00:00+09:00,240.0,240.0,236.0,236.0,54300
2023-04-28 00:00:00+09:00,236.0,240.0,236.0,240.0,44900
2023-05-01 00:00:00+09:00,238.0,241.0,238.0,238.0,49300
2023-05-02 00:00:00+09:00,238.0,240.0,233.0,238.0,96800
2023-05-08 00:00:00+09:00,236.0,247.0,236.0,239.0,144400
2023-05-09 00:00:00+09:00,242.0,249.0,242.0,243.0,104800
2023-05-10 00:00:00+09:00,240.0,247.0,240.0,241.0,64800
2023-05-11 00:00:00+09:00,243.0,245.0,241.0,244.0,26300
2023-05-12 00:00:00+09:00,241.0,243.0,238.0,241.0,81900
2023-05-15 00:00:00+09:00,239.0,244.0,235.0,241.0,98600
2023-05-16 00:00:00+09:00,242.0,242.0,237.0,238.0,47600
2023-05-17 00:00:00+09:00,237.0,237.0,232.0,235.0,122900
2023-05-18 00:00:00+09:00,233.0,234.0,225.0,229.0,158800
2023-05-19 00:00:00+09:00,228.0,238.0,228.0,237.0,98900
2023-05-22 00:00:00+09:00,237.0,240.0,236.0,237.0,69100
2023-05-23 00:00:00+09:00,253.0,262.0,243.0,246.0,966500
2023-05-24 00:00:00+09:00,243.0,249.0,241.0,241.0,133100
2023-05-25 00:00:00+09:00,240.0,242.0,231.0,236.0,294700
2023-05-26 00:00:00+09:00,235.0,235.0,225.0,228.0,167800
2023-05-29 00:00:00+09:00,228.0,233.0,225.0,233.0,120500
2023-05-30 00:00:00+09:00,229.0,231.0,225.0,227.0,105400
2023-05-31 00:00:00+09:00,226.0,227.0,223.0,225.0,112700
2023-06-01 00:00:00+09:00,223.0,229.0,223.0,226.0,90000
2023-06-02 00:00:00+09:00,225.0,231.0,225.0,227.0,78900
2023-06-05 00:00:00+09:00,227.0,234.0,227.0,233.0,133900
2023-06-06 00:00:00+09:00,231.0,231.0,228.0,229.0,63100
2023-06-07 00:00:00+09:00,234.0,250.0,232.0,245.0,613700
2023-06-08 00:00:00+09:00,246.0,250.0,240.0,242.0,167900
2023-06-09 00:00:00+09:00,242.0,244.0,236.0,238.0,124600
2023-06-12 00:00:00+09:00,240.0,246.0,236.0,243.0,101900
2023-06-13 00:00:00+09:00,246.0,257.0,243.0,255.0,306200
2023-06-14 00:00:00+09:00,254.0,258.0,244.0,250.0,236900
2023-06-15 00:00:00+09:00,252.0,253.0,241.0,242.0,139800
2023-06-16 00:00:00+09:00,245.0,250.0,243.0,249.0,98500
2023-06-19 00:00:00+09:00,250.0,262.0,250.0,261.0,439300
2023-06-20 00:00:00+09:00,260.0,269.0,257.0,268.0,314200
2023-06-21 00:00:00+09:00,264.0,265.0,257.0,260.0,264300
2023-06-22 00:00:00+09:00,258.0,258.0,251.0,253.0,129400
2023-06-23 00:00:00+09:00,253.0,256.0,248.0,251.0,172200
2023-06-26 00:00:00+09:00,253.0,253.0,245.0,246.0,65000
2023-06-27 00:00:00+09:00,245.0,251.0,240.0,243.0,155100
2023-06-28 00:00:00+09:00,249.0,251.0,244.0,246.0,54700
2023-06-29 00:00:00+09:00,246.0,249.0,245.0,247.0,97800
2023-06-30 00:00:00+09:00,248.0,251.0,244.0,251.0,53300
2023-07-03 00:00:00+09:00,249.0,249.0,246.0,247.0,63800
2023-07-04 00:00:00+09:00,247.0,248.0,244.0,245.0,59200
2023-07-05 00:00:00+09:00,245.0,245.0,240.0,241.0,53900
2023-07-06 00:00:00+09:00,239.0,248.0,237.0,242.0,194500
2023-07-07 00:00:00+09:00,240.0,240.0,234.0,238.0,74400
2023-07-10 00:00:00+09:00,238.0,240.0,235.0,235.0,88300
2023-07-11 00:00:00+09:00,219.0,221.0,205.0,209.0,723400
2023-07-12 00:00:00+09:00,211.0,211.0,206.0,207.0,164200
2023-07-13 00:00:00+09:00,205.0,213.0,204.0,211.0,203600
2023-07-14 00:00:00+09:00,210.0,218.0,210.0,213.0,208600
2023-07-18 00:00:00+09:00,217.0,223.0,216.0,216.0,236300
2023-07-19 00:00:00+09:00,218.0,219.0,214.0,217.0,88500
2023-07-20 00:00:00+09:00,217.0,217.0,207.0,210.0,137900
2023-07-21 00:00:00+09:00,209.0,209.0,206.0,207.0,85600
2023-07-24 00:00:00+09:00,208.0,209.0,206.0,206.0,46900
2023-07-25 00:00:00+09:00,206.0,207.0,203.0,205.0,112800
2023-07-26 00:00:00+09:00,205.0,208.0,204.0,205.0,110800
2023-07-27 00:00:00+09:00,204.0,205.0,200.0,202.0,206400
2023-07-28 00:00:00+09:00,199.0,199.0,191.0,196.0,427600
2023-07-31 00:00:00+09:00,196.0,200.0,194.0,195.0,159900
2023-08-01 00:00:00+09:00,196.0,197.0,193.0,195.0,204900
2023-08-02 00:00:00+09:00,195.0,197.0,193.0,194.0,81500
2023-08-03 00:00:00+09:00,195.0,195.0,186.0,186.0,337600
2023-08-04 00:00:00+09:00,186.0,186.0,177.0,184.0,288200
2023-08-07 00:00:00+09:00,179.0,184.0,176.0,184.0,203300
2023-08-08 00:00:00+09:00,188.0,188.0,177.0,178.0,158300
2023-08-09 00:00:00+09:00,175.0,180.0,174.0,177.0,83100
2023-08-10 00:00:00+09:00,175.0,179.0,173.0,177.0,126100
2023-08-14 00:00:00+09:00,178.0,179.0,174.0,175.0,97800
2023-08-15 00:00:00+09:00,178.0,178.0,171.0,175.0,198400
2023-08-16 00:00:00+09:00,175.0,175.0,165.0,168.0,237800
2023-08-17 00:00:00+09:00,168.0,168.0,158.0,160.0,567800
2023-08-18 00:00:00+09:00,158.0,184.0,158.0,175.0,962100
2023-08-21 00:00:00+09:00,171.0,177.0,170.0,173.0,157800
2023-08-22 00:00:00+09:00,172.0,189.0,170.0,184.0,575400
2023-08-23 00:00:00+09:00,184.0,201.0,184.0,188.0,827700
2023-08-24 00:00:00+09:00,189.0,189.0,177.0,178.0,390500
2023-08-25 00:00:00+09:00,178.0,188.0,175.0,184.0,234700
2023-08-28 00:00:00+09:00,191.0,191.0,184.0,184.0,216700
2023-08-29 00:00:00+09:00,185.0,190.0,185.0,185.0,135300
2023-08-30 00:00:00+09:00,187.0,187.0,179.0,184.0,170700
2023-08-31 00:00:00+09:00,186.0,190.0,182.0,182.0,156300
2023-09-01 00:00:00+09:00,183.0,185.0,180.0,180.0,103900
2023-09-04 00:00:00+09:00,180.0,180.0,173.0,178.0,191300
2023-09-05 00:00:00+09:00,178.0,181.0,176.0,177.0,215500
2023-09-06 00:00:00+09:00,181.0,185.0,177.0,182.0,209200
2023-09-07 00:00:00+09:00,180.0,180.0,175.0,175.0,178100
2023-09-08 00:00:00+09:00,175.0,177.0,174.0,176.0,87100
2023-09-11 00:00:00+09:00,177.0,177.0,168.0,170.0,375100
2023-09-12 00:00:00+09:00,169.0,172.0,166.0,166.0,111400
2023-09-13 00:00:00+09:00,165.0,169.0,163.0,166.0,115000
2023-09-14 00:00:00+09:00,168.0,172.0,166.0,170.0,97200
2023-09-15 00:00:00+09:00,172.0,177.0,171.0,172.0,144400
2023-09-19 00:00:00+09:00,174.0,174.0,166.0,172.0,182700
2023-09-20 00:00:00+09:00,172.0,176.0,168.0,174.0,281200
2023-09-21 00:00:00+09:00,173.0,173.0,158.0,163.0,629500
2023-09-22 00:00:00+09:00,161.0,166.0,159.0,163.0,161700
2023-09-25 00:00:00+09:00,164.0,170.0,161.0,169.0,192200
2023-09-26 00:00:00+09:00,194.0,219.0,194.0,219.0,3926400
2023-09-27 00:00:00+09:00,220.0,240.0,192.0,193.0,12371200
2023-09-28 00:00:00+09:00,207.0,217.0,198.0,200.0,6132000
2023-09-29 00:00:00+09:00,197.0,203.0,186.0,188.0,2280700
2023-10-02 00:00:00+09:00,187.0,187.0,173.0,175.0,1675800
2023-10-03 00:00:00+09:00,171.0,174.0,164.0,166.0,1309200
2023-10-04 00:00:00+09:00,163.0,163.0,156.0,157.0,1100700
2023-10-05 00:00:00+09:00,159.0,160.0,154.0,155.0,706700
2023-10-06 00:00:00+09:00,156.0,159.0,152.0,157.0,599300
2023-10-10 00:00:00+09:00,158.0,162.0,157.0,160.0,278900
2023-10-11 00:00:00+09:00,161.0,161.0,154.0,156.0,506300
2023-10-12 00:00:00+09:00,156.0,156.0,152.0,152.0,395800
2023-10-13 00:00:00+09:00,152.0,152.0,143.0,144.0,1081100
2023-10-16 00:00:00+09:00,143.0,143.0,137.0,139.0,921800
2023-10-17 00:00:00+09:00,144.0,147.0,138.0,140.0,619600
2023-10-18 00:00:00+09:00,142.0,143.0,136.0,141.0,338700
2023-10-19 00:00:00+09:00,140.0,143.0,137.0,138.0,294000
2023-10-20 00:00:00+09:00,136.0,136.0,128.0,131.0,908600
2023-10-23 00:00:00+09:00,134.0,139.0,126.0,129.0,789200
2023-10-24 00:00:00+09:00,130.0,136.0,126.0,134.0,602000
2023-10-25 00:00:00+09:00,136.0,138.0,133.0,134.0,196900
2023-10-26 00:00:00+09:00,132.0,136.0,131.0,131.0,224300
2023-10-27 00:00:00+09:00,131.0,135.0,130.0,134.0,149500
2023-10-30 00:00:00+09:00,132.0,136.0,132.0,133.0,176100
2023-10-31 00:00:00+09:00,133.0,136.0,130.0,136.0,248300
2023-11-01 00:00:00+09:00,138.0,139.0,133.0,133.0,185600
2023-11-02 00:00:00+09:00,134.0,139.0,134.0,139.0,232900
2023-11-06 00:00:00+09:00,140.0,143.0,140.0,141.0,308100
2023-11-07 00:00:00+09:00,140.0,142.0,138.0,138.0,184900
2023-11-08 00:00:00+09:00,138.0,139.0,132.0,133.0,394300
2023-11-09 00:00:00+09:00,135.0,141.0,135.0,135.0,490700
2023-11-10 00:00:00+09:00,137.0,137.0,130.0,133.0,266200
2023-11-13 00:00:00+09:00,137.0,137.0,132.0,132.0,126500
2023-11-14 00:00:00+09:00,133.0,135.0,132.0,134.0,177500
2023-11-15 00:00:00+09:00,135.0,142.0,134.0,142.0,505300
2023-11-16 00:00:00+09:00,141.0,141.0,134.0,137.0,270000
2023-11-17 00:00:00+09:00,138.0,152.0,138.0,150.0,1113200
2023-11-20 00:00:00+09:00,148.0,156.0,144.0,156.0,604300
2023-11-21 00:00:00+09:00,156.0,164.0,153.0,164.0,564700
2023-11-22 00:00:00+09:00,164.0,164.0,152.0,155.0,922800
2023-11-24 00:00:00+09:00,160.0,160.0,148.0,150.0,700100
2023-11-27 00:00:00+09:00,150.0,157.0,148.0,157.0,437100
2023-11-28 00:00:00+09:00,155.0,156.0,149.0,149.0,256600
2023-11-29 00:00:00+09:00,148.0,154.0,145.0,146.0,438900
2023-11-30 00:00:00+09:00,145.0,147.0,144.0,147.0,121800
2023-12-01 00:00:00+09:00,145.0,146.0,142.0,143.0,158000
2023-12-04 00:00:00+09:00,143.0,143.0,138.0,142.0,222600
2023-12-05 00:00:00+09:00,140.0,141.0,137.0,140.0,203100
2023-12-06 00:00:00+09:00,139.0,140.0,132.0,132.0,613000
2023-12-07 00:00:00+09:00,134.0,139.0,130.0,132.0,1204900
2023-12-08 00:00:00+09:00,131.0,131.0,126.0,126.0,728300
2023-12-11 00:00:00+09:00,129.0,130.0,127.0,127.0,255500
2023-12-12 00:00:00+09:00,130.0,130.0,124.0,126.0,377700
2023-12-13 00:00:00+09:00,127.0,127.0,122.0,127.0,309700
2023-12-14 00:00:00+09:00,127.0,131.0,125.0,125.0,249000
2023-12-15 00:00:00+09:00,126.0,131.0,126.0,131.0,303100
2023-12-18 00:00:00+09:00,130.0,130.0,124.0,126.0,473600
2023-12-19 00:00:00+09:00,126.0,127.0,125.0,126.0,143400
2023-12-20 00:00:00+09:00,126.0,132.0,126.0,128.0,248900
2023-12-21 00:00:00+09:00,127.0,132.0,126.0,128.0,297700
2023-12-22 00:00:00+09:00,128.0,131.0,126.0,126.0,268900
2023-12-25 00:00:00+09:00,126.0,127.0,122.0,122.0,521400
2023-12-26 00:00:00+09:00,122.0,126.0,122.0,123.0,366200
2023-12-27 00:00:00+09:00,123.0,131.0,123.0,131.0,461800
2023-12-28 00:00:00+09:00,132.0,135.0,129.0,132.0,269900
2023-12-29 00:00:00+09:00,131.0,135.0,127.0,134.0,428200
2024-01-04 00:00:00+09:00,134.0,141.0,130.0,141.0,500300
2024-01-05 00:00:00+09:00,140.0,142.0,137.0,139.0,322300
2024-01-09 00:00:00+09:00,138.0,140.0,136.0,138.0,227300
2024-01-10 00:00:00+09:00,138.0,139.0,135.0,138.0,238300
2024-01-11 00:00:00+09:00,137.0,137.0,132.0,134.0,337900
2024-01-12 00:00:00+09:00,135.0,135.0,131.0,135.0,178400
2024-01-15 00:00:00+09:00,135.0,136.0,133.0,133.0,29500
2024-01-16 00:00:00+09:00,135.0,136.0,132.0,134.0,157000
2024-01-17 00:00:00+09:00,133.0,134.0,129.0,129.0,340800
2024-01-18 00:00:00+09:00,130.0,131.0,126.0,129.0,207800
2024-01-19 00:00:00+09:00,128.0,131.0,127.0,130.0,130800
2024-01-22 00:00:00+09:00,130.0,133.0,128.0,131.0,191100
2024-01-23 00:00:00+09:00,132.0,136.0,131.0,132.0,267300
2024-01-24 00:00:00+09:00,134.0,137.0,133.0,137.0,364300
2024-01-25 00:00:00+09:00,135.0,139.0,133.0,135.0,296200
2024-01-26 00:00:00+09:00,135.0,137.0,133.0,133.0,180300
2024-01-29 00:00:00+09:00,133.0,133.0,131.0,132.0,176800
2024-01-30 00:00:00+09:00,134.0,145.0,133.0,138.0,889500
2024-01-31 00:00:00+09:00,139.0,139.0,133.0,135.0,297000
2024-02-01 00:00:00+09:00,134.0,134.0,131.0,132.0,220500
2024-02-02 00:00:00+09:00,133.0,135.0,131.0,131.0,163000
2024-02-05 00:00:00+09:00,132.0,135.0,131.0,134.0,148300
2024-02-06 00:00:00+09:00,134.0,135.0,133.0,133.0,76500
2024-02-07 00:00:00+09:00,135.0,135.0,130.0,133.0,230700
2024-02-08 00:00:00+09:00,136.0,136.0,129.0,130.0,474800
2024-02-09 00:00:00+09:00,128.0,130.0,127.0,128.0,346900
2024-02-13 00:00:00+09:00,127.0,129.0,125.0,128.0,244000
2024-02-14 00:00:00+09:00,127.0,127.0,124.0,126.0,332600
2024-02-15 00:00:00+09:00,127.0,127.0,119.0,121.0,607900
2024-02-16 00:00:00+09:00,121.0,128.0,121.0,127.0,342100
2024-02-19 00:00:00+09:00,128.0,130.0,127.0,130.0,160100
2024-02-20 00:00:00+09:00,130.0,132.0,129.0,131.0,164700
2024-02-21 00:00:00+09:00,130.0,131.0,129.0,130.0,71000
2024-02-22 00:00:00+09:00,129.0,129.0,126.0,129.0,140100
2024-02-26 00:00:00+09:00,129.0,132.0,128.0,131.0,163800
2024-02-27 00:00:00+09:00,132.0,140.0,131.0,140.0,460500
2024-02-28 00:00:00+09:00,139.0,143.0,138.0,139.0,178200
2024-02-29 00:00:00+09:00,138.0,140.0,136.0,138.0,226300
2024-03-01 00:00:00+09:00,138.0,142.0,137.0,140.0,205800
2024-03-04 00:00:00+09:00,140.0,144.0,138.0,141.0,192900
2024-03-05 00:00:00+09:00,139.0,139.0,136.0,138.0,83200
2024-03-06 00:00:00+09:00,137.0,143.0,137.0,142.0,190900
2024-03-07 00:00:00+09:00,144.0,145.0,140.0,144.0,201900
2024-03-08 00:00:00+09:00,143.0,153.0,140.0,141.0,723700
2024-03-11 00:00:00+09:00,140.0,143.0,137.0,138.0,209000
2024-03-12 00:00:00+09:00,161.0,164.0,137.0,137.0,2895100
2024-03-13 00:00:00+09:00,138.0,143.0,137.0,142.0,559500
2024-03-14 00:00:00+09:00,142.0,143.0,136.0,140.0,347600
2024-03-15 00:00:00+09:00,139.0,147.0,138.0,145.0,481300
2024-03-18 00:00:00+09:00,146.0,151.0,146.0,149.0,339800
2024-03-19 00:00:00+09:00,150.0,158.0,148.0,153.0,577000
2024-03-21 00:00:00+09:00,155.0,155.0,150.0,151.0,216900
2024-03-22 00:00:00+09:00,151.0,156.0,150.0,152.0,171100
2024-03-25 00:00:00+09:00,153.0,154.0,150.0,151.0,185700
2024-03-26 00:00:00+09:00,155.0,159.0,150.0,152.0,513600
2024-03-27 00:00:00+09:00,152.0,153.0,145.0,147.0,397300
2024-03-28 00:00:00+09:00,146.0,151.0,143.0,147.0,195100
2024-03-29 00:00:00+09:00,146.0,151.0,146.0,151.0,155400
2024-04-01 00:00:00+09:00,150.0,150.0,142.0,143.0,286800
2024-04-02 00:00:00+09:00,143.0,145.0,138.0,138.0,333900
2024-04-03 00:00:00+09:00,137.0,143.0,137.0,140.0,220100
2024-04-04 00:00:00+09:00,140.0,140.0,135.0,137.0,153700
2024-04-05 00:00:00+09:00,136.0,138.0,135.0,136.0,91500
2024-04-08 00:00:00+09:00,137.0,140.0,136.0,140.0,105600
2024-04-09 00:00:00+09:00,140.0,144.0,139.0,144.0,132900
2024-04-10 00:00:00+09:00,144.0,145.0,139.0,140.0,256500
2024-04-11 00:00:00+09:00,139.0,150.0,138.0,148.0,1075500
2024-04-12 00:00:00+09:00,147.0,167.0,146.0,163.0,3930700
2024-04-15 00:00:00+09:00,160.0,164.0,152.0,156.0,1171900
2024-04-16 00:00:00+09:00,155.0,156.0,149.0,152.0,495900
2024-04-17 00:00:00+09:00,153.0,153.0,146.0,149.0,361800
2024-04-18 00:00:00+09:00,151.0,154.0,148.0,153.0,226700
2024-04-19 00:00:00+09:00,152.0,152.0,140.0,141.0,750400
2024-04-22 00:00:00+09:00,141.0,143.0,140.0,142.0,159400
2024-04-23 00:00:00+09:00,143.0,143.0,138.0,142.0,121900
2024-04-24 00:00:00+09:00,141.0,143.0,140.0,141.0,142200
2024-04-25 00:00:00+09:00,140.0,141.0,133.0,135.0,523900
2024-04-26 00:00:00+09:00,135.0,137.0,127.0,136.0,705800
2024-04-30 00:00:00+09:00,139.0,167.0,138.0,138.0,6178300
2024-05-01 00:00:00+09:00,138.0,143.0,135.0,136.0,948200
2024-05-02 00:00:00+09:00,137.0,138.0,135.0,136.0,361400
2024-05-07 00:00:00+09:00,139.0,141.0,138.0,139.0,233300
2024-05-08 00:00:00+09:00,140.0,142.0,138.0,140.0,293600
2024-05-09 00:00:00+09:00,139.0,140.0,136.0,138.0,138100
2024-05-10 00:00:00+09:00,138.0,139.0,136.0,138.0,93000
2024-05-13 00:00:00+09:00,137.0,141.0,136.0,140.0,250200
2024-05-14 00:00:00+09:00,144.0,144.0,138.0,140.0,349000
2024-05-15 00:00:00+09:00,138.0,139.0,130.0,132.0,718300
2024-05-16 00:00:00+09:00,131.0,133.0,129.0,133.0,288900
2024-05-17 00:00:00+09:00,133.0,133.0,129.0,130.0,142500
2024-05-20 00:00:00+09:00,129.0,133.0,129.0,131.0,107200
2024-05-21 00:00:00+09:00,129.0,132.0,127.0,127.0,365000
2024-05-22 00:00:00+09:00,127.0,127.0,123.0,123.0,303500
2024-05-23 00:00:00+09:00,124.0,124.0,122.0,123.0,179500
2024-05-24 00:00:00+09:00,121.0,124.0,121.0,123.0,152900
2024-05-27 00:00:00+09:00,123.0,124.0,121.0,122.0,193300
2024-05-28 00:00:00+09:00,124.0,128.0,124.0,127.0,196900
2024-05-29 00:00:00+09:00,126.0,127.0,123.0,123.0,107300
2024-05-30 00:00:00+09:00,123.0,125.0,121.0,123.0,170100
2024-05-31 00:00:00+09:00,123.0,127.0,123.0,125.0,130300
2024-06-03 00:00:00+09:00,126.0,128.0,126.0,127.0,37700
2024-06-04 00:00:00+09:00,127.0,128.0,126.0,128.0,134800
2024-06-05 00:00:00+09:00,129.0,132.0,128.0,129.0,154300
2024-06-06 00:00:00+09:00,129.0,130.0,125.0,127.0,127000
2024-06-07 00:00:00+09:00,127.0,128.0,126.0,128.0,75900
2024-06-10 00:00:00+09:00,128.0,131.0,127.0,131.0,152800
2024-06-11 00:00:00+09:00,131.0,135.0,130.0,134.0,244800
2024-06-12 00:00:00+09:00,137.0,137.0,130.0,130.0,318700
2024-06-13 00:00:00+09:00,132.0,134.0,130.0,132.0,100900
2024-06-14 00:00:00+09:00,132.0,134.0,132.0,134.0,109900
2024-06-17 00:00:00+09:00,135.0,135.0,131.0,132.0,121100
2024-06-18 00:00:00+09:00,132.0,135.0,125.0,134.0,724200
2024-06-19 00:00:00+09:00,136.0,137.0,131.0,133.0,353300
2024-06-20 00:00:00+09:00,133.0,135.0,133.0,135.0,59500
2024-06-21 00:00:00+09:00,135.0,136.0,133.0,135.0,149800
2024-06-24 00:00:00+09:00,135.0,135.0,133.0,133.0,58400
2024-06-25 00:00:00+09:00,133.0,135.0,131.0,133.0,170400
2024-06-26 00:00:00+09:00,132.0,136.0,132.0,135.0,158700
2024-06-27 00:00:00+09:00,136.0,147.0,136.0,147.0,885500
2024-06-28 00:00:00+09:00,146.0,146.0,139.0,141.0,365100
2024-07-01 00:00:00+09:00,142.0,143.0,139.0,141.0,269600
2024-07-02 00:00:00+09:00,141.0,141.0,136.0,136.0,155100
2024-07-03 00:00:00+09:00,136.0,138.0,132.0,134.0,209600
2024-07-04 00:00:00+09:00,135.0,137.0,134.0,136.0,255900
2024-07-05 00:00:00+09:00,134.0,137.0,133.0,136.0,131600
2024-07-08 00:00:00+09:00,136.0,136.0,133.0,134.0,146000
2024-07-09 00:00:00+09:00,135.0,135.0,133.0,135.0,56700
2024-07-10 00:00:00+09:00,135.0,136.0,134.0,134.0,96400
2024-07-11 00:00:00+09:00,135.0,140.0,134.0,138.0,246300
2024-07-12 00:00:00+09:00,138.0,142.0,137.0,137.0,402700
2024-07-16 00:00:00+09:00,138.0,143.0,138.0,143.0,201900
2024-07-17 00:00:00+09:00,144.0,149.0,143.0,147.0,407900
2024-07-18 00:00:00+09:00,147.0,151.0,144.0,149.0,527100
2024-07-19 00:00:00+09:00,149.0,149.0,138.0,139.0,597000
2024-07-22 00:00:00+09:00,141.0,141.0,136.0,137.0,209900
2024-07-23 00:00:00+09:00,139.0,144.0,139.0,141.0,212300
2024-07-24 00:00:00+09:00,141.0,144.0,139.0,142.0,130800
2024-07-25 00:00:00+09:00,140.0,144.0,139.0,142.0,245500
2024-07-26 00:00:00+09:00,144.0,148.0,140.0,145.0,408200
2024-07-29 00:00:00+09:00,148.0,152.0,147.0,150.0,350300
2024-07-30 00:00:00+09:00,149.0,152.0,142.0,146.0,358800
2024-07-31 00:00:00+09:00,146.0,159.0,143.0,157.0,1043800
2024-08-01 00:00:00+09:00,155.0,158.0,148.0,151.0,569800
2024-08-02 00:00:00+09:00,153.0,153.0,137.0,138.0,952600
2024-08-05 00:00:00+09:00,128.0,130.0,88.0,99.0,1795200
2024-08-06 00:00:00+09:00,114.0,129.0,112.0,128.0,1089600
2024-08-07 00:00:00+09:00,123.0,129.0,119.0,127.0,650800
2024-08-08 00:00:00+09:00,127.0,132.0,126.0,126.0,416500
2024-08-09 00:00:00+09:00,128.0,128.0,122.0,123.0,305000
2024-08-13 00:00:00+09:00,126.0,133.0,124.0,130.0,380300
2024-08-14 00:00:00+09:00,133.0,135.0,129.0,134.0,232900
2024-08-15 00:00:00+09:00,131.0,136.0,131.0,134.0,264700
2024-08-16 00:00:00+09:00,135.0,137.0,130.0,135.0,430800
2024-08-19 00:00:00+09:00,137.0,149.0,135.0,145.0,560300
2024-08-20 00:00:00+09:00,145.0,147.0,137.0,139.0,552200
2024-08-21 00:00:00+09:00,141.0,144.0,137.0,137.0,330200
2024-08-22 00:00:00+09:00,137.0,139.0,133.0,137.0,306700
2024-08-23 00:00:00+09:00,135.0,135.0,130.0,131.0,508000
2024-08-26 00:00:00+09:00,132.0,137.0,130.0,135.0,284000
2024-08-27 00:00:00+09:00,136.0,185.0,135.0,149.0,14027200
2024-08-28 00:00:00+09:00,148.0,151.0,141.0,141.0,2287900
2024-08-29 00:00:00+09:00,140.0,141.0,136.0,136.0,737300
2024-08-30 00:00:00+09:00,138.0,140.0,134.0,136.0,595400
2024-09-02 00:00:00+09:00,137.0,138.0,130.0,131.0,718200
2024-09-03 00:00:00+09:00,131.0,135.0,131.0,132.0,427800
2024-09-04 00:00:00+09:00,127.0,129.0,120.0,123.0,1770700
2024-09-05 00:00:00+09:00,123.0,129.0,122.0,125.0,679900
2024-09-06 00:00:00+09:00,126.0,127.0,121.0,124.0,645800
2024-09-09 00:00:00+09:00,118.0,122.0,116.0,119.0,535000
2024-09-10 00:00:00+09:00,121.0,124.0,121.0,122.0,225100
2024-09-11 00:00:00+09:00,123.0,123.0,115.0,117.0,725900
2024-09-12 00:00:00+09:00,119.0,123.0,118.0,122.0,509400
2024-09-13 00:00:00+09:00,122.0,122.0,118.0,120.0,247000
2024-09-17 00:00:00+09:00,120.0,121.0,116.0,121.0,503500
2024-09-18 00:00:00+09:00,120.0,123.0,117.0,121.0,320900
2024-09-19 00:00:00+09:00,121.0,130.0,121.0,129.0,662700
2024-09-20 00:00:00+09:00,130.0,130.0,126.0,126.0,261100
2024-09-24 00:00:00+09:00,128.0,129.0,125.0,127.0,234700
2024-09-25 00:00:00+09:00,128.0,129.0,125.0,126.0,587900
2024-09-26 00:00:00+09:00,126.0,126.0,122.0,124.0,271800
2024-09-27 00:00:00+09:00,124.0,128.0,124.0,126.0,224500
2024-09-30 00:00:00+09:00,120.0,124.0,119.0,122.0,406500
2024-10-01 00:00:00+09:00,125.0,128.0,121.0,124.0,449200
2024-10-02 00:00:00+09:00,122.0,124.0,121.0,122.0,201900
2024-10-03 00:00:00+09:00,123.0,125.0,122.0,122.0,146900
2024-10-04 00:00:00+09:00,123.0,125.0,121.0,121.0,140500
2024-10-07 00:00:00+09:00,123.0,123.0,120.0,122.0,135000
2024-10-08 00:00:00+09:00,121.0,121.0,119.0,119.0,190500
2024-10-09 00:00:00+09:00,120.0,120.0,118.0,118.0,89200
2024-10-10 00:00:00+09:00,118.0,118.0,116.0,117.0,168400
2024-10-11 00:00:00+09:00,117.0,118.0,115.0,116.0,248800
2024-10-15 00:00:00+09:00,116.0,119.0,115.0,119.0,171800
2024-10-16 00:00:00+09:00,116.0,117.0,114.0,115.0,202200
2024-10-17 00:00:00+09:00,115.0,116.0,114.0,114.0,103200
2024-10-18 00:00:00+09:00,115.0,115.0,114.0,115.0,91400
2024-10-21 00:00:00+09:00,114.0,118.0,114.0,117.0,89000
2024-10-22 00:00:00+09:00,117.0,117.0,113.0,115.0,169900
2024-10-23 00:00:00+09:00,114.0,114.0,111.0,111.0,208100
2024-10-24 00:00:00+09:00,111.0,111.0,109.0,110.0,214300
2024-10-25 00:00:00+09:00,111.0,111.0,107.0,110.0,150400
2024-10-28 00:00:00+09:00,108.0,112.0,108.0,111.0,104300
2024-10-29 00:00:00+09:00,112.0,114.0,112.0,114.0,94100
2024-10-30 00:00:00+09:00,114.0,114.0,111.0,114.0,36100
2024-10-31 00:00:00+09:00,112.0,114.0,112.0,112.0,112900
2024-11-01 00:00:00+09:00,113.0,113.0,109.0,109.0,214000
2024-11-05 00:00:00+09:00,110.0,111.0,109.0,110.0,74000
2024-11-06 00:00:00+09:00,112.0,112.0,110.0,110.0,85900
2024-11-07 00:00:00+09:00,111.0,112.0,110.0,112.0,108000
2024-11-08 00:00:00+09:00,112.0,113.0,110.0,112.0,75000
2024-11-11 00:00:00+09:00,112.0,116.0,111.0,115.0,151500
2024-11-12 00:00:00+09:00,115.0,117.0,115.0,117.0,180600
2024-11-13 00:00:00+09:00,116.0,116.0,112.0,113.0,221100
2024-11-14 00:00:00+09:00,112.0,113.0,110.0,111.0,131100
2024-11-15 00:00:00+09:00,113.0,113.0,109.0,110.0,197300
2024-11-18 00:00:00+09:00,110.0,112.0,108.0,109.0,207700
2024-11-19 00:00:00+09:00,109.0,114.0,109.0,113.0,258200
2024-11-20 00:00:00+09:00,114.0,115.0,112.0,114.0,94500
2024-11-21 00:00:00+09:00,116.0,120.0,116.0,118.0,401500
2024-11-22 00:00:00+09:00,119.0,128.0,117.0,121.0,1059800
2024-11-25 00:00:00+09:00,120.0,126.0,119.0,124.0,519400
2024-11-26 00:00:00+09:00,125.0,126.0,121.0,122.0,432200
2024-11-27 00:00:00+09:00,123.0,123.0,120.0,122.0,142000
2024-11-28 00:00:00+09:00,122.0,123.0,120.0,121.0,213200
2024-11-29 00:00:00+09:00,122.0,125.0,121.0,124.0,230400
2024-12-02 00:00:00+09:00,125.0,125.0,122.0,123.0,133400
2024-12-03 00:00:00+09:00,123.0,126.0,121.0,121.0,191100
2024-12-04 00:00:00+09:00,122.0,122.0,119.0,121.0,142700
2024-12-05 00:00:00+09:00,120.0,120.0,117.0,118.0,216000
2024-12-06 00:00:00+09:00,117.0,118.0,115.0,117.0,144200
2024-12-09 00:00:00+09:00,118.0,120.0,118.0,120.0,77100
2024-12-10 00:00:00+09:00,121.0,121.0,117.0,118.0,100400
2024-12-11 00:00:00+09:00,118.0,118.0,115.0,117.0,91500
2024-12-12 00:00:00+09:00,117.0,117.0,113.0,116.0,301000
2024-12-13 00:00:00+09:00,114.0,116.0,114.0,115.0,96500
2024-12-16 00:00:00+09:00,115.0,115.0,112.0,113.0,210000
2024-12-17 00:00:00+09:00,113.0,115.0,112.0,113.0,124000
2024-12-18 00:00:00+09:00,114.0,115.0,109.0,110.0,755400
2024-12-19 00:00:00+09:00,109.0,109.0,101.0,104.0,1289400
2024-12-20 00:00:00+09:00,104.0,107.0,101.0,104.0,548200
2024-12-23 00:00:00+09:00,104.0,104.0,99.0,103.0,557100
2024-12-24 00:00:00+09:00,104.0,110.0,104.0,107.0,827000
2024-12-25 00:00:00+09:00,107.0,108.0,103.0,104.0,525100
2024-12-26 00:00:00+09:00,105.0,108.0,105.0,105.0,332800
2024-12-27 00:00:00+09:00,108.0,111.0,104.0,109.0,601100
2024-12-30 00:00:00+09:00,109.0,110.0,106.0,110.0,309000
2025-01-06 00:00:00+09:00,109.0,110.0,107.0,107.0,166500
2025-01-07 00:00:00+09:00,107.0,108.0,105.0,106.0,145900
2025-01-08 00:00:00+09:00,107.0,109.0,106.0,108.0,149000
2025-01-09 00:00:00+09:00,109.0,109.0,106.0,108.0,77500
2025-01-10 00:00:00+09:00,107.0,107.0,105.0,106.0,132100
2025-01-14 00:00:00+09:00,105.0,107.0,104.0,105.0,163900
2025-01-15 00:00:00+09:00,105.0,106.0,105.0,105.0,35400
2025-01-16 00:00:00+09:00,106.0,106.0,105.0,105.0,65500
2025-01-17 00:00:00+09:00,105.0,106.0,103.0,106.0,414700
2025-01-20 00:00:00+09:00,105.0,107.0,105.0,106.0,123900
2025-01-21 00:00:00+09:00,106.0,106.0,103.0,103.0,173100
2025-01-22 00:00:00+09:00,104.0,105.0,103.0,103.0,87800
2025-01-23 00:00:00+09:00,104.0,105.0,102.0,104.0,190600
2025-01-24 00:00:00+09:00,104.0,106.0,103.0,106.0,126400
2025-01-27 00:00:00+09:00,105.0,108.0,105.0,107.0,81600
2025-01-28 00:00:00+09:00,108.0,109.0,107.0,107.0,71500
2025-01-29 00:00:00+09:00,108.0,108.0,106.0,107.0,65500
2025-01-30 00:00:00+09:00,106.0,107.0,105.0,106.0,109300
2025-01-31 00:00:00+09:00,106.0,109.0,105.0,107.0,161000
2025-02-03 00:00:00+09:00,107.0,108.0,103.0,107.0,190800
2025-02-04 00:00:00+09:00,106.0,108.0,106.0,106.0,110900
2025-02-05 00:00:00+09:00,108.0,108.0,104.0,107.0,157800
2025-02-06 00:00:00+09:00,107.0,110.0,105.0,109.0,178200
2025-02-07 00:00:00+09:00,109.0,117.0,107.0,109.0,759400
2025-02-10 00:00:00+09:00,110.0,114.0,109.0,113.0,231000
2025-02-12 00:00:00+09:00,112.0,113.0,109.0,113.0,409700
2025-02-13 00:00:00+09:00,115.0,117.0,112.0,116.0,380600
2025-02-14 00:00:00+09:00,115.0,115.0,112.0,113.0,294200
2025-02-17 00:00:00+09:00,118.0,129.0,116.0,124.0,1208000
2025-02-18 00:00:00+09:00,130.0,139.0,125.0,137.0,2172900
2025-02-19 00:00:00+09:00,150.0,158.0,138.0,139.0,5424400
2025-02-20 00:00:00+09:00,141.0,145.0,139.0,141.0,1251700
2025-02-21 00:00:00+09:00,144.0,171.0,142.0,154.0,6292900
2025-02-25 00:00:00+09:00,150.0,151.0,137.0,138.0,2601700
2025-02-26 00:00:00+09:00,136.0,151.0,136.0,147.0,1838800
2025-02-27 00:00:00+09:00,152.0,159.0,143.0,153.0,3106600
2025-02-28 00:00:00+09:00,151.0,151.0,142.0,148.0,1462200
2025-03-03 00:00:00+09:00,148.0,148.0,140.0,141.0,944400
2025-03-04 00:00:00+09:00,136.0,140.0,132.0,134.0,1074700
2025-03-05 00:00:00+09:00,130.0,133.0,125.0,129.0,1594100
2025-03-06 00:00:00+09:00,130.0,132.0,128.0,128.0,551000
2025-03-07 00:00:00+09:00,128.0,132.0,127.0,128.0,417700
2025-03-10 00:00:00+09:00,128.0,132.0,126.0,131.0,376800
2025-03-11 00:00:00+09:00,129.0,132.0,127.0,132.0,302100
2025-03-12 00:00:00+09:00,132.0,138.0,132.0,138.0,408200
2025-03-13 00:00:00+09:00,138.0,138.0,132.0,133.0,630900
2025-03-14 00:00:00+09:00,136.0,139.0,132.0,137.0,562900
2025-03-17 00:00:00+09:00,136.0,136.0,129.0,131.0,624100
2025-03-18 00:00:00+09:00,132.0,134.0,129.0,131.0,304700
2025-03-19 00:00:00+09:00,130.0,136.0,130.0,132.0,495300
2025-03-21 00:00:00+09:00,132.0,133.0,129.0,132.0,580500
2025-03-24 00:00:00+09:00,130.0,131.0,124.0,125.0,876700
2025-03-25 00:00:00+09:00,125.0,128.0,124.0,125.0,427300
2025-03-26 00:00:00+09:00,125.0,126.0,123.0,124.0,303800
2025-03-27 00:00:00+09:00,123.0,125.0,122.0,124.0,207000
2025-03-28 00:00:00+09:00,124.0,124.0,122.0,122.0,378900
2025-03-31 00:00:00+09:00,120.0,120.0,111.0,112.0,1485700
2025-04-01 00:00:00+09:00,162.0,162.0,150.0,162.0,8135800
2025-04-02 00:00:00+09:00,162.0,162.0,125.0,128.0,14187900
2025-04-03 00:00:00+09:00,123.0,123.0,115.0,116.0,4397600
2025-04-04 00:00:00+09:00,116.0,116.0,104.0,109.0,3294700
2025-04-07 00:00:00+09:00,95.0,104.0,93.0,98.0,2077900
2025-04-08 00:00:00+09:00,105.0,112.0,105.0,108.0,1446300
2025-04-09 00:00:00+09:00,107.0,112.0,103.0,107.0,1266100
2025-04-10 00:00:00+09:00,116.0,116.0,110.0,111.0,1110600
2025-04-11 00:00:00+09:00,108.0,115.0,107.0,115.0,875800
2025-04-14 00:00:00+09:00,116.0,116.0,113.0,115.0,658700
2025-04-15 00:00:00+09:00,116.0,165.0,116.0,136.0,39606600
2025-04-16 00:00:00+09:00,136.0,151.0,129.0,136.0,19403500
2025-04-17 00:00:00+09:00,134.0,145.0,131.0,137.0,5509000
2025-04-18 00:00:00+09:00,136.0,147.0,133.0,145.0,5270400
2025-04-21 00:00:00+09:00,144.0,147.0,137.0,137.0,2709300
2025-04-22 00:00:00+09:00,136.0,138.0,130.0,130.0,1878900
2025-04-23 00:00:00+09:00,132.0,137.0,126.0,136.0,3489300
2025-04-24 00:00:00+09:00,137.0,137.0,131.0,131.0,949300
2025-04-25 00:00:00+09:00,130.0,134.0,129.0,131.0,779200
2025-04-28 00:00:00+09:00,131.0,139.0,125.0,128.0,2698700
2025-04-30 00:00:00+09:00,128.0,129.0,124.0,129.0,774200
2025-05-01 00:00:00+09:00,128.0,128.0,125.0,127.0,426100
2025-05-02 00:00:00+09:00,126.0,127.0,124.0,126.0,473500
2025-05-07 00:00:00+09:00,126.0,128.0,125.0,128.0,523600
2025-05-08 00:00:00+09:00,129.0,129.0,124.0,127.0,940100
2025-05-09 00:00:00+09:00,126.0,129.0,125.0,127.0,392800
2025-05-12 00:00:00+09:00,128.0,130.0,126.0,128.0,679500
2025-05-13 00:00:00+09:00,129.0,132.0,127.0,129.0,742200
2025-05-14 00:00:00+09:00,127.0,137.0,124.0,133.0,2049100
2025-05-15 00:00:00+09:00,135.0,143.0,135.0,139.0,1804200
2025-05-16 00:00:00+09:00,138.0,155.0,138.0,152.0,2903200
2025-05-19 00:00:00+09:00,149.0,160.0,147.0,156.0,2147400
2025-05-20 00:00:00+09:00,156.0,173.0,156.0,173.0,3983100
2025-05-21 00:00:00+09:00,175.0,180.0,168.0,171.0,4059300
2025-05-22 00:00:00+09:00,174.0,191.0,170.0,187.0,6769400
2025-05-23 00:00:00+09:00,192.0,196.0,170.0,177.0,5114500
2025-05-26 00:00:00+09:00,182.0,188.0,175.0,177.0,2560400
2025-05-27 00:00:00+09:00,180.0,195.0,172.0,183.0,5142100
2025-05-28 00:00:00+09:00,185.0,193.0,183.0,192.0,2216100
2025-05-29 00:00:00+09:00,195.0,202.0,190.0,195.0,3666400
2025-05-30 00:00:00+09:00,200.0,218.0,195.0,214.0,8747200
2025-06-02 00:00:00+09:00,208.0,242.0,207.0,227.0,9124300
2025-06-03 00:00:00+09:00,227.0,236.0,216.0,229.0,4270700
2025-06-04 00:00:00+09:00,229.0,233.0,211.0,220.0,5155700
2025-06-05 00:00:00+09:00,222.0,247.0,220.0,243.0,5926200
2025-06-06 00:00:00+09:00,236.0,240.0,227.0,233.0,3390200
2025-06-09 00:00:00+09:00,236.0,251.0,235.0,245.0,3659300
2025-06-10 00:00:00+09:00,250.0,281.0,250.0,278.0,7011700
2025-06-11 00:00:00+09:00,297.0,342.0,280.0,335.0,17209600
2025-06-12 00:00:00+09:00,311.0,323.0,290.0,310.0,9104500
2025-06-13 00:00:00+09:00,310.0,332.0,302.0,303.0,8086400
2025-06-16 00:00:00+09:00,304.0,336.0,300.0,322.0,9811700
2025-06-17 00:00:00+09:00,321.0,351.0,320.0,351.0,7193300
2025-06-18 00:00:00+09:00,351.0,353.0,330.0,333.0,4076100
2025-06-19 00:00:00+09:00,333.0,406.0,330.0,379.0,19057400
2025-06-20 00:00:00+09:00,379.0,390.0,362.0,370.0,6770000
2025-06-23 00:00:00+09:00,370.0,414.0,370.0,402.0,9918200
2025-06-24 00:00:00+09:00,407.0,412.0,391.0,405.0,4522300
2025-06-25 00:00:00+09:00,413.0,417.0,340.0,350.0,10185200
2025-06-26 00:00:00+09:00,326.0,333.0,301.0,305.0,8404100
2025-06-27 00:00:00+09:00,299.0,305.0,274.0,286.0,6191500
2025-06-30 00:00:00+09:00,285.0,294.0,273.0,279.0,3397900
2025-07-01 00:00:00+09:00,276.0,276.0,251.0,251.0,3959700
2025-07-02 00:00:00+09:00,245.0,246.0,219.0,224.0,4646600
2025-07-03 00:00:00+09:00,226.0,237.0,217.0,229.0,4300800
2025-07-04 00:00:00+09:00,235.0,246.0,226.0,232.0,4255900
2025-07-07 00:00:00+09:00,239.0,251.0,220.0,227.0,4099200
2025-07-08 00:00:00+09:00,234.0,246.0,228.0,239.0,3241900
2025-07-09 00:00:00+09:00,242.0,261.0,241.0,249.0,5306200
2025-07-10 00:00:00+09:00,249.0,254.0,236.0,245.0,3261500
2025-07-11 00:00:00+09:00,249.0,251.0,238.0,251.0,2203900
2025-07-14 00:00:00+09:00,254.0,264.0,252.0,263.0,2718800
2025-07-15 00:00:00+09:00,264.0,290.0,264.0,269.0,5558200
2025-07-16 00:00:00+09:00,253.0,272.0,240.0,270.0,2913000
2025-07-17 00:00:00+09:00,272.0,288.0,271.0,283.0,2849300
2025-07-18 00:00:00+09:00,279.0,281.0,261.0,261.0,2343900
2025-07-22 00:00:00+09:00,264.0,287.0,264.0,287.0,2766900
2025-07-23 00:00:00+09:00,289.0,303.0,289.0,294.0,3609600
2025-07-24 00:00:00+09:00,294.0,298.0,282.0,290.0,1979900
2025-07-25 00:00:00+09:00,283.0,285.0,271.0,272.0,2313600
2025-07-28 00:00:00+09:00,279.0,284.0,272.0,276.0,1366300
2025-07-29 00:00:00+09:00,273.0,279.0,266.0,270.0,1420900
2025-07-30 00:00:00+09:00,274.0,276.0,246.0,254.0,2676000
2025-07-31 00:00:00+09:00,259.0,267.0,254.0,264.0,1308800
2025-08-01 00:00:00+09:00,264.0,269.0,262.0,262.0,705100
2025-08-04 00:00:00+09:00,260.0,276.0,254.0,269.0,1568600
2025-08-05 00:00:00+09:00,273.0,277.0,266.0,271.0,919800
2025-08-06 00:00:00+09:00,272.0,272.0,255.0,256.0,1388000
2025-08-07 00:00:00+09:00,257.0,262.0,256.0,259.0,792900
2025-08-08 00:00:00+09:00,261.0,265.0,256.0,262.0,740000
2025-08-12 00:00:00+09:00,264.0,265.0,257.0,264.0,596400
2025-08-13 00:00:00+09:00,265.0,265.0,256.0,256.0,722600
2025-08-14 00:00:00+09:00,296.0,336.0,293.0,336.0,10348000
2025-08-15 00:00:00+09:00,352.0,363.0,309.0,321.0,9330500
2025-08-18 00:00:00+09:00,315.0,319.0,287.0,293.0,5040800
2025-08-19 00:00:00+09:00,300.0,302.0,281.0,284.0,2329800
2025-08-20 00:00:00+09:00,281.0,286.0,247.0,247.0,3965900
2025-08-21 00:00:00+09:00,270.0,275.0,257.0,258.0,3476700
2025-08-22 00:00:00+09:00,257.0,258.0,247.0,252.0,1930700
2025-08-25 00:00:00+09:00,249.0,251.0,238.0,239.0,1733600
2025-08-26 00:00:00+09:00,240.0,243.0,236.0,239.0,946700
2025-08-27 00:00:00+09:00,239.0,243.0,236.0,238.0,834000
2025-08-28 00:00:00+09:00,238.0,245.0,236.0,242.0,1141500
2025-08-29 00:00:00+09:00,245.0,258.0,244.0,255.0,1828900
2025-09-01 00:00:00+09:00,254.0,263.0,253.0,257.0,1284000
2025-09-02 00:00:00+09:00,260.0,275.0,258.0,272.0,1813700
2025-09-03 00:00:00+09:00,273.0,274.0,260.0,269.0,1549600
2025-09-04 00:00:00+09:00,268.0,274.0,260.0,269.0,1392000
2025-09-05 00:00:00+09:00,269.0,281.0,268.0,281.0,1580100
2025-09-08 00:00:00+09:00,278.0,281.0,273.0,279.0,844000
2025-09-09 00:00:00+09:00,280.0,282.0,270.0,274.0,1175900
2025-09-10 00:00:00+09:00,276.0,276.0,260.0,263.0,1088900
2025-09-11 00:00:00+09:00,264.0,270.0,256.0,258.0,1113900
2025-09-12 00:00:00+09:00,260.0,261.0,252.0,258.0,684400
2025-09-16 00:00:00+09:00,254.0,268.0,251.0,265.0,1052500
2025-09-17 00:00:00+09:00,267.0,268.0,260.0,263.0,434700
2025-09-18 00:00:00+09:00,266.0,274.0,261.0,266.0,1411700
2025-09-19 00:00:00+09:00,269.0,275.0,265.0,274.0,1056100
2025-09-22 00:00:00+09:00,274.0,276.0,269.0,274.0,627900
2025-09-24 00:00:00+09:00,273.0,278.0,270.0,271.0,960600
2025-09-25 00:00:00+09:00,271.0,273.0,266.0,271.0,682600
2025-09-26 00:00:00+09:00,271.0,282.0,265.0,278.0,1370300
2025-09-29 00:00:00+09:00,282.0,282.0,272.0,280.0,1174000
2025-09-30 00:00:00+09:00,280.0,280.0,263.0,267.0,1092700
2025-10-01 00:00:00+09:00,254.0,260.0,240.0,249.0,1853700
2025-10-02 00:00:00+09:00,249.0,255.0,244.0,249.0,848600
2025-10-03 00:00:00+09:00,249.0,249.0,240.0,243.0,867500
2025-10-06 00:00:00+09:00,246.0,246.0,237.0,239.0,801300
2025-10-07 00:00:00+09:00,248.0,258.0,241.0,243.0,1941500
2025-10-08 00:00:00+09:00,250.0,252.0,240.0,248.0,1202600
2025-10-09 00:00:00+09:00,248.0,265.0,247.0,265.0,1239100
2025-10-10 00:00:00+09:00,264.0,273.0,259.0,265.0,1247400
2025-10-14 00:00:00+09:00,261.0,264.0,250.0,250.0,1061000
2025-10-15 00:00:00+09:00,250.0,260.0,247.0,259.0,562400
2025-10-16 00:00:00+09:00,260.0,262.0,258.0,262.0,383000
2025-10-17 00:00:00+09:00,266.0,267.0,242.0,245.0,1619300
2025-10-20 00:00:00+09:00,249.0,263.0,246.0,254.0,986500
2025-10-21 00:00:00+09:00,253.0,264.0,250.0,257.0,925800
2025-10-22 00:00:00+09:00,257.0,263.0,255.0,261.0,462500
2025-10-23 00:00:00+09:00,259.0,259.0,249.0,253.0,657000
2025-10-24 00:00:00+09:00,251.0,253.0,247.0,251.0,433700
2025-10-27 00:00:00+09:00,250.0,254.0,248.0,250.0,393100
2025-10-28 00:00:00+09:00,248.0,248.0,239.0,241.0,717300
2025-10-29 00:00:00+09:00,241.0,250.0,228.0,231.0,3080500
2025-10-30 00:00:00+09:00,232.0,247.0,232.0,242.0,942200
2025-10-31 00:00:00+09:00,243.0,254.0,243.0,253.0,813600
2025-11-04 00:00:00+09:00,251.0,254.0,246.0,246.0,458000
2025-11-05 00:00:00+09:00,248.0,250.0,241.0,250.0,496000
2025-11-06 00:00:00+09:00,250.0,256.0,247.0,250.0,423300
2025-11-07 00:00:00+09:00,245.0,250.0,244.0,245.0,253200
2025-11-10 00:00:00+09:00,247.0,249.0,244.0,247.0,241600
2025-11-11 00:00:00+09:00,247.0,249.0,241.0,241.0,422800
2025-11-12 00:00:00+09:00,242.0,255.0,242.0,255.0,626400
2025-11-13 00:00:00+09:00,253.0,254.0,249.0,250.0,389700
2025-11-14 00:00:00+09:00,251.0,266.0,251.0,263.0,1800000
2025-11-17 00:00:00+09:00,260.0,261.0,242.0,244.0,1605200
2025-11-18 00:00:00+09:00,244.0,245.0,232.0,233.0,1568900
2025-11-19 00:00:00+09:00,235.0,242.0,232.0,236.0,637000
2025-11-20 00:00:00+09:00,238.0,238.0,231.0,234.0,515800
2025-11-21 00:00:00+09:00,231.0,235.0,230.0,235.0,709100
2025-11-25 00:00:00+09:00,235.0,238.0,226.0,226.0,859900
2025-11-26 00:00:00+09:00,231.0,236.0,224.0,233.0,1325000
2025-11-27 00:00:00+09:00,237.0,247.0,237.0,244.0,1006700
2025-11-28 00:00:00+09:00,242.0,253.0,241.0,249.0,798800
2025-12-01 00:00:00+09:00,249.0,249.0,240.0,245.0,692500
2025-12-02 00:00:00+09:00,248.0,250.0,238.0,238.0,649000
2025-12-03 00:00:00+09:00,238.0,238.0,224.0,227.0,931000
2025-12-04 00:00:00+09:00,225.0,231.0,224.0,226.0,563600
2025-12-05 00:00:00+09:00,222.0,227.0,216.0,217.0,967800
2025-12-08 00:00:00+09:00,217.0,221.0,211.0,220.0,706700
2025-12-09 00:00:00+09:00,218.0,221.0,216.0,219.0,498200
2025-12-10 00:00:00+09:00,217.0,221.0,216.0,220.0,416600
2025-12-11 00:00:00+09:00,217.0,218.0,209.0,211.0,643900
2025-12-12 00:00:00+09:00,214.0,217.0,208.0,209.0,665100
2025-12-15 00:00:00+09:00,206.0,212.0,205.0,209.0,416600
2025-12-16 00:00:00+09:00,209.0,209.0,204.0,205.0,379400
2025-12-17 00:00:00+09:00,206.0,207.0,198.0,200.0,539500
2025-12-18 00:00:00+09:00,197.0,200.0,195.0,195.0,462700
2025-12-19 00:00:00+09:00,197.0,204.0,196.0,202.0,580500
2025-12-22 00:00:00+09:00,204.0,205.0,193.0,196.0,571600
2025-12-23 00:00:00+09:00,196.0,199.0,193.0,196.0,603000
2025-12-24 00:00:00+09:00,195.0,201.0,195.0,198.0,457400
2025-12-25 00:00:00+09:00,196.0,211.0,196.0,210.0,970000
2025-12-26 00:00:00+09:00,213.0,215.0,205.0,205.0,719600
2025-12-29 00:00:00+09:00,206.0,209.0,202.0,208.0,410700
2025-12-30 00:00:00+09:00,206.0,208.0,203.0,203.0,371200
2026-01-05 00:00:00+09:00,205.0,215.0,204.0,212.0,819400
2026-01-06 00:00:00+09:00,215.0,221.0,214.0,215.0,541000
2026-01-07 00:00:00+09:00,215.0,225.0,213.0,225.0,640100
2026-01-08 00:00:00+09:00,226.0,234.0,224.0,225.0,642700
2026-01-09 00:00:00+09:00,238.0,239.0,228.0,234.0,917100
2026-01-13 00:00:00+09:00,239.0,240.0,232.0,236.0,640300
2026-01-14 00:00:00+09:00,238.0,241.0,235.0,238.0,628000
2026-01-15 00:00:00+09:00,238.0,253.0,238.0,253.0,993100
2026-01-16 00:00:00+09:00,255.0,260.0,244.0,260.0,1299900
2026-01-19 00:00:00+09:00,260.0,261.0,255.0,258.0,688800
2026-01-20 00:00:00+09:00,258.0,258.0,245.0,247.0,1044300
2026-01-21 00:00:00+09:00,240.0,248.0,236.0,248.0,759700
2026-01-22 00:00:00+09:00,280.0,320.0,257.0,277.0,22214400
2026-01-23 00:00:00+09:00,274.0,305.0,266.0,302.0,8962400
2026-01-26 00:00:00+09:00,297.0,297.0,271.0,275.0,6930700
2026-01-27 00:00:00+09:00,277.0,283.0,272.0,279.0,1184700
2026-01-28 00:00:00+09:00,273.0,273.0,254.0,254.0,2356100
2026-01-29 00:00:00+09:00,253.0,256.0,243.0,255.0,1661800
2026-01-30 00:00:00+09:00,252.0,253.0,244.0,245.0,653300
2026-02-02 00:00:00+09:00,245.0,253.0,245.0,248.0,583500
2026-02-03 00:00:00+09:00,253.0,258.0,244.0,244.0,845000
